SPOT_ID,TRACK_ID,PREV_TRACK_ID,POSITION_X,POSITION_Y,FRAME,ELLIPSE_MAJOR,ELLIPSE_MINOR,ELLIPSE_THETA,ELLIPSE_ASPECTRATIO,AREA,ANGLE,ANGULAR_VELOCITY,TOTAL_DISPLACEMENT_VECTOR,TOTAL_DISPLACEMENT,FRAME_GAP,STEP_SPEED,MSD_LAG_TIME,MSD,CLASS,SPOT_LABEL,NEIGHBOUR,NEIGHBOUR_UNCERTAIN,CONTACT,UPDATE_NEIGHBOUR,CONTACT_ANGLE (deg),DISP_RELATIVE_ANGLE (deg),REVERSAL,CONTACT_REVERSAL,UPDATE_NEIGHBOUR_CORRECTED,CONTACT_CORRECTED,REVERSAL_CORRECTED,CONTACT_REVERSAL_CORRECTED,CONTACT_ANGLE_CORRECTED (deg),RESCALED_ANGLE (deg)
299824,0,,84.0337313332316,120.45203613432972,1,2.089734762147958,0.5309203102365191,1.4460540819907688,3.936061065768994,3.348312667415633,,,"[0.11015400067776682, 0.17993700643663146]",0.2109768474280858,1,0.2109768474280858,1,0.3597998259185695,moving,1845,[],[],0.0,[],,,0,0.0,[],0.0,0,0.0,,
304560,0,,84.0089475187,120.80482299504914,2,2.102260920544411,0.5439209083167271,1.5541014742734998,3.865012152318765,3.373662668683122,0.6194642373714911,,"[-0.02478381453160239, 0.35278686071941934]",0.3536563396278933,1,0.3536563396278933,2,1.0288312936536042,moving,1859,[],[],0.0,[],,,0,0.0,[],0.0,0,0.0,,
306158,0,,84.10224234854758,121.7370365464225,3,2.116866278477641,0.511061445730823,1.6632693798236475,4.142097386059911,3.3208501660424905,0.1698829835347798,-0.4495812538367113,"[0.09329482984757931, 0.9322135513733656]",0.936870338222121,1,0.936870338222121,3,1.8525984021684556,moving,1884,[],[],0.0,[],,23.332061813205613,0,0.0,[],0.0,0,0.0,,
299879,0,,83.88493421168872,122.42137413167914,9,2.1714519652981603,0.505028629450603,1.8243685993144576,4.299661125470018,3.293387664669386,1.940406109976921,1.4813406499445578,"[0.019501532179248215, -0.04655350985042617]",0.0504731516425513,1,0.0504731516425513,9,7.880484239666976,moving,1921,[],[],0.0,[],,176.02369604304457,1,0.0,[1936],1.0,1,1.0,[44.36731158764455],[44.36731158764455]
297896,0,,84.11980760582499,121.82794896597824,10,2.155681279007967,0.5025585534329856,1.7464540242890734,4.289413172420354,3.3398626669931235,0.0198232386487343,-1.9205828713281867,"[0.2348733941362724, -0.5934251657008929]",0.6382154327186275,1,0.6382154327186275,10,9.133632899389244,moving,1923,[],[],0.0,[],,24.567219316344893,0,0.0,[],0.0,0,0.0,,
293736,0,,84.05637989348513,120.60704231927126,13,2.0875825208261034,0.5266829889972945,1.535784393125599,3.963641439797531,3.278600163930007,0.7592160099475163,0.4946641157817872,"[-0.1146574341687625, -0.08482388532648599]",0.1426233456768034,1,0.1426233456768034,13,13.409195204662224,moving,1901,[1883],[],1.0,[1883],[73.559058867864],40.70887647895982,0,0.0,[1883],1.0,0,0.0,[73.559058867864],[73.559058867864]
328595,0,,83.33533363586716,119.85205673608912,15,2.115362713527399,0.524805130483598,0.8239523615610599,4.030758448527613,3.360987668049372,0.921096904001118,0.5978449337295151,"[-0.19811994112326659, -0.00775002888612164]",0.1982714654669762,1,0.1982714654669762,15,16.763866303602548,moving,1899,[],[],0.0,[],,156.42926297738788,1,0.0,[],0.0,1,0.0,,
322990,0,,83.60510638715584,120.58876500886494,17,2.137842403313192,0.5409877274234776,1.0327414210657937,3.951739189158572,3.375775168788768,0.0559271307912772,-1.9139748968726205,"[0.037763028122441256, 0.12033607121649936]",0.1261222277348394,1,0.1261222277348394,17,20.274597718014597,moving,1919,[],[],0.0,[],,1.375781224639833,0,0.0,[],0.0,0,0.0,,
327210,0,,83.7749924294056,121.0203144515957,18,2.0785240956207485,0.5168044688755924,1.3528825910587907,4.021877171733785,3.278600163930013,0.0709528906900879,0.0150257598988107,"[0.16988604224975745, 0.4315494427307556]",0.4637846363049471,1,0.4637846363049471,18,21.98242063825135,moving,1937,[],[],0.0,[],,172.8892570151947,0,0.0,[1982],1.0,1,1.0,[24.454850275882265],[24.454850275882265]
325591,0,,83.43927013896005,119.71058906768012,19,2.1716500606303915,0.5139394771442285,1.089319103297651,4.225497665011933,3.403237670161883,3.017486776241851,2.946533885551763,"[-0.33572229044554547, -1.309725383915577]",1.3520687991277696,1,1.3520687991277696,19,23.77891558518314,moving,1916,[],[],0.0,[],,166.04430263398967,0,0.0,[1887],1.0,1,1.0,[38.602904497074604],[38.602904497074604]
320059,0,,83.44219205828225,120.10786327640984,20,2.1098064646082726,0.5081887875106836,1.2132814845564373,4.1516194698882805,3.2933876646693774,2.8980197851410123,-0.1194669911008388,"[0.002921919322190547, 0.3972742087297121]",0.3972849538232529,1,0.3972849538232529,20,25.93220265230418,moving,1929,[1974],[1974],1.0,[1974],[35.55884357583355],30.892994519302555,0,0.0,[1974],1.0,1,1.0,[35.55884357583355],[35.55884357583355]
326887,0,,83.27350187311248,120.39456729706838,21,2.138578465681217,0.5136174900149947,1.3275075032012835,4.163757090162141,3.373662668683123,0.5391844701623711,-2.3588353149786414,"[-0.16869018516976553, 0.28670402065854717]",0.332649325919032,1,0.332649325919032,21,28.360748260210677,moving,1912,[],[],0.0,[],,42.86960128486098,0,0.0,[],0.0,0,0.0,,
324791,0,,83.37663860461103,120.86373794831442,22,2.1076464607081364,0.5007001663582837,1.3486239005262586,4.209398363171259,3.2701501635075,0.748215691437994,0.2090312212756229,"[0.10313673149855163, 0.4691706512460456]",0.4803730689524995,1,0.4803730689524995,22,31.054344212100784,moving,1940,[],[],0.0,[],,6.5684631610741295,0,0.0,[],0.0,0,0.0,,
327489,0,,83.68311850098385,121.75551528611489,23,2.1242706796572035,0.5108681380993062,1.443075265660034,4.158158478155615,3.2786001639300166,0.1146413089566981,-0.6335743824812958,"[0.3064798963728208, 0.8917773378004625]",0.9429722939170456,1,0.9429722939170456,23,34.084997317675075,moving,1947,[],[],0.0,[],,6.09074191999201,0,0.0,[],0.0,0,0.0,,
331642,0,,83.88928674858815,122.65744885724646,25,2.1317944606810464,0.504778873699331,1.7299848719734852,4.223224409250611,3.31240016562001,0.8391837419688971,0.8021434454618656,"[-0.08061888235216941, 0.1582714978802784]",0.1776211452304592,1,0.1776211452304592,25,40.43416318264378,moving,1978,[],[],0.0,[],,0.876696134159892,0,0.0,[],0.0,0,0.0,,
330335,0,,84.12311829659076,123.75763138000228,26,2.189376805536704,0.5078411630412966,1.7325213832384485,4.311144832028253,3.348312667415625,0.6805387109881668,-0.1586450309807303,"[0.23383154800261252, 1.1001825227558157]",1.124757207675794,1,1.124757207675794,26,43.66762202141664,moving,2000,[],[],0.0,[],,9.6383436961683,0,0.0,[],0.0,0,0.0,,
334245,0,,84.48533182464374,124.67073770089377,27,2.140156597107906,0.5027285581404626,1.545101050415465,4.257081803795091,3.2088876604443803,0.1682208319369768,-0.51231787905119,"[0.36221352805297613, 0.9131063208914867]",0.9823246882556556,1,0.9823246882556556,27,46.93014390856249,moving,2028,[],[],0.0,[],,167.87316169407802,0,0.0,[2091],1.0,1,1.0,[1.545652454360777],[1.545652454360777]
341189,0,,84.4038972042552,124.1846526884734,30,2.2176422161456166,0.4877526455010626,1.3896706578564322,4.546653383842662,3.215225160761249,3.0710086332762856,2.881608056517444,"[0.0018856073143638241, 0.17978542269953834]",0.1797953106457331,1,0.1797953106457331,30,56.96537943240579,moving,2023,[],[],0.0,[],,177.5999530522786,0,0.0,[],0.0,0,0.0,,
354706,0,,84.65258544967026,125.36368368968104,31,2.1465281614701985,0.5086167259859212,1.1436710096325475,4.220325545349084,3.295500164774995,0.1973911639850839,-2.8736174692912018,"[0.2486882454150532, 1.1790310012076333]",1.204973006011459,1,1.204973006011459,31,60.32535181099989,moving,2042,[],[],0.0,[],,29.972746809441517,0,0.0,[],0.0,0,0.0,,
357850,0,,85.4143252965534,126.21315372542666,35,2.133775867596634,0.4834502601317176,1.4795988524590045,4.413640954532282,3.149737657486888,2.261386401902309,2.0282266073131887,"[-0.10571326244759405, 0.10616155334204791]",0.1498184543549638,1,0.1498184543549638,35,72.84997383469867,moving,2071,[],[],0.0,[],,30.37088292621418,0,0.0,[],0.0,0,0.0,,
357920,0,,85.54946452186353,126.87664646393458,36,2.1854660154503174,0.4888226358142669,-1.4044344058542733,4.470877278033228,3.238462661923138,0.9842124298350042,-1.2771739720673048,"[0.13513922531012668, 0.6634927385079123]",0.6771153699851674,1,0.6771153699851674,36,75.5857825599665,moving,2076,[],[],0.0,[],,37.34778749233267,0,0.0,[],0.0,0,0.0,,
363051,0,,85.27589533269094,127.44166183478217,40,2.1432891414239523,0.5001400392749769,1.3494297343715511,4.285378040380351,3.2933876646693787,0.2246732935718625,-1.9956205271796008,"[-0.16074908480163685, 0.004817045834698774]",0.1608212429846798,1,0.1608212429846798,40,79.06920631310922,moving,2102,[],[],0.0,[],,167.8115145781172,0,0.0,[],0.0,0,0.0,,
374407,0,,85.40818107177796,127.27248886683674,43,2.13373223151607,0.5274908107562174,0.9927584523854016,4.045060478792275,3.443375172168757,0.441847536483641,-2.135979605520503,"[0.17321503826877915, 0.2228260371379207]",0.2822319831433791,1,0.2822319831433791,43,83.20694564616842,moving,2097,[],[],0.0,[],,134.65221158144885,0,0.0,[2072],1.0,1,1.0,[34.55375757057939],[34.55375757057939]
390158,0,,85.53419568674349,128.25293331385183,44,2.147130663593362,0.5155448856550342,0.6876371947582701,4.164779291458374,3.405350170267509,0.5329527359681864,0.0911051994845453,"[0.12601461496552702, 0.9804444470150884]",0.988509482436882,1,0.988509482436882,44,85.20777092858955,moving,2134,[],[],0.0,[],,21.984096122492353,0,0.0,[],0.0,0,0.0,,
373046,0,,85.79476448679306,128.7171084811198,45,2.1942856249541065,0.5198474748853472,0.4699447242749608,4.221018146597823,3.4518251725912665,0.3836948604124102,-0.1492578755557762,"[0.26056880004956895, 0.4641751672679675]",0.5323107038821574,1,0.5323107038821574,45,85.60515046734655,moving,2152,[],[],0.0,[],,22.596062802788836,0,0.0,[],0.0,0,0.0,,
381713,0,,86.7399656522633,129.45813109780843,46,2.203659234073408,0.4886609464702847,0.3032987118218759,4.509587373394512,3.230012661500654,0.3943756938960833,0.0106808334836731,"[0.9452011654702375, 0.7410226166886389]",1.2010494418009496,1,1.2010494418009496,46,85.66565262977285,moving,2154,[],[],0.0,[],,36.62343549345186,0,0.0,[],0.0,0,0.0,,
383708,0,,87.22727542332827,129.47065722566032,47,2.180943026179428,0.5162364597839345,0.526700018754511,4.22469778111418,3.4159126707956307,0.6391995327524891,0.2448238388564057,"[0.48730977106497164, 0.012526127851884894]",0.4874707343567989,1,0.4874707343567989,47,85.69508743703825,moving,2165,[],[],0.0,[],,46.79080800725618,0,0.0,[],0.0,0,0.0,,
379507,0,,87.57665524638234,129.86228653803676,48,2.1198950283368987,0.5097698793925256,0.2679648962332013,4.158533318726287,3.3631001681550035,0.8166536593951471,0.177454126642658,"[0.349379823054079, 0.3916293123764376]",0.5248235694685794,1,0.5248235694685794,48,85.46365172810481,moving,2163,[],[],0.0,[],,37.777740391305166,0,0.0,[],0.0,0,0.0,,
378741,0,,88.53196164512102,130.0390922556494,51,2.208135700557159,0.5101150385795686,-0.0205223885460468,4.328701437044049,3.445487672274376,0.2569859521876824,-0.0457718654869785,"[0.23641855532316924, 0.030623613822172047]",0.2383936639775142,1,0.2383936639775142,51,85.36103183789197,moving,2171,[],[],0.0,[],,112.98007207960626,1,0.0,[],0.0,0,0.0,,
392290,0,,88.39221262263004,129.40844182630988,55,2.2675577718240323,0.4819332116279132,-0.049252669818271,4.70512867159433,3.4285876714293773,0.5933939955645525,0.2692614573201857,"[-0.2623996101541337, -0.19034117556074648]",0.3241655726984102,1,0.3241655726984102,55,93.03808758209428,moving,2180,[],[],0.0,[],,63.801506763001264,0,0.0,[],0.0,0,0.0,,
399622,0,,88.01905396095651,129.3174484152981,56,2.2361414443939727,0.4844445270795133,2.8067793557169587,4.61588751528397,3.339862666993138,0.3883828422807608,-0.2050111532837916,"[-0.3731586616735285, -0.09099341101179448]",0.3840926810413605,1,0.3840926810413605,56,99.92390905650146,moving,2169,[],[],0.0,[],,69.55947402091034,0,0.0,[],0.0,0,0.0,,
399972,0,,87.39548420595085,130.23691945759296,57,2.2369885760900554,0.5119944971418229,2.6064891738618963,4.369165271458782,3.4074626703731616,1.2140418476203445,0.8256590053395836,"[-0.6235697550056614, 0.9194710422948731]",1.110975353901535,1,1.110975353901535,57,110.2105128457186,moving,2185,[2228],[],1.0,[2228],[143.05118777365226],13.968543806364924,0,0.0,[2228],1.0,0,0.0,[143.05118777365226],[36.94881222634774]
400475,0,,86.7696378206527,130.79820299090252,58,2.205173960464447,0.4819211616398391,2.772101581908083,4.575798151218083,3.2807126640356263,0.2437970811301292,-0.9702447664902152,"[-0.6258463852981464, 0.5612835333095632]",0.8406681287852082,1,0.8406681287852082,58,115.36535404104526,moving,2218,[2244],[],1.0,[2244],[14.945912652490058],,0,0.0,[2244],1.0,0,0.0,[14.945912652490058],[14.945912652490058]
400779,0,,86.15100497863077,130.8129693720168,59,2.193230680567137,0.4799707440760361,2.8319876587090964,4.569509095370384,3.240575162028774,0.707201176151175,0.4634040950210457,"[-0.6186328420219382, 0.014766381114270644]",0.6188090490929753,1,0.6188090490929753,59,116.07137942196046,moving,2230,[],[],0.0,[],,,0,0.0,[],0.0,0,0.0,,
294921,1,,25.56661018808271,78.57647872676692,0,2.352044383740487,0.4969835377167608,1.0674343562845476,4.732640430196616,3.6060376803018848,,,"[0.0, 0.0]",0.0,0,0.0,0,0.0,moving,1186,[1263],[1263],1.0,[1263],[6.959110400211202],,0,0.0,[],0.0,0,0.0,,
290898,1,,26.00018048209721,79.53092499914784,1,2.4004849583250047,0.500007746297291,1.1371364585809838,4.800895538321805,3.690537684526885,,,"[0.4335702940145012, 0.9544462723809204]",1.0483085837260206,1,1.0483085837260206,1,1.1387778740862753,moving,1202,[1274],[1274],1.0,[1274],[4.311761901982408],,0,0.0,[],0.0,0,0.0,,
300288,1,,26.323846027927644,80.97502968890807,2,2.330868361068969,0.4989210776670908,1.206065807262234,4.671817779212487,3.627162681358125,0.20590882896316,,"[0.3236655458304334, 1.4441046897602234]",1.479931667525627,1,1.479931667525627,2,4.058989538367834,moving,1231,[1309],[1309],1.0,[1309],[5.00756425827241],4.319064524654638,0,0.0,[],0.0,0,0.0,,
304348,1,,26.791944154733013,82.51071641701476,3,2.412877899202646,0.495682292546819,1.1900690328469834,4.867791195052103,3.6694126834706298,0.0753818965613072,-0.1305269324018527,"[0.4680981268053692, 1.5356867281066968]",1.6054437340504173,1,1.6054437340504173,3,8.324918548729674,moving,1266,[1341],[1341],1.0,[1341],[11.72950350588333],16.71075406288645,0,0.0,[],0.0,0,0.0,,
294484,1,,27.412690311641825,83.44280046866878,4,2.401950251252271,0.524522800306165,1.1413545420832714,4.579305703870732,3.787712689385629,0.2916576788883881,0.2162757823270809,"[0.6207461569088117, 0.9320840516540159]",1.1198689524515024,1,1.1198689524515024,4,13.591978248844825,moving,1302,[1368],[],1.0,[1368],[14.00390951000847],5.046350830176462,0,0.0,[],0.0,0,0.0,,
304127,1,,28.20796644593963,84.43514655532208,5,2.3621720469235448,0.5239834650816885,0.9112592212469152,4.508104175682881,3.8025001901250057,0.0880754371973284,-0.2035822416910596,"[0.7952761342978043, 0.9923460866532992]",1.271697639173627,1,1.271697639173627,5,19.808729827095064,moving,1308,[1364],[1364],1.0,[1364],[6.638915731092538],5.492747412568467,0,0.0,[],0.0,0,0.0,,
301820,1,,29.15851924748091,85.88684254426722,6,2.3965847287742044,0.4977117829202744,1.2410448744653313,4.815205930453328,3.688425184421253,0.0958665273297191,0.0077910901323906,"[0.9505528015412814, 1.451695988945147]",1.735215223779865,1,1.735215223779865,6,26.745110990542955,moving,1330,[1388],[1388],1.0,[1388],[27.91778019825439],19.496122565899036,0,0.0,[],0.0,0,0.0,,
292266,1,,29.634968322869938,87.83832980845989,7,2.3555458173172523,0.5086819842168292,0.866245526550543,4.630684573867638,3.692650184632505,0.3402715301473033,0.2444050028175842,"[0.47644907538902714, 1.9514872641926644]",2.008807174356272,1,2.008807174356272,7,34.35391771839901,moving,1371,[1424],[1424],1.0,[1424],[14.8696483264807],7.550255728779376,0,0.0,[],0.0,0,0.0,,
294544,1,,29.743071467883297,88.83832702186498,8,2.306920127333738,0.5565806623538648,0.5259646177948063,4.144808261173537,3.713775185688776,0.131776821834764,-0.2084947083125392,"[0.10810314501335938, 0.999997213405095]",1.0058234023822146,1,1.0058234023822146,8,42.29111259105854,moving,1392,[1432],[1432],1.0,[1432],[6.214067319800961],64.17690042627012,0,0.0,[],0.0,0,0.0,,
294610,1,,30.31152934025313,89.0413405806124,9,2.387272255797438,0.5120248018713172,0.7525586592863397,4.662415271823905,3.646175182308757,1.120098216162968,0.988321394328204,"[0.5684578723698372, 0.2030135587474149]",0.6036214523147204,1,0.6036214523147204,9,50.670443937065215,moving,1390,[1436],[1436],1.0,[1436],[9.822064945192437],30.34066587669421,0,0.0,[],0.0,0,0.0,,
291744,1,,30.916345076222395,89.76197491534572,10,2.472345411938721,0.4952473514296074,0.5613271415477166,4.992142622877067,3.658850182942503,0.529544516795811,-0.590553699367157,"[0.604815735969261, 0.7206343347333188]",0.9408059942796771,1,0.9408059942796771,10,59.25736222700548,moving,1415,[1447],[1447],1.0,[1447],[13.899666393106372],13.486428522134254,0,0.0,[],0.0,0,0.0,,
331540,1,,32.20886372899032,90.71864767262554,14,2.406953738459412,0.4817343397129757,1.0026887512631528,4.996433801861644,3.593362679668127,0.9662869996471356,0.712638417662858,"[0.055093803331701, 0.23415863052842667]",0.2405526790881789,1,0.2405526790881789,14,94.105347442505,moving,1421,[1487],[1487],1.0,[1487],[10.123290379624507],3.477447958391668,0,0.0,[],0.0,0,0.0,,
314679,1,,32.516172485132074,90.91844498708664,16,2.3504763929570087,0.5211831796758222,0.9443058088262786,4.509885362031471,3.79827518991375,2.430905717271375,2.203366874848791,"[0.07153157739790572, -0.27774424933946307]",0.2868076613449759,1,0.2868076613449759,16,112.03902705565078,moving,1424,[1487],[1487],1.0,[1487],[5.827669150198361],28.39517750610128,0,0.0,[],0.0,0,0.0,,
322420,1,,32.99067277481311,90.95691245643404,18,2.429160615990437,0.4984868134167038,0.7341320437274488,4.873068957111631,3.665187683259383,1.2602366187011116,0.2515413737582062,"[0.11078678033709366, 0.1549886121554067]",0.1905129407555259,1,0.1905129407555259,18,127.49564053231254,moving,1438,[1492],[1492],1.0,[1492],[16.81442657413575],73.8406667378003,0,0.0,[],0.0,0,0.0,,
319090,1,,33.066259772040446,91.32762186887206,19,2.436496124078233,0.5088406720245889,0.6360026578227662,4.78832817035603,3.739125186956256,0.4194528304751818,-0.8407837882259297,"[0.07558699722733309, 0.3707094124380035]",0.3783369696711843,1,0.3783369696711843,19,134.20840818604498,moving,1448,[],[],0.0,[],,164.03203283846508,1,0.0,[],0.0,1,0.0,,
322891,1,,32.80028670808138,90.81652903439452,21,2.469791724964835,0.5058888602067629,0.7617094301587624,4.88208363385468,3.7623626881181327,0.8025768740858576,-2.248317464692806,"[-0.2289066018699657, -0.17684147528069616]",0.2892596407366711,1,0.2892596407366711,21,145.23061816148976,moving,1434,[],[],0.0,[],,13.29321111286252,0,0.0,[],0.0,0,0.0,,
320242,1,,32.222994846327744,90.14739268044168,22,2.364501113422369,0.5075248155052602,0.9311406661669024,4.658887686247261,3.663075183153753,0.2011746553734769,-0.6014022187123806,"[-0.5772918617536362, -0.669136353952851]",0.8837473359667313,1,0.8837473359667313,22,150.2576347258304,moving,1429,[1484],[1484],1.0,[1484],[18.55174262055715],88.46049682443314,0,0.0,[1484],1.0,0,0.0,[18.55174262055715],[18.55174262055715]
322959,1,,31.87297378243194,90.4333332572891,23,2.3395166165430323,0.5207731366036773,0.8567471341821179,4.492391124090314,3.7665876883293823,1.5439269275363814,1.3427522721629044,"[-0.35002106389580234, 0.28594057684743746]",0.4519698647682106,1,0.4519698647682106,23,154.9849051650401,moving,1433,[1395],[],1.0,[1395],[75.22794004576966],30.38867784260886,0,0.0,[1395],1.0,0,0.0,[75.22794004576966],[75.22794004576966]
328748,1,,30.989538542493715,90.5710047069626,24,2.421276973976307,0.5029015802652694,0.8520909635236191,4.81461397019102,3.747575187378762,0.5303824836813961,-1.0135444438549852,"[-0.8834352399382261, 0.13767144967349054]",0.8940980098512197,1,0.8940980098512197,24,160.4680160974134,moving,1435,[1482],[1482],1.0,[1482],[32.6309384740745],40.530084613406565,0,0.0,[1404],1.0,0,0.0,[113.54496902916128],[66.45503097083872]
330178,1,,30.617310502423624,91.00510067095313,25,2.4161271673430704,0.5020687126637275,0.1519368068519679,4.812343622298824,3.775037688751886,0.7073834226158211,0.177000938934425,"[-0.372228040070091, 0.4340959639905151]",0.571833034868812,1,0.571833034868812,25,167.14306166791948,moving,1463,[],[],0.0,[],,7.468823398665849,0,0.0,[],0.0,0,0.0,,
333710,1,,30.185849475555823,91.39248401207288,27,2.455613702131449,0.4906772022409091,-0.3369216698927876,5.004540033481747,3.6609626830481368,0.7919519659607028,0.4716902057669748,"[-0.036127308038942374, 0.14948618428886107]",0.1537897970587905,1,0.1537897970587905,27,181.1397219395995,moving,1470,[1472],[1472],1.0,[1472],[138.756040343668],96.76019590299646,0,0.0,[],0.0,0,0.0,,
345248,1,,30.793137912685605,91.92639467911276,28,2.473118804191113,0.4895626025236995,-0.2220259330542993,5.0516906141158735,3.696875184843767,1.0867382380583592,0.2947862720976564,"[0.6072884371297818, 0.5339106670398621]",0.8086160066746659,1,0.8086160066746659,28,188.0074975733946,moving,1475,[1471],[1471],1.0,[1471],[11.695324281753273],46.64692273943748,0,0.0,[],0.0,0,0.0,,
342333,1,,31.90020493620585,91.82319021503815,29,2.408324157838841,0.5233348695839132,-0.0829879485554393,4.601879786366276,3.777150188857502,0.8141423877265713,-0.2725958503317879,"[1.1070670235202407, -0.10320446407459372]",1.111867148525798,1,1.111867148525798,29,195.24703613480077,moving,1476,[1463],[1463],1.0,[1463],[8.158850861283351],4.007672577728521,0,0.0,[],0.0,0,0.0,,
336938,1,,33.23403039622832,91.79249669883666,30,2.4551620839661816,0.5063856892020341,-0.0167327771807351,4.848403373790129,3.775037688751903,0.0699470818232383,-0.7441953059033329,"[1.3338254600224744, -0.030693516201495186]",1.3341785674117903,1,1.3341785674117903,30,201.89071385510604,moving,1485,[1459],[],1.0,[1459],[23.08128431411792],6.217280612092125,0,0.0,[],0.0,0,0.0,,
350183,1,,34.86999943579323,91.57608547913983,32,2.427881091254687,0.4914328759584806,-0.3363536656016425,4.940412434799763,3.677862683893127,1.5496875848789708,1.284567796018991,"[0.07834688060756179, 0.24522832695228658]",0.2574396357221496,1,0.2574396357221496,32,213.1528223429955,moving,1480,[1433],[1433],1.0,[1433],[28.061846063189872],9.032513411651982,0,0.0,[],0.0,0,0.0,,
351864,1,,35.580401913402795,91.36473683095852,33,2.429328512671369,0.4972836593263166,2.855670170129345,4.885196742564284,3.713775185688751,1.5507269119842984,0.0010393271053275,"[0.7104024776095628, -0.21134864818132826]",0.7411746968710414,1,0.7411746968710414,33,218.60861515052432,moving,1475,[1412],[1412],1.0,[1412],[49.46857822220223],6.013689438377412,0,0.0,[],0.0,0,0.0,,
354015,1,,36.567006224402725,90.95442234093169,35,2.425917893438927,0.4997037093498934,2.396966680282209,4.854712598781801,3.779262688963121,1.5232957853346851,1.3749410363675487,"[0.02163650610409462, 0.041055150702590026]",0.0464075833846678,1,0.0464075833846678,35,229.66761445324337,moving,1481,[],[],0.0,[],,166.13343338675602,1,0.0,[],0.0,1,0.0,,
354738,1,,36.104040085201895,91.2963530510599,36,2.4887306521844934,0.5010813868216517,-0.8967166917162369,4.966719414525568,3.7560251878012574,1.4196756929819234,-0.1036200923527617,"[-0.4629661392008302, 0.3419307101282243]",0.575546919525519,1,0.575546919525519,36,236.03593262278116,moving,1483,[],[],0.0,[],,13.275358280019413,0,0.0,[],0.0,0,0.0,,
355191,1,,35.83108229551224,91.61848323745288,37,2.426859264257592,0.4986002889447155,-0.9245136664944684,4.86734427971156,3.732787686639387,0.2316987113682097,-1.1879769816137136,"[-0.2729577896896558, 0.3221301863929824]",0.4222248357662537,1,0.4222248357662537,37,242.6812692442496,moving,1489,[1417],[1417],1.0,[1417],[13.617721357354853],176.7148294491784,1,1.0,[1543],1.0,1,1.0,[20.408807573564218],[20.408807573564218]
358579,1,,36.64070423239272,90.54373459824744,38,2.4470889599625787,0.5003567834480472,2.1544668337129247,4.890688086807288,3.737012686850635,3.084255610988387,2.8525568996201773,"[0.8096219368804753, -1.0747486392054526]",1.345575088262288,1,1.345575088262288,38,249.3032298219028,moving,1470,[1402],[1402],1.0,[1402],[13.89463587652574],1.3928836575065766,0,0.0,[],0.0,0,0.0,,
357664,1,,37.355646447075536,89.64118655140422,39,2.4782672883967773,0.4881525131252782,-1.070569640910516,5.0768299286841145,3.711662685583129,0.0243104059207336,-3.059945205067653,"[0.7149422146828215, -0.9025480468432079]",1.1514058134281184,1,1.1514058134281184,39,254.4956247605965,moving,1460,[1382],[1382],1.0,[1382],[33.871096242746624],10.153137521771766,0,0.0,[],0.0,0,0.0,,
362226,1,,38.24482194377294,88.85553925842066,40,2.48078606697804,0.4875898974720555,1.6567069679998894,5.087853706239304,3.707437685371892,0.1772056791626828,0.1528952732419491,"[0.8891754966974048, -0.7856472929835547]",1.186538972347501,1,1.186538972347501,40,258.72968084132816,moving,1445,[1369],[1369],1.0,[1369],[9.34562186556029],28.39935902490288,0,0.0,[],0.0,0,0.0,,
361339,1,,38.73737470581357,87.51232542014334,41,2.4348790365054533,0.5010413598878571,1.3996239069421326,4.859636811321179,3.625050181252516,0.4956623204405216,0.3184566412778388,"[0.49255276204063136, -1.3432138382773218]",1.4306752387364332,1,1.4306752387364332,41,260.8200664170641,moving,1417,[1342],[1342],1.0,[1342],[3.9192948910538234],8.799657409208663,0,0.0,[],0.0,0,0.0,,
367206,1,,38.98462901875378,86.27921638833097,42,2.4955857672804767,0.4925119781537888,1.1698338690273733,5.067055986405309,3.701100185055004,0.1535829948382051,-0.3420793256023164,"[0.24725431294020694, -1.2331090318123756]",1.257653600799834,1,1.257653600799834,42,263.2286167892961,moving,1394,[1313],[1313],1.0,[1313],[18.00416160591338],14.555048461471392,0,0.0,[],0.0,0,0.0,,
368380,1,,38.914752735780006,85.0359517161392,43,2.455185913898281,0.4984526840424144,1.3298462550872128,4.925614792535381,3.694762684738137,0.2540335184400108,0.1004505236018056,"[-0.06987628297377313, -1.2432646721917706]",1.2452267825751029,1,1.2452267825751029,43,265.49217065718904,moving,1375,[1299],[1299],1.0,[1299],[1.4264677307776168],9.992181027956278,0,0.0,[],0.0,0,0.0,,
387905,1,,39.132492644980914,83.20321596897341,44,2.431424094323501,0.5163717893977738,1.2907807388053223,4.708669497919677,3.802500190125005,0.1743964583931486,-0.0796370600468622,"[0.21773990920090824, -1.8327357471657848]",1.845624822925328,1,1.845624822925328,44,266.88261955849555,moving,1361,[1281],[1281],1.0,[1281],[2.112009040748262],20.33056949442006,0,0.0,[],0.0,0,0.0,,
367892,1,,38.92971027556762,82.36214030194658,45,2.459722074942051,0.5075106984762437,1.2208738183766097,4.846640834030002,3.8151751907587568,0.354835376483149,0.1804389180900004,"[-0.20278236941329197, -0.8410756670268285]",0.8651756856323999,1,0.8651756856323999,45,266.5089400805121,moving,1352,[1272],[1272],1.0,[1272],[8.88256932819958],3.4662817443043346,0,0.0,[],0.0,0,0.0,,
376239,1,,38.75348982677704,81.37173973160309,46,2.468977125937452,0.5194324744661502,1.3237404861574495,4.753220576890112,3.791937689596885,0.0604980292398828,-0.2943373472432661,"[-0.17622044879058052, -0.9904005703434962]",1.0059557327778774,1,1.0059557327778774,46,266.3311025733171,moving,1323,[1245],[1245],1.0,[1245],[2.043199111665743],6.3323041112482255,0,0.0,[],0.0,0,0.0,,
378864,1,,38.60754574712205,80.87654310447215,47,2.555468647087473,0.4814992042948106,1.1919927822881549,5.307316448902832,3.616600180830007,0.1105195559788548,0.0500215267389719,"[-0.14594407965498846, -0.4951966271309374]",0.5162551441953854,1,0.5162551441953854,47,265.8532316692602,moving,1322,[1242],[1242],1.0,[1242],[29.653159209585922],5.059753477936318,0,0.0,[],0.0,0,0.0,,
374639,1,,38.38362231592748,80.30752778599752,48,2.488851324526983,0.4755462050571699,1.250489231877958,5.233668775104145,3.5511126775556288,0.088309357529223,-0.0222101984496318,"[-0.2239234311945708, -0.5690153184746265]",0.6114900945205329,1,0.6114900945205329,48,263.8908721464071,moving,1306,[1232],[1232],1.0,[1232],[31.503248869467868],4.42735868577147,0,0.0,[],0.0,0,0.0,,
381680,1,,37.92218863048224,79.35759636027566,49,2.502370860297863,0.4786516387859669,1.3100223165182157,5.227958409679277,3.61871268093563,0.0772719862334811,-0.0110373712957418,"[-0.4614336854452432, -0.9499314257218572]",1.0560732738013685,1,1.0560732738013685,49,259.7252108562447,moving,1293,[1212],[1212],1.0,[1212],[36.91444534673899],17.491314210631174,0,0.0,[],0.0,0,0.0,,
380409,1,,37.66338541460265,77.60858999788113,50,2.4401954891417605,0.4715150073021779,-1.552008196360675,5.175223378580445,3.614487680724376,0.3052810234763869,0.2280090372429057,"[-0.2588032158795883, -1.7490063623945389]",1.768050440526569,1,1.768050440526569,50,255.0530424985387,moving,1258,[1181],[1181],1.0,[1181],[22.93732124759063],6.229915908540159,0,0.0,[],0.0,0,0.0,,
373123,1,,37.593319297317606,75.7739936817828,51,2.510781994340677,0.4724233365589851,1.417121363958308,5.314686638108508,3.644062682203125,0.1087325447263996,-0.1965484787499872,"[-0.07006611728504453, -1.8345963160983274]",1.835933796146516,1,1.835933796146516,51,249.78388117402383,moving,1228,[1167],[1167],1.0,[1167],[58.02076730562469],11.92074125341461,0,0.0,[],0.0,0,0.0,,
384201,1,,37.37441755277344,74.90301721710247,52,2.4323869291614044,0.4883692031937272,1.3711354366364406,4.980631279070479,3.6482876824143786,0.2080561841504006,0.0993236394240009,"[-0.21890174454416922, -0.8709764646803251]",0.8980634586662116,1,0.8980634586662116,52,239.91256041222084,moving,1222,[],[],0.0,[],,15.810055223331744,0,0.0,[],0.0,0,0.0,,
389232,1,,37.3907788399679,74.35244834199075,54,2.4650712238178407,0.4879894802687283,1.4502355221520753,5.051484352614249,3.684200184210004,0.6653315904150232,0.6034467553201277,"[0.0876897836927597, -0.1680311343819625]",0.1895361714443238,1,0.1895361714443238,54,225.40041106924264,moving,1205,[],[],0.0,[],,35.571636179264786,0,0.0,[],0.0,0,0.0,,
391122,1,,36.37066597788981,72.83261180389759,55,2.4927391275415745,0.4923787035472055,1.3813046485638814,5.062646108743795,3.745462687273133,1.0721210785903563,0.4067894881753333,"[-1.0201128620780864, -1.519836538093159]",1.830446217155845,1,1.830446217155845,55,222.0581374767736,moving,1182,[1129],[1129],1.0,[1129],[65.10477863195527],2.1573039118678494,0,0.0,[],0.0,0,0.0,,
395749,1,,35.38924356491263,71.24430827510375,56,2.472512991748474,0.4961486073402328,2.019853699851747,4.983412137349715,3.7518001875899993,0.0376520562282446,-1.034469022362112,"[-0.9814224129771816, -1.588303528793844]",1.8670559853075996,1,1.8670559853075996,56,220.5780616618616,moving,1158,[1105],[1105],1.0,[1105],[32.26101062355075],32.56221516371648,0,0.0,[],0.0,0,0.0,,
395985,1,,35.40935824602827,69.88861158703466,57,2.5707593877216626,0.4779497170521927,2.69750832164874,5.378723526769935,3.6926501846324986,0.5683178663496802,0.5306658101214355,"[0.0201146811156363, -1.355696688069088]",1.3558459021724694,1,1.3558459021724694,57,220.90825906001652,moving,1157,[1088],[1088],1.0,[1088],[31.972438581979542],10.40965125741276,0,0.0,[],0.0,0,0.0,,
396776,1,,35.656822221059755,68.64562544651777,58,2.444135792105763,0.5306483525775576,2.700407700829869,4.605942485703914,3.81306269065313,0.1816826884262204,-0.3866351779234597,"[0.24746397503148643, -1.2429861405168907]",1.267380355085031,1,1.267380355085031,58,225.19113516076283,moving,1137,[1100],[1100],1.0,[1100],[32.547332816809],,0,0.0,[],0.0,0,0.0,,
397872,1,,36.76080520369733,67.94830870669716,59,2.4699610364254583,0.5170606231971835,2.5317577944923952,4.776927357478404,3.878550193927514,0.8109196573450194,0.6292369689187989,"[1.103982982637575, -0.6973167398206073]",1.3057676139295986,1,1.3057676139295986,59,238.2680000231209,moving,1128,[],[],0.0,[],,,0,0.0,[],0.0,0,0.0,,
295500,3,,50.68928305965361,98.02321445908557,7,1.324796968511421,0.4846559131711586,1.2758586018343454,2.7334794284116417,1.9878625993931256,1.6729270566268175,1.5849720094807571,"[-0.16085034690907918, 0.027581283326668427]",0.1631979206078223,1,0.1631979206078223,7,5.2916752142704215,moving,1537,[1575],[],1.0,[1575],[17.402704131356288],,0,0.0,[],0.0,0,0.0,,
293307,3,,50.67240020480094,99.11844458141788,10,1.395861324233011,0.4909226454572276,1.2205915319342815,2.84334270816323,2.055462602773125,1.560552179243368,1.5368502077698587,"[-0.09107555407437218, 0.008940403014662479]",0.0915133179161288,1,0.0915133179161288,10,7.831023017177955,moving,1561,[],[],0.0,[],,,0,0.0,[],0.0,0,0.0,,
296997,3,,49.98101117216173,98.37133696987712,11,1.3536245321519569,0.530694965635367,0.5317249434609022,2.55066397799977,2.093487604674371,0.9219638854407636,-0.6385882938026045,"[-0.6913890326392078, -0.7471076115407556]",1.017933483915286,1,1.017933483915286,11,8.254957756970377,moving,1547,[],[],0.0,[],,55.6384701804507,0,0.0,[],0.0,0,0.0,,
297587,3,,48.924971402048,98.52766150891202,12,1.4005393372213135,0.5094085473737574,0.1384494080101574,2.7493440077551856,2.12517510625875,0.9710744954215484,0.0491106099807847,"[-1.0560397701137276, 0.15632453903489818]",1.067547356123525,1,1.067547356123525,12,8.72191397490294,moving,1555,[],[],0.0,[],,41.65502499412686,0,0.0,[],0.0,0,0.0,,
331904,3,,47.553169261965614,97.62879111863778,14,1.347750452801922,0.4837934775840507,0.5507330350995385,2.7857970709573565,2.002650100132505,0.22210943523894,-0.488989147303663,"[-0.08372931188149835, -0.08387144815581848]",0.1185116765719875,1,0.1185116765719875,14,9.751699918563734,moving,1554,[1580],[1580],1.0,[1580],[25.8870262663267],119.5987446142652,1,1.0,[1522],1.0,1,1.0,[5.453918888591232],[5.453918888591232]
325964,3,,48.05183453463524,97.37288021211276,15,1.3596926529317468,0.5176940126168315,1.0961326027380502,2.626440754179856,2.059687602984379,1.881201193137243,1.6590917578983029,"[0.49866527266962635, -0.2559109065250311]",0.5604974988750048,1,0.5604974988750048,15,10.01006883996435,moving,1532,[],[],0.0,[],,2.5367118592077342,0,0.0,[],0.0,0,0.0,,
315928,3,,48.42377064938536,97.2023604421916,16,1.381903445088411,0.503563454358056,1.272666457099178,2.7442488789224484,2.082925104146253,0.0442739741175818,-1.836927219019661,"[0.37193611475012034, -0.1705197699211567]",0.4091619060828841,1,0.4091619060828841,16,10.184291021545256,moving,1540,[],[],0.0,[],,88.89775977050354,0,0.0,[],0.0,0,0.0,,
321278,3,,48.19437808173927,96.67548706821142,22,1.377023664798512,0.5019585929411715,0.9378855932186148,2.7433013084405875,2.110387605519377,0.7956530029735883,0.2261857444906673,"[0.011727798438123216, 0.003815472173826606]",0.0123328457427509,1,0.0123328457427509,22,13.203630909759829,moving,1545,[1580],[],1.0,[1580],[15.84747211295877],162.9427448789098,0,0.0,[1580],1.0,0,0.0,[15.84747211295877],[15.84747211295877]
329225,3,,48.59028116904541,97.1376428136745,24,1.3901720694295927,0.5153920919092316,0.8759828739561493,2.6973096623966497,2.1568626078431303,0.0600948040210836,-0.4990014068991179,"[0.07777499591358605, 0.08227993755160412]",0.1132207494801823,1,0.1132207494801823,24,15.052912436567274,moving,1543,[],[],0.0,[],,159.80438966653395,0,0.0,[],0.0,0,0.0,,
333792,3,,48.32016070988087,96.410892038386,27,1.3725393256418683,0.4933894737652564,0.703855809225181,2.781857738405849,2.063912603195635,0.0252581715556189,-1.1389020871222808,"[-0.21685963486753224, -0.1621153741930641]",0.2707572635861069,1,0.2707572635861069,27,18.01537739669897,moving,1557,[1585],[1585],1.0,[1585],[1.1981684129344785],157.02110661569486,0,0.0,[],0.0,0,0.0,,
337380,3,,48.29437537734224,96.98099512040024,30,1.3242246904475137,0.5580839081963238,0.3213004111573387,2.372805721503934,2.120950106047511,3.048646410049029,1.3415808041959123,"[0.27576197856841134, 0.06158304313468932]",0.2825546673224386,1,0.2825546673224386,30,19.36905620976913,moving,1574,[1588],[],1.0,[1588],[15.14435829386909],11.179534301283068,0,0.0,[],0.0,0,0.0,,
350828,3,,48.34838423249529,97.33854023078968,31,1.3314079301358193,0.5535115060701141,0.1861503571405241,2.405384378707329,2.1610876080543844,1.2011606877115124,-1.8474857223375167,"[0.054008855153050206, 0.35754511038943804]",0.3616012477831604,1,0.3616012477831604,31,19.933213201997606,moving,1581,[1585],[1585],1.0,[1585],[13.525013623460012],19.52973134818746,0,0.0,[],0.0,0,0.0,,
351969,3,,48.87883820011132,98.33117542052128,32,1.3780066500660997,0.5088971956742411,-0.1905936984940966,2.707829128907598,2.125175106258759,0.3408581140558223,-0.8603025736556902,"[0.530453967616026, 0.992635189731601]",1.1254803559605453,1,1.1254803559605453,32,20.577741331868317,moving,1599,[],[],0.0,[],,129.31463660649567,1,0.0,[1600],1.0,1,1.0,[2.1756767845460416],[2.1756767845460416]
352870,3,,48.24438752402264,98.20560775360974,33,1.3992118007913152,0.499524215466179,-0.1601093383740017,2.801089031260489,2.0998251049912424,2.256966179803334,1.916108065747512,"[-0.634450676088683, -0.12556766691153598]",0.6467572182534908,1,0.6467572182534908,33,21.13572440503053,moving,1596,[1605],[1605],1.0,[1605],[22.041257445518674],43.4448559642525,0,0.0,[1605],1.0,0,0.0,[22.041257445518674],[22.041257445518674]
349082,3,,46.98612355463866,98.999507207913,34,1.3019492578820746,0.5611953423567911,2.5679339826552474,2.3199573474976107,2.08292510414625,0.7582557796309108,-1.498710400172423,"[-1.2582639693839752, 0.793899454303272]",1.4877851189580271,1,1.4877851189580271,34,21.71080350875384,moving,1613,[1633],[1633],1.0,[1633],[52.026431497865644],36.28475815364065,0,0.0,[],0.0,0,0.0,,
355084,3,,46.36807234847622,100.57130150924486,35,1.345517015437499,0.5066108879936395,-1.2583084652347014,2.655918077020073,2.1019376050968708,0.6332884980708742,-0.1249672815600366,"[-0.6180512061624412, 1.571794301331849]",1.6889418637531972,1,1.6889418637531972,35,22.04705711342307,moving,1638,[],[],0.0,[],,78.91638030223444,0,0.0,[],0.0,0,0.0,,
355755,3,,46.77616333623796,100.83177562566148,36,1.3547185037096416,0.4979337124571992,1.7415971487175814,2.720680423553545,2.034337601716881,1.3773506700299918,0.7440621719591176,"[0.4080909877617387, 0.2604741164166171]",0.4841332663795878,1,0.4841332663795878,36,22.21010919455841,moving,1645,[1602],[],1.0,[1602],[6.778547048556632],36.59575361207165,0,0.0,[],0.0,0,0.0,,
358475,3,,47.51504434853939,100.77950285143524,39,1.4260024319499456,0.4976648540583342,1.3015516311094424,2.8653870578186247,2.120950106047503,1.2745263733174828,0.4753155673771857,"[0.23922594502101902, 0.0992362814438934]",0.2589920700060356,1,0.2589920700060356,39,23.653317077116935,moving,1648,[],[],0.0,[],,80.1449884724103,0,0.0,[],0.0,0,0.0,,
362644,3,,47.85790799355125,102.16477340888102,40,1.3407918914375083,0.5119284664045913,1.3326279530399223,2.619100088053793,2.0512376025618773,0.9349470916096534,-0.3395792817078293,"[0.3428636450118532, 1.3852705574457929]",1.427070424470002,1,1.427070424470002,40,24.51517235642044,moving,1680,[],[],0.0,[],,36.70637064390355,0,0.0,[],0.0,0,0.0,,
361623,3,,48.449468479117,102.65054698846522,41,1.3830281774060134,0.5096770255373849,0.9128473766948364,2.7135383941385207,2.1082751054137567,0.6406470241935212,-0.2943000674161322,"[0.5915604855657577, 0.48577357958420464]",0.7654539690306966,1,0.7654539690306966,41,24.824508285365017,moving,1681,[1638],[],1.0,[1638],[3.3943063800930986],161.74645520875364,1,1.0,[],0.0,1,0.0,,
369398,3,,47.89552485779925,101.77613859174096,42,1.337578903252475,0.4941131235448708,1.2132762274966482,2.7070297053767858,2.023775101188754,2.8230081968222853,2.182361172628764,"[-0.5539436213177495, -0.8744083967242489]",1.0351055887495215,1,1.0351055887495215,42,25.119191492948616,moving,1658,[1612],[1612],1.0,[1612],[11.886787828781479],3.8465527816468934,0,0.0,[],0.0,0,0.0,,
370284,3,,47.62313182121492,101.27461964899533,43,1.3620045692173617,0.5008785209585713,1.3504950112980083,2.7192313349967265,2.032225101611252,0.0671350108915013,-2.755873185930784,"[-0.272393036584333, -0.5015189427456477]",0.5707181583867347,1,0.5707181583867347,43,25.484715668839566,moving,1651,[],[],0.0,[],,134.095280465799,0,0.0,[],0.0,0,0.0,,
369460,3,,48.21008256872727,101.43835899363864,45,1.3444178454590368,0.5107587396435335,1.119623074143652,2.6321974370861025,2.0554626027731224,0.6616462445058345,-1.6604505724215466,"[0.011065588717912078, 0.014393838012665583]",0.018155710572953,1,0.018155710572953,45,27.922896601677625,moving,1682,[],[],0.0,[],,137.68636945826688,0,0.0,[],0.0,0,0.0,,
378441,3,,47.772676541537024,101.65860323590542,46,1.3718349891213095,0.4844508687324678,1.143438202593243,2.8317319209492204,2.0280001014000053,1.7597415762442932,1.0980953317384587,"[-0.43740602719024935, 0.22024424226678718]",0.4897260038777075,1,0.4897260038777075,46,29.95186135829307,moving,1670,[1626],[1626],1.0,[1626],[5.32275070776825],99.17799757150875,0,0.0,[],0.0,0,0.0,,
381281,3,,47.51384359375464,100.84009828711936,47,1.4123058151997954,0.5007329804516268,1.084166937235686,2.8204769215041363,2.095600104779991,1.7309826031577813,-0.0287589730865118,"[-0.25883294778238763, -0.8185049487860425]",0.8584549178873415,1,0.8584549178873415,47,31.61496548984968,moving,1660,[1618],[],1.0,[1618],[8.924569000921423],38.991321101348014,0,0.0,[],0.0,0,0.0,,
376358,3,,46.78499499678536,100.35840903453378,48,1.361326222383531,0.475521296739449,1.3426364962975468,2.8628081049531597,1.996312599815628,0.6805269329208332,-1.050455670236948,"[-0.7288485969692786, -0.48168925258559625]",0.8736388346224979,1,0.8736388346224979,48,34.05629007987094,moving,1649,[1595],[],1.0,[1595],[2.0145987878705824],60.55886102809182,0,0.0,[],0.0,0,0.0,,
382461,3,,46.85672091663107,99.33759802481968,50,1.3717612387689786,0.4737036961927429,1.392509096130989,2.8958212692746854,1.9899750994987533,0.7124965009205614,-0.5381761985352812,"[-0.1307059150319958, -0.271533096099418]",0.3013540417875411,1,0.3013540417875411,50,38.70603642016526,moving,1630,[],[],0.0,[],,119.54425885908252,1,0.0,[1558],1.0,1,1.0,[55.2547189404245],[55.2547189404245]
375568,3,,45.98344709553823,99.7545970884716,51,1.3680739731793157,0.4870159057020268,1.7643803203141573,2.809095056571624,2.0322251016112527,1.5676656012848091,0.8551691003642478,"[-0.8732738210928375, 0.4169990636519145]",0.9677269168999376,1,0.9677269168999376,51,42.42057951738681,moving,1638,[],[],0.0,[],,30.259039938366737,0,0.0,[],0.0,0,0.0,,
386608,3,,45.27374941717578,100.7982621221729,52,1.33587787220403,0.5192657418839507,-1.306693077497619,2.5726285492228405,2.0533501026674994,0.5281198754169616,-1.0395457258678475,"[-0.7096976783624527, 1.043665033701302]",1.2621043923716435,1,1.2621043923716435,52,45.84748089671544,moving,1661,[],[],0.0,[],,27.19168226114143,0,0.0,[],0.0,0,0.0,,
383823,3,,45.10609569400396,102.15893585247213,53,1.3682443279189986,0.4853201130892887,-1.4734136382974945,2.819261536904963,2.021662601083128,0.4745843846130492,-0.0535354908039124,"[-0.16765372317182425, 1.3606737302992258]",1.3709634463470517,1,1.3709634463470517,53,47.18814722067897,moving,1696,[1644],[1644],1.0,[1644],[0.5112298444664845],174.32444556718454,0,0.0,[],0.0,1,0.0,,
390453,3,,45.15129023069905,100.23928353524462,54,1.384808916906004,0.4945654710712919,1.7059266412905731,2.800051758377573,2.0934876046743764,3.0425355418610005,2.5679511572479514,"[0.045194536695092324, -1.9196523172275022]",1.9201842529257451,1,1.9201842529257451,54,46.5375083462648,moving,1647,[1696],[1696],1.0,[1696],[11.701798145977492],141.03172725732247,0,0.0,[1600],1.0,1,1.0,[31.26373169437742],[31.26373169437742]
397671,3,,45.54629292944436,100.7518421414142,56,1.380544840921666,0.513778561622886,1.7412680511954934,2.6870425199543204,2.1272876063643795,1.5594420063626684,-1.3661690560344877,"[0.28496197510737886, -0.052174922322109296]",0.2896990676139924,1,0.2896990676139924,56,51.48512583333226,moving,1660,[],[],0.0,[],,43.619964733777145,0,0.0,[],0.0,0,0.0,,
398084,3,,45.44444070726641,101.72084237409383,57,1.357558091728081,0.5478418419389572,1.8610286871292283,2.4780109655796347,2.167425108371254,1.856610938588634,0.2971689322259656,"[-0.10185222217794632, 0.9690002326796332]",0.9743384043009744,1,0.9743384043009744,57,56.52922514305552,moving,1684,[],[],0.0,[],,6.039336939608499,0,0.0,[],0.0,0,0.0,,
399026,3,,45.254567050499496,102.61109413851334,58,1.3399650546386364,0.5093711563034589,-1.4811031472446952,2.630626092696049,2.072362603618133,0.1054063142334957,-1.7512046243551382,"[-0.18987365676691326, 0.8902517644195029]",0.9102747989404506,1,0.9102747989404506,58,61.46369263524408,moving,1720,[1762],[],1.0,[1762],[96.48307369289725],,0,0.0,[1762],1.0,0,0.0,[96.48307369289725],[83.51692630710275]
400080,3,,45.34722055572186,103.05627945812338,59,1.3510141929833783,0.5063894550266932,-1.4723093439352175,2.667935083506356,2.0956001047800004,0.4153266207498082,0.3099203065163124,"[0.0926535052223656, 0.44518531961004726]",0.4547247968016379,1,0.4547247968016379,59,63.924817366577,moving,1725,[],[],0.0,[],,,0,0.0,[],0.0,0,0.0,,
303247,4,,76.40629947887204,121.12911772168054,0,2.479843230514066,0.5169469753876503,0.604541174075965,4.797093993352937,3.996850199842512,,,"[0.0, 0.0]",0.0,0,0.0,0,0.0,moving,1873,[],[],0.0,[],,,0,0.0,[],0.0,0,0.0,,
300047,4,,76.63412780513096,121.4318176288642,1,2.5482092750657204,0.5262774043450855,0.6681572899682164,4.841950754539393,4.0581127029056345,,,"[0.22782832625891558, 0.3026999071836656]",0.3788574666743928,1,0.3788574666743928,1,0.2327862935258934,moving,1868,[],[],0.0,[],,,0,0.0,[],0.0,0,0.0,,
302934,4,,76.61650737701544,121.7194084341217,4,2.4924940924764227,0.5192584047274916,0.5833694972286633,4.800103512594064,3.996850199842508,1.481115038087372,-0.7465061073113552,"[-0.08812097739964031, -0.1149566807315523]",0.1448459357478972,1,0.1448459357478972,4,1.8994246574087328,moving,1909,[],[],0.0,[],,119.61148142608654,1,0.0,[],0.0,1,0.0,,
305478,4,,76.02051877814979,121.3306280332651,5,2.554847230540609,0.5150469665454833,0.6226666560709708,4.9604160328842415,4.005300200265016,0.3387715204509547,-1.1423435176364174,"[-0.5959885988656453, -0.3887804008566036]",0.7115845768902361,1,0.7115845768902361,5,2.731367661062425,moving,1887,[],[],0.0,[],,52.03461850580788,0,0.0,[],0.0,0,0.0,,
304751,4,,75.98439227990161,120.90467304495412,6,2.6310201121270755,0.5148199410854936,0.6612004531302584,5.110563717830338,4.091912704595644,0.9081754179455226,0.5694038974945679,"[-0.03612649824817993, -0.4259549883109912]",0.4274842405781672,1,0.4274842405781672,6,3.651287366861133,moving,1881,[],[],0.0,[],,116.65801516577056,1,0.0,[],0.0,0,0.0,,
297731,4,,76.26533459575377,121.0170999332108,10,2.542176636473964,0.4874611972754964,0.7616646328195035,5.215136406102929,3.825737691286888,3.06678869376882,2.7674577981423543,"[-0.043488253054349, -0.10332874134591918]",0.1121073456195041,1,0.1121073456195041,10,7.418538533770228,moving,1910,[],[],0.0,[],,74.31461957890133,0,0.0,[],0.0,0,0.0,,
301103,4,,76.52671547738044,120.6764072376883,11,2.550590637516745,0.501074722336468,0.5638697562685833,5.090240085597537,3.903900195195012,1.052790863062216,-2.013997830706604,"[0.26138088162666406, -0.34069269552250603]",0.4294082883018482,1,0.4294082883018482,11,8.143806263287948,moving,1897,[],[],0.0,[],,166.49885898294238,0,0.0,[],0.0,0,0.0,,
325782,4,,76.43899363795781,120.74745131236658,19,2.63413111026521,0.5139667272458702,0.3781992742666476,5.125100460063634,4.085575204278744,0.6258585150096311,-2.363407354542153,"[0.10149085552605186, -0.03479388516534243]",0.1072893666693441,1,0.1072893666693441,19,12.716893892193784,moving,1941,[],[],0.0,[],,112.31575816161384,0,0.0,[],0.0,0,0.0,,
320270,4,,77.13811417336368,121.1299066563859,20,2.591638092282093,0.5125383791454076,0.4104596308543076,5.056476154241014,4.0369877018493785,0.8308482011930252,0.204989686183394,"[0.6991205354058678, 0.3824553440193199]",0.7968949825385548,1,0.7968949825385548,20,13.321679198186478,moving,1955,[],[],0.0,[],,171.99546724852627,0,0.0,[],0.0,0,0.0,,
326957,4,,76.54130684667713,120.68529527007324,21,2.554866074565941,0.5163411501500493,0.6717497895096014,4.9480194902604495,4.053887702694382,3.0018872019928384,2.171039000799813,"[-0.5968073266865446, -0.4446113863126726]",0.7442165478042103,1,0.7442165478042103,21,13.882836474637452,moving,1922,[],[],0.0,[],,1.745174402956227,0,0.0,[],0.0,0,0.0,,
327371,4,,76.31250278822935,120.50374795005116,23,2.5625191912539527,0.5083772082634745,0.715942925289352,5.040586300096063,3.998962699948135,2.938625613311572,2.8643321133635875,"[0.038590486151875325, 0.05042198258186659]",0.0634948970305814,1,0.0634948970305814,23,15.166448482996785,moving,1929,[],[],0.0,[],,176.10979711439245,1,0.0,[],0.0,1,0.0,,
330384,4,,76.63694664778629,120.7991852065816,24,2.631838233272468,0.5088296352564187,0.6277048412601276,5.172336772299405,4.08346270417314,0.1789046519486696,-2.7597209613629023,"[0.32444385955693633, 0.29543725653043396]",0.4388017668041349,1,0.4388017668041349,24,15.960709801665336,moving,1938,[],[],0.0,[],,7.454594157065694,0,0.0,[],0.0,0,0.0,,
331538,4,,76.93544491904304,121.15210349687813,25,2.6368909311102544,0.5285691040990408,0.738023003643761,4.988734511081386,4.212325210616281,0.1301072124407079,-0.0487974395079616,"[0.2984982712567472, 0.35291829029651467]",0.4622256349112213,1,0.4622256349112213,25,16.744795631299773,moving,1956,[],[],0.0,[],,131.82561509744494,0,0.0,[],0.0,0,0.0,,
330150,4,,76.41430513345017,121.13753695553022,26,2.6060614031915708,0.5215284948404786,0.8366405171631879,4.996968389979716,4.151062707553127,2.3007910219171523,2.1706838094764445,"[-0.5211397855928652, -0.014566541347889483]",0.5213433228253885,1,0.5213433228253885,26,17.574077612761382,moving,1952,[],[],0.0,[],,134.15966215938184,0,0.0,[],0.0,0,0.0,,
334191,4,,76.87515143169846,121.63943114558576,27,2.658502851969976,0.5312883153284957,0.8977457156859359,5.003879767854903,4.309500215475017,2.341527828044445,0.0407368061272928,"[0.4608462982482848, 0.5018941900555234]",0.6813788143321136,1,0.6813788143321136,27,18.424443261516263,moving,1972,[],[],0.0,[],,172.68736467629995,0,0.0,[],0.0,0,0.0,,
347352,4,,76.58456778805194,121.22820315143292,29,2.5864234830097605,0.5045704153372768,0.9006025973634791,5.125991148888273,4.083462704173137,0.5253141949766634,-2.498127510515184,"[-0.0009437189037697635, -0.009470314576304872]",0.0095172193178209,1,0.0095172193178209,29,20.281895232353342,moving,1960,[],[],0.0,[],,170.72396635633692,0,0.0,[],0.0,0,0.0,,
340785,4,,76.81385619254718,121.46134970994824,30,2.677273593569906,0.5128601216974172,0.9812338739169166,5.2202803070531445,4.1700752085037465,2.4638597453037505,1.938545550327087,"[0.2292884044952359, 0.23314655851532962]",0.327002278560124,1,0.327002278560124,30,21.194033644796043,moving,1969,[],[],0.0,[],,19.065801798756517,0,0.0,[],0.0,0,0.0,,
353057,4,,77.21154810994189,122.29677173915644,34,2.601538425740537,0.5311736244162139,0.900172365894484,4.897717631593166,4.193312709665621,2.195390042495584,-0.6851314722552031,"[0.23655925249414622, -5.1837584877034715e-05]",0.2365592581737701,1,0.2365592581737701,34,24.94387825462853,moving,1998,[],[],0.0,[],,140.18763380522049,0,0.0,[],0.0,0,0.0,,
357576,4,,77.29530627287042,121.9695164436607,35,2.6347650734091217,0.5176984849117241,0.7667367922795485,5.089381464692506,4.153175207658764,1.3200145353830597,-0.8753755071125242,"[0.08375816292853244, -0.32725529549573196]",0.3378038754768237,1,0.3378038754768237,35,25.956275505163347,moving,2007,[2052],[2052],1.0,[2052],[133.63500730299603],116.74588502956536,0,0.0,[2052],1.0,0,0.0,[133.63500730299603],[46.36499269700397]
357660,4,,78.07371261176539,122.6486130493327,36,2.606796712434422,0.5184363471964305,0.6452712249623207,5.028190493454603,4.16162520808126,2.037600081920663,0.7175855465376035,"[0.7784063388949676, 0.6790966056720009]",1.0329998200711847,1,1.0329998200711847,36,26.9514285407973,moving,2016,[2048],[],1.0,[2048],[102.49753272344051],35.08060550127796,0,0.0,[2048],1.0,0,0.0,[102.49753272344051],[77.50246727655949]
358611,4,,78.66586545072376,122.71107509456264,37,2.609322300785631,0.5234126533303373,0.3337952864828191,4.985210587063952,4.2038752101937575,0.6122720695905599,-1.425328012330103,"[0.5921528389583699, 0.06246204522993537]",0.5954380671243347,1,0.5954380671243347,37,27.67191565924347,moving,2032,[],[],0.0,[],,7.8208645951067375,0,0.0,[],0.0,0,0.0,,
360232,4,,79.49226804005615,122.91470649080009,38,2.703875272385452,0.5250426076467456,0.2198476622776457,5.14982066789644,4.244012712200638,0.1364998375373073,-0.4757722320532525,"[0.826402589332389, 0.20363139623745496]",0.8511210167707601,1,0.8511210167707601,38,28.281723762131573,moving,2044,[2032],[2032],1.0,[2032],[37.75922567733895],8.232064829710254,0,0.0,[2032],1.0,0,0.0,[37.75922567733895],[37.75922567733895]
359994,4,,80.03722407929783,122.96823844447393,39,2.64164883204572,0.5153346872416895,0.0828262257473706,5.126083878003731,4.079237703961887,0.1436766355160873,0.0071767979787799,"[0.5449560392416828, 0.053531953673839894]",0.5475789940913737,1,0.5475789940913737,39,28.81953642086734,moving,2054,[2036],[2036],1.0,[2036],[27.96166938852093],3.746306605262236,0,0.0,[2036],1.0,0,0.0,[27.96166938852093],[27.96166938852093]
363006,4,,80.57137425945466,123.0562504937491,40,2.587385893901533,0.5428794000978774,-0.0039754243068632,4.766041764404848,4.089800204490015,0.0653853850510375,-0.0782912504650497,"[0.5341501801568285, 0.08801204927517858]",0.5413525060246684,1,0.5413525060246684,40,29.50548356347474,moving,2054,[2032],[2032],1.0,[2032],[154.98467446507493],3.3204419984707596,0,0.0,[2032],1.0,0,0.0,[154.98467446507493],[25.01532553492507]
362345,4,,81.54730317503113,123.15944694948564,41,2.641998166439364,0.4994481032838611,0.1855272008449929,5.289835218250464,4.089800204490016,0.0579526454948286,-0.0074327395562088,"[0.9759289155764748, 0.10319645573652281]",0.9813698368784596,1,0.9813698368784596,41,29.8514002671715,moving,2039,[],[],0.0,[],,11.15154856986847,0,0.0,[],0.0,0,0.0,,
389958,4,,82.34666184538924,123.08788921410776,44,2.7226854317783147,0.4859516397911218,0.0841793016007022,5.602790913409852,4.094025204701248,2.1199263048996024,2.0393225157132737,"[-0.07492668658937873, -0.23559626093731367]",0.247223798471963,1,0.247223798471963,44,28.2050265676761,moving,2064,[],[],0.0,[],,129.37832989660473,1,0.0,[],0.0,1,0.0,,
384715,4,,82.03885158208884,122.77459087840047,50,2.683183886812138,0.4959398916776343,0.0894639434493873,5.410300586499771,4.1299377064968885,1.0109319125994167,-0.6616539031432542,"[-0.2825532892561142, 0.10969650741439807]",0.3031001237353202,1,0.3031001237353202,50,19.876571125011814,moving,2045,[],[],0.0,[],,69.72411388242924,0,0.0,[],0.0,0,0.0,,
377900,4,,81.6078927322663,122.96843300721132,51,2.642887122416548,0.5193246990136107,-0.0605218029181121,5.089084203844659,4.100362705018146,0.0523600667442112,-0.9585718458552056,"[-0.4309588498225452, 0.19384212881084295]",0.4725466126661903,1,0.4725466126661903,51,18.11789214934485,moving,2046,[2005],[2005],1.0,[2005],[96.42593724933833],3.6744937249956062,0,0.0,[2005],1.0,0,0.0,[96.42593724933833],[83.57406275066167]
387765,4,,80.72859821507366,123.43384536770635,52,2.6569739107380284,0.5024325899942548,-0.4670197188902439,5.288219680909653,4.091912704595623,0.0641320138450305,0.0117719471008193,"[-0.8792945171926334, 0.4654123604950229]",0.9948706012676096,1,0.9948706012676096,52,16.42989845767862,moving,2054,[],[],0.0,[],,0.4355506361362042,0,0.0,[],0.0,0,0.0,,
385842,4,,80.37613335598448,123.62384966896448,53,2.7395845721262937,0.5011277201394428,2.664248288638042,5.466839015339208,4.146837707341875,0.0076017926597617,-0.0565302211852687,"[-0.35246485908918146, 0.19000430125812784]",0.4004161727369986,1,0.4004161727369986,53,15.177032942003915,moving,2061,[],[],0.0,[],,26.526052691667413,0,0.0,[],0.0,0,0.0,,
391227,4,,79.80249211852824,123.6418956836565,54,2.682753519107403,0.5276172617762349,2.3775826713378705,5.0846583564682,4.277812713890623,0.4629669570271005,0.4553651643673388,"[-0.5736412374562434, 0.018046014692018275]",0.5739250194551504,1,0.5739250194551504,54,13.501764349985898,moving,2049,[],[],0.0,[],,43.88773263825452,0,0.0,[],0.0,0,0.0,,
392179,4,,78.90436388684563,124.56190740115548,55,2.733494524282942,0.5131590082583148,2.3511571017646924,5.326798283363567,4.237675211883754,0.7659854357725189,0.3030184787454183,"[-0.8981282316826054, 0.9200117174989799]",1.2857122076424206,1,1.2857122076424206,55,12.704263470340814,moving,2065,[2121],[],1.0,[2121],[116.16748876463151],,0,0.0,[2121],1.0,0,0.0,[116.16748876463151],[63.832511235368486]
399590,4,,78.2764967178747,124.600842178533,57,2.736665079255966,0.5197707453378421,2.183810729969315,5.265138724722148,4.301050215052518,0.2103809577890602,-0.6093265751464507,"[-0.24888661533221068, 0.047377494136668474]",0.2533558253567379,1,0.2533558253567379,57,13.10221034525109,moving,2068,[2126],[],1.0,[2126],[111.32621841914258],,0,0.0,[2126],1.0,0,0.0,[111.32621841914258],[68.67378158085742]
297054,5,,128.65156022303728,49.87184657290612,3,2.487898961207671,0.596875741418322,1.930872334153948,4.168202506095855,4.286262714313136,0.243997274212099,-0.5631521007188542,"[0.13691059583723586, -0.2681663007763646]",0.301094131667468,1,0.301094131667468,3,0.6819486366470177,moving,765,[],[],0.0,[],,,0,0.0,[],0.0,0,0.0,,
295097,5,,129.07896488033273,49.00923512296252,6,2.5421571557910823,0.5562739061543602,-1.0440093664724863,4.569973762324311,4.241900212095011,0.5199011696329704,0.3786812897448459,"[0.2270727979154401, -0.18485690229632468]",0.2928039102876518,1,0.2928039102876518,6,1.6540621059126712,moving,752,[739],[739],1.0,[739],[67.66414053194046],,0,0.0,[739],1.0,0,0.0,[67.66414053194046],[67.66414053194046]
286500,5,,129.32550563370066,48.25971485533126,9,2.508954241182397,0.5492016479666276,2.0533890357624034,4.568366192038182,4.106700205335013,0.590207739214049,0.1235792416068306,"[-0.07081579857364773, -0.21210481037138607]",0.2236142390598262,1,0.2236142390598262,9,2.721680379970516,moving,745,[740],[740],1.0,[740],[52.55634405643946],40.23002770660151,0,0.0,[740],1.0,0,0.0,[52.55634405643946],[52.55634405643946]
284931,5,,129.19329856925225,47.93285834118151,10,2.5451569011907003,0.5391296442446325,2.069687942897197,4.720862464828262,4.170075208503771,0.0621278151164702,-0.5280799240975788,"[-0.13220706444840857, -0.32685651414975325]",0.3525817475879792,1,0.3525817475879792,10,3.029619493981465,moving,745,[],[],0.0,[],,25.634551850405423,0,0.0,[],0.0,0,0.0,,
285696,5,,129.22412466771354,47.44454846380706,11,2.490515401770828,0.5430678772791765,2.1962303452408274,4.586011262990835,4.125712706285645,0.4474073320627795,0.3852795169463092,"[0.03082609846129003, -0.48830987737444786]",0.4892819071739659,1,0.4892819071739659,11,3.3885739788153906,moving,735,[],[],0.0,[],,32.19915760442484,0,0.0,[],0.0,0,0.0,,
329474,5,,129.80091550360856,46.64514180424082,14,2.4945186872702987,0.5638128824274211,2.217244250218406,4.424373342677949,4.193312709665632,0.4012485222957896,0.0843705451517269,"[0.030168731824886663, -0.06130353818041101]",0.0683247844735644,1,0.0683247844735644,14,4.248190700643511,moving,734,[],[],0.0,[],,4.13402215538476,0,0.0,[],0.0,0,0.0,,
350941,5,,130.6105115394686,45.33313267671701,39,2.578386442488152,0.5036384019900605,2.390503607762904,5.119519147666261,4.1700752085037465,1.4358628947932877,-0.6891289001424368,"[-0.007263510524268213, 0.015406589778713453]",0.0170329561070799,1,0.0170329561070799,39,12.753840154732776,moving,736,[764],[],1.0,[764],[55.026620657365264],142.24523589214274,1,1.0,[],0.0,1,0.0,,
360602,5,,130.09262609425056,45.52746212755287,41,2.582650359238728,0.5478387380341121,2.1403711034807102,4.714252899505465,4.241900212095015,0.905905753969165,-0.0694491467033957,"[-0.06954245330894082, 0.1243250501488049]",0.1424530480780564,1,0.1424530480780564,41,14.57317574019595,moving,731,[],[],0.0,[],,12.474709284914764,0,0.0,[],0.0,0,0.0,,
365356,5,,129.06565006803552,46.19547494520732,43,1.376810881906669,0.5025683752295295,2.0506957154291228,2.7395493822663664,2.0956001047800035,1.1885015041563791,0.7775149743957293,"[-0.08278783402880663, -0.04947847221757229]",0.096446589759132,1,0.096446589759132,43,17.611952716051764,moving,751,[721],[721],1.0,[721],[29.663752894412866],145.2415328879897,1,1.0,[],0.0,0,0.0,,
378459,5,,129.73507900095265,44.55499991137396,49,2.5514879240471307,0.5537387997067771,-0.8273570996404092,4.607746333466658,4.39188771959438,2.273183917598144,0.1518524444880862,"[0.046216759830258525, -0.15848877222739333]",0.1650899143235417,1,0.1650899143235417,49,27.9704529079878,moving,725,[],[],0.0,[],,30.556658423872197,0,0.0,[],0.0,0,0.0,,
376726,5,,129.6505697114482,43.97976943609499,50,2.5382827964904577,0.5483432571010354,2.51134132206578,4.629003390886531,4.301050215052514,0.4296112979059021,-1.843572619692242,"[-0.08450928950443881, -0.5752304752789712]",0.5814051252803127,1,0.5814051252803127,50,29.734022651037368,moving,717,[],[],0.0,[],,63.93413781215367,0,0.0,[],0.0,0,0.0,,
370096,5,,130.76930032708665,43.21308115388548,51,1.396444055633351,0.5307979263474447,2.7040765672565508,2.6308393200452707,2.106162605308133,1.1158612092458855,0.6862499113399834,"[1.118730615638441, -0.7666882822095076]",1.3562334284495905,1,1.3562334284495905,51,30.73557692367528,moving,719,[732],[732],1.0,[732],[29.577838681261323],171.43077668321175,1,1.0,[],0.0,0,0.0,,
381901,5,,129.6546139139733,43.75324768157083,52,2.552344611444268,0.5490796793356715,2.5522828906830504,4.648404789870089,4.28203771410187,2.9920314923731697,1.876170283127284,"[-1.1146864131133611, 0.5401665276853507]",1.238670931769685,1,1.238670931769685,52,29.855704584162886,moving,727,[],[],0.0,[],,,0,0.0,[],0.0,0,0.0,,
394096,5,,129.27614806940315,44.09864833000712,56,2.5791081900522403,0.5659638627720786,-0.726657341331438,4.5570192015791,4.419350220967511,2.275077306998251,1.749936611095606,"[0.07910740842604014, -0.005112819869268037]",0.0792724605074165,1,0.0792724605074165,56,30.331776823922333,moving,729,[],[],0.0,[],,,0,0.0,[],0.0,0,0.0,,
295177,6,,129.89741412531205,50.47020574284144,2,2.492272632190814,0.5485036229819114,-1.5024571769230273,4.5437669465913535,4.227112711355634,0.4786664690273266,,"[0.019787830160709063, -0.13350903210059073]",0.1349674771006172,1,0.1349674771006172,2,0.1220632710948731,moving,767,[814],[814],1.0,[814],[63.28576915013492],,0,0.0,[],0.0,0,0.0,,
300172,6,,130.115801250535,51.542666188446745,5,2.521545495686384,0.5541050089016638,1.65243764844883,4.550663601985015,4.184862709243123,0.3106204250305815,0.2094218937812411,"[0.13566367393025303, 0.2515721825718771]",0.2858202152896675,1,0.2858202152896675,5,0.3629242525528762,moving,786,[],[],0.0,[],,,0,0.0,[],0.0,0,0.0,,
295409,6,,130.1928498399338,51.20182424980226,6,2.4903063393657345,0.5492104393726329,-1.288261895239915,4.534339045358332,4.144725207236266,2.4247126905913787,2.114092265560797,"[0.07704858939879955, -0.34084193864448054]",0.34944200129245,1,0.34944200129245,6,0.4121148815025033,moving,782,[],[],0.0,[],,31.59321009080653,0,0.0,[],0.0,0,0.0,,
285903,6,,130.51894542624157,50.8680237220528,7,2.5007244079587263,0.5607171261344432,2.009003929612626,4.459868071443794,4.218662710933129,0.5514055373589888,-1.87330715323239,"[0.3260955863077868, -0.33380052774946023]",0.4666488227085089,1,0.4666488227085089,7,0.4713982502657668,moving,785,[743],[743],1.0,[743],[45.206099037384135],4.123949325512463,0,0.0,[743],1.0,0,0.0,[45.206099037384135],[45.206099037384135]
342275,6,,130.59340925606006,50.80203934441191,34,2.58386421859723,0.5473819509662756,2.1094599174913227,4.7204044891067705,4.336962716848124,3.1293597213706352,1.152628438647271,"[0.01952016998168915, -0.06656770422762293]",0.0693707163163991,1,0.0693707163163991,34,1.260082565084437,moving,797,[],[],0.0,[],,51.53798530478807,0,0.0,[],0.0,0,0.0,,
346982,6,,130.57500816152287,50.46039466666584,35,2.561816376924308,0.5518319009030797,2.1398714234746365,4.6423854306571695,4.31372521568625,0.3390498298468404,-2.790309891523795,"[-0.018401094537182416, -0.34164467774606777]",0.342139863378094,1,0.342139863378094,35,1.2419330749095214,moving,801,[],[],0.0,[],,7.040505300546346,0,0.0,[],0.0,0,0.0,,
346145,6,,130.60240450569913,50.06438910666406,36,2.62264809488898,0.5475800202760205,2.0892211538055774,4.789524814230755,4.3137252156862855,0.1228799984986466,-0.2161698313481937,"[0.02739634417625325, -0.39600556000178244]",0.3969520918530963,1,0.3969520918530963,36,1.2119867344251272,moving,795,[],[],0.0,[],,145.0370857472999,1,0.0,[],0.0,0,0.0,,
377523,6,,130.1299928365925,50.64942834957291,50,2.629615666048944,0.5217033219378355,1.6629941869543772,5.040442633720244,4.394000219700007,0.7438479924967845,0.3147523803642744,"[0.08877684189977231, 0.07094996251215946]",0.1136451707648591,1,0.1136451707648591,50,0.9177743143251595,moving,807,[],[],0.0,[],,50.36154269107366,0,0.0,[],0.0,0,0.0,,
370722,6,,130.2485062206233,51.23502022026414,51,2.6199368919257355,0.5181594417624915,-1.5097761254066744,5.056236904637231,4.275700213785027,0.6968616396756553,-0.0469863528211291,"[0.11851338403081968, 0.585591870691232]",0.5974640250375692,1,0.5974640250375692,51,0.795421330474347,moving,818,[865],[865],1.0,[865],[40.22067985860414],,0,0.0,[877],1.0,0,0.0,[30.90306681846618],[30.90306681846618]
379053,6,,129.83019115018217,51.192192668555336,53,2.6893297374352443,0.5311191794779673,1.570581568899981,5.063514633530208,4.244012712200587,1.31733117022584,-0.0990771535214145,"[-0.10921602479058379, -0.15708639295599625]",0.1913224370610595,1,0.1913224370610595,53,0.6421501943790098,moving,817,[],[],0.0,[],,,0,0.0,[],0.0,0,0.0,,
295945,7,,125.15012975073782,98.19772081685228,1,2.9931727348205355,0.5490867452725313,-0.5418249655880472,5.451183734793885,5.046762752338128,,,"[0.19633568686882086, -0.1063121951215038]",0.2232711015107068,1,0.2232711015107068,1,1.0456368540900531,moving,1499,[],[],0.0,[],,,0,0.0,[],0.0,0,0.0,,
302724,7,,125.58713818127237,98.09831354940918,2,2.9990545260169976,0.5561752457008292,2.5468740981717497,5.392283366078129,4.987612749380642,0.2726135234322978,,"[0.4370084305345472, -0.09940726744308392]",0.4481720352484846,1,0.4481720352484846,2,2.350568469584535,moving,1506,[],[],0.0,[],,,0,0.0,[],0.0,0,0.0,,
299204,7,,126.27791157797736,98.09095508383724,4,3.0495958496639277,0.5491086376902855,2.390102587391634,5.553720412214668,5.017187750859402,0.4595935103324137,0.4446870353138076,"[0.2969157813860619, 0.07607878686039271]",0.3065076883966285,1,0.3065076883966285,4,5.710332718824068,moving,1519,[],[],0.0,[],,50.394180968347214,0,0.0,[],0.0,0,0.0,,
295259,7,,126.88533057890582,97.34073458154528,7,2.9555397409280277,0.5313872422071625,-0.649523485043704,5.561932064179674,4.871425243571249,0.2525195260783155,0.0685027126226989,"[0.2462261627317588, -0.1821392768017489]",0.306271185989591,1,0.306271185989591,7,11.699915596952096,moving,1515,[],[],0.0,[],,166.0234860638218,0,0.0,[],0.0,0,0.0,,
296683,7,,126.10899143396291,99.00416002718056,8,1.733730685926941,0.5083380874875016,2.3725595187298185,3.4105858455266107,2.7040001352000056,2.644351622213661,2.3918320961353454,"[-0.7763391449429093, 1.663425445635255]",1.8356706352604584,1,1.8356706352604584,8,14.24085585079316,moving,1556,[],[],0.0,[],,167.45980804388932,0,0.0,[],0.0,0,0.0,,
292921,7,,127.46296619088686,97.24339419824058,10,3.016439212543572,0.5183780797834425,-0.4095992987801394,5.8189945334951645,4.729887736494389,0.7303344411227785,-2.2728068469496927,"[0.2580953038458915, -0.07013868838858173]",0.2674558308883424,1,0.2674558308883424,10,19.86292267854973,moving,1527,[],[],0.0,[],,179.67278454473754,0,0.0,[],0.0,0,0.0,,
297069,7,,126.15529022607848,98.96419955898664,11,1.7391527137669336,0.5226018953589339,2.44661761080834,3.327872954942973,2.7779376388968764,2.485963498358167,1.7556290572353888,"[-1.3076759648083822, 1.7208053607460698]",2.161293020048402,1,2.161293020048402,11,22.685946690645768,moving,1554,[],[],0.0,[],,163.72624326953104,0,0.0,[],0.0,0,0.0,,
325950,7,,126.81934824727917,97.2304902356476,15,3.035683363983244,0.5070248401825959,-0.3398044940262975,5.987247809969227,4.677075233853771,0.5386026670619183,-2.07725027183258,"[-0.2314213279315993, -0.028805294161742268]",0.2332071525347568,1,0.2332071525347568,15,35.407757811382325,moving,1531,[],[],0.0,[],,111.05142213056396,0,0.0,[],0.0,0,0.0,,
315887,7,,125.78943641916946,97.23216585694767,16,2.902214868452049,0.5338048688410071,-0.5328313627638097,5.436846004708265,4.780587739029378,0.1254612667597534,-0.4131414003021648,"[-1.0299118281097037, 0.0016756213000661546]",1.0299131911899242,1,1.0299131911899242,16,39.61984009591674,moving,1535,[],[],0.0,[],,16.739409453269488,0,0.0,[],0.0,0,0.0,,
323982,7,,124.16095986714949,97.72484395645392,21,3.03353915759574,0.5196174482630956,-0.1865226214829299,5.8380240458357,4.820725241036265,0.115542537234165,0.0241711598118791,"[-0.2066930384718404, 0.09149509325284555]",0.2260384132002094,1,0.2260384132002094,21,63.73811963780389,moving,1560,[],[],0.0,[],,18.362628149575507,0,0.0,[],0.0,0,0.0,,
321607,7,,123.77751722506204,97.99528543368986,22,3.055469492403667,0.4970238711899129,-0.0219220307920531,6.147530671089582,4.734112736705643,0.1975384174817695,0.0819958802476045,"[-0.38344264208743084, 0.27044147723594847]",0.4692194075062876,1,0.4692194075062876,22,68.42211743403095,moving,1579,[],[],0.0,[],,19.549848355908225,0,0.0,[],0.0,0,0.0,,
324272,7,,122.96028660235288,98.22415862121385,23,3.027469896776135,0.4962905885086621,0.0592279274085125,6.100196068342921,4.693975234698756,0.3412092220762615,0.1436708045944919,"[-0.8172306227091752, 0.22887318752397334]",0.8486747472742489,1,0.8486747472742489,23,73.81531574478,moving,1576,[1559],[1559],1.0,[1559],[167.1517353953569],32.54984576744749,0,0.0,[],0.0,0,0.0,,
329326,7,,122.44063467627042,98.06623231818229,24,3.0502251699438943,0.4995504215381428,-0.0227844378941144,6.105940538598858,4.590462729523114,0.5681019796582858,0.2268927575820243,"[-0.5196519260824459, -0.15792630303155875]",0.5431195462054478,1,0.5431195462054478,24,79.51233482842423,moving,1574,[],[],0.0,[],,26.60402157709348,0,0.0,[],0.0,0,0.0,,
330665,7,,121.61847636139792,98.2067602495028,25,3.063775153669926,0.4721079624677787,0.0142512993300965,6.489564670028262,4.539762726988127,0.4643277707919028,-0.1037742088663829,"[-0.822158314872496, 0.14052793132051988]",0.8340817670919364,1,0.8340817670919364,25,85.45669355243679,moving,1590,[],[],0.0,[],,14.667051419542906,0,0.0,[],0.0,0,0.0,,
328060,7,,120.7503176987812,98.13130287792036,26,3.1046977297024867,0.4910482292610064,0.1165512234447916,6.322592252037731,4.643275232163764,0.2559883388303148,-0.208339431961588,"[-0.8681586626167359, -0.07545737158243071]",0.8714317405296921,1,0.8714317405296921,26,91.90310742961849,moving,1588,[],[],0.0,[],,1.894037186971996,0,0.0,[],0.0,0,0.0,,
333828,7,,119.5623103931158,98.06751519148078,27,3.107953236640257,0.4912795709393343,0.1202217142382455,6.326241554676904,4.698200234910004,0.0330571850678526,-0.2229311537624621,"[-1.18800730566538, -0.0637876864395821]",1.1897185495971851,1,1.1897185495971851,27,98.57019539335263,moving,1594,[],[],0.0,[],,6.254676936879509,0,0.0,[],0.0,0,0.0,,
346845,7,,118.40785438369194,98.13168024096107,28,3.1096411220765288,0.5205672369310155,0.0063312762437863,5.973562878081419,4.748900237444998,0.1091647061971162,0.0761075211292636,"[-1.1544560094238676, 0.06416504948030877]",1.156237791835958,1,1.156237791835958,28,104.68717179575124,moving,1586,[],[],0.0,[],,3.287183529968618,0,0.0,[],0.0,0,0.0,,
343095,7,,115.7423780440334,98.12675185152833,29,1.5803606418477962,0.513657889904104,-0.065253329913513,3.0766793870193205,2.3406501170325025,0.0573721757153072,-0.051792530481809,"[-2.6654763396585395, -0.0049283894327771804]",2.66548089588012,1,2.66548089588012,29,110.12688105266584,moving,1587,[],[],0.0,[],,89.04557890340679,0,0.0,[],0.0,0,0.0,,
337492,7,,115.73575721327754,98.4844630292264,30,3.071756353140446,0.4981056842811046,0.0016361815247784,6.166876729330614,4.767912738395643,1.5541385362088609,1.4967663604935535,"[-0.006620830755863949, 0.3577111776980786]",0.3577724445091379,1,0.3577724445091379,30,115.63976036535256,moving,1597,[],[],0.0,[],,104.48407021811114,0,0.0,[],0.0,0,0.0,,
350923,7,,116.98021991626672,98.18744590955724,31,1.681198491587794,0.5090794896403857,3.032432249797689,3.302428256882622,2.4906376245318707,1.8235910411909888,0.2694525049821283,"[1.244462702989182, -0.2970171196691638]",1.279416503140282,1,1.279416503140282,31,121.41502939343395,moving,1595,[1596],[1596],1.0,[1596],[6.485780153901985],132.05342797071407,0,0.0,[],0.0,0,0.0,,
352107,7,,116.45845610296352,99.14324857788417,32,1.620463679044838,0.523845989865796,-0.0012991287781925,3.093397125097749,2.4821876241093976,2.3047671066341344,0.4811760654431452,"[-0.5217638133031954, 0.9558026683269247]",1.0889427063227712,1,1.0889427063227712,32,127.52062409575174,moving,1614,[1615],[1615],1.0,[1615],[5.941794985654462],67.07818043057128,0,0.0,[1558],1.0,0,0.0,[40.44004991258815],[40.44004991258815]
352923,7,,115.13323875217078,99.01078981647731,33,3.054864184541226,0.5297559826658891,-0.3227206630162992,5.7665496653161785,4.8228377411418935,1.1707351047602752,-1.1340320018738592,"[-1.325217350792741, -0.13245876140682356]",1.331820690001308,1,1.331820690001308,33,133.3815145334825,moving,1602,[1548],[1548],1.0,[1548],[36.24948043309251],44.56864172602249,0,0.0,[1548],1.0,0,0.0,[36.24948043309251],[36.24948043309251]
349234,7,,113.52996944555942,100.30265240368836,34,1.5438964708819127,0.5104578278929379,2.6490209739199724,3.0245328536831164,2.372337618616876,0.7778695412607943,-0.3928655634994809,"[-1.6032693066113666, 1.2918625872110283]",2.058975816700542,1,2.058975816700542,34,138.08768445095555,moving,1630,[1617],[],1.0,[1617],[3.1466007313827973],176.40249985404412,0,0.0,[],0.0,0,0.0,,
355595,7,,114.61155531870295,99.5378881341992,36,3.116304483879527,0.5233175369729051,-0.5243969464969045,5.954901687234829,4.9939502496975,0.419741526154501,-2.624251080161029,"[0.06108846796848866, -0.0952211906167264]",0.1131321177261524,1,0.1131321177261524,36,145.4296420976672,moving,1614,[1622],[1622],1.0,[1622],[56.92294100150349],117.62173506011268,0,0.0,[1622],1.0,0,0.0,[56.92294100150349],[56.92294100150349]
356298,7,,114.6577509417316,99.88220523444512,37,3.086413111242345,0.5355276986442898,-0.3024518456063659,5.763311811986057,4.939025246951271,2.4378162499755938,2.0180747238210928,"[0.046195623028637556, 0.34431710024591666]",0.3474022180538872,1,0.3474022180538872,37,149.59731864123754,moving,1634,[],[],0.0,[],,88.4184698209619,0,0.0,[],0.0,0,0.0,,
359013,7,,116.6910019344156,99.66634972558812,38,1.6268127091118914,0.529895194491992,2.873161847119556,3.0700650355425645,2.507537625376885,1.543193417951067,-0.8946228320245269,"[2.033250992683989, -0.215855508857004]",2.0446767959641794,1,2.0446767959641794,38,152.99760301196227,moving,1638,[],[],0.0,[],,63.24732008114103,0,0.0,[],0.0,0,0.0,,
358470,7,,116.91411670216364,100.01238814926096,39,1.673216366168936,0.5045531523317358,3.023147499452857,3.316234094339425,2.4631751231587597,1.1038739784786091,-0.4393194394724578,"[0.22311476774805783, 0.3460384236728373]",0.4117314540392218,1,0.4117314540392218,39,158.10138843249226,moving,1646,[1657],[1657],1.0,[1657],[4.788158496894827],119.0683249146995,1,1.0,[1586],1.0,0,0.0,[86.94815887636703],[86.94815887636703]
361571,7,,115.11335145507508,100.13023769489894,41,3.062677568127095,0.5145718422015947,-0.3201388153723334,5.951894987147829,4.850300242515029,0.374199378816489,-1.7519422432348415,"[-0.21899225222296081, 0.0904130965085983]",0.2369222120316244,1,0.2369222120316244,41,167.41222117928135,moving,1633,[1671],[],1.0,[1671],[122.41046126935991],4.198073541439056,0,0.0,[1584],1.0,0,0.0,[89.50899302055544],[89.50899302055544]
370232,7,,113.50425927091298,100.35473171296896,43,1.5871293903819388,0.4973351098006072,-0.2908952071336563,3.1912675359241267,2.353325117666258,1.2655332096929075,1.1716061114542102,"[-0.15292248332924885, -0.22215102848032586]",0.2696968026552241,1,0.2696968026552241,43,174.0030210759731,moving,1642,[1630],[],1.0,[1630],[2.001299275159223],162.94944862971104,1,1.0,[1673],1.0,1,1.0,[121.71903903954467],[58.28096096045533]
388760,7,,113.99085206987274,100.12790256096636,44,1.528535796945808,0.522095080829274,2.5823590285978906,2.927696224446217,2.4378251218912688,1.7374659407883122,0.4719327310954047,"[0.48659279895976226, -0.22682915200260823]",0.5368649887985972,1,0.5368649887985972,44,175.3882854004625,moving,1652,[1632],[1632],1.0,[1632],[4.352703133235988],22.50731372983434,0,0.0,[],0.0,0,0.0,,
369246,7,,114.87649697221174,100.0894567795285,45,1.546958295288574,0.5030560471065,2.22048364065913,3.075121160328828,2.387125119356256,0.3928267303649587,-1.344639210423353,"[0.8856449023389956, -0.03844578143785782]",0.886478973890197,1,0.886478973890197,45,175.5791159959017,moving,1656,[1613],[1613],1.0,[1613],[4.184916125118434],28.90837423012799,0,0.0,[],0.0,0,0.0,,
378189,7,,115.62035712979612,99.63550916919216,46,1.5343976075150787,0.5290127491500345,1.7685708175066133,2.900492681850102,2.4251501212575066,0.5045463117144195,0.1117195813494608,"[0.7438601575843933, -0.4539476103363569]",0.871433512651176,1,0.871433512651176,46,176.95776674679618,moving,1634,[1581],[],1.0,[1581],[1.0209470655895387],53.70193114766371,0,0.0,[],0.0,0,0.0,,
376230,7,,115.66271069117936,99.1418861961746,48,1.5829552268331877,0.5172548381722487,1.700703126764911,3.0603004747653126,2.4737376236868767,0.1404167161157119,-0.7526904294138407,"[-0.0016656181522307634, -0.15629420470708055]",0.1563030796524746,1,0.1563030796524746,48,181.3915370445295,moving,1621,[],[],0.0,[],,169.46590882278014,1,0.0,[1544],1.0,1,1.0,[22.305272202750245],[22.305272202750245]
383729,7,,115.3078992328714,100.4266798702458,49,1.5990858646654842,0.509827256334732,1.732241110817613,3.136524861698624,2.469512623475631,2.861489730402769,2.7210730142870574,"[-0.3548114583079638, 1.28479367407121]",1.3328863251905705,1,1.3328863251905705,49,189.26149072863944,moving,1643,[1673],[1673],1.0,[1673],[68.1985905136482],24.43836677741677,0,0.0,[1673],1.0,0,0.0,[68.1985905136482],[68.1985905136482]
382683,7,,115.36372619369448,100.77914842694636,50,1.5253802427826966,0.5078947578732741,1.7058218953110544,3.0033392137575428,2.3744501187225016,0.4265299640760138,-2.434959766326755,"[0.05582696082309724, 0.35246855670054345]",0.3568623446334845,1,0.3568623446334845,50,190.9495442036967,moving,1652,[1672],[],1.0,[1672],[68.49856567595211],15.462359017804769,0,0.0,[1672],1.0,0,0.0,[68.49856567595211],[68.49856567595211]
375726,7,,115.23940418281438,101.8767577694278,51,1.570428931826188,0.5026821310670205,1.6850183190490278,3.124099375668496,2.3258626162931333,0.2698690749862259,-0.1566608890897879,"[-0.12432201088010686, 1.097609342481448]",1.1046276436391722,1,1.1046276436391722,51,193.5636962619121,moving,1670,[],[],0.0,[],,11.737621734099612,0,0.0,[],0.0,0,0.0,,
386703,7,,114.97776081093008,102.67256209060524,52,1.524869238686935,0.4994905784739741,1.7393326220088885,3.0528488512148946,2.3068501153424963,0.2048601456136518,-0.065008929372574,"[-0.2616433718842899, 0.7958043211774566]",0.8377122248455572,1,0.8377122248455572,52,202.67996292915552,moving,1694,[1731],[1731],1.0,[1731],[42.969085763146886],5.609580109541824,0,0.0,[1731],1.0,0,0.0,[42.969085763146886],[42.969085763146886]
383956,7,,114.74073230574342,103.7338214966591,53,1.575719886366515,0.5261840233356557,2.038235109583048,2.994617503544676,2.439937621996871,0.0979056425658549,-0.1069545030477969,"[-0.23702850518667162, 1.0612594060538498]",1.0874070255469193,1,1.0874070255469193,53,205.9612052260493,moving,1722,[1760],[1760],1.0,[1760],[46.31559792816447],38.6737074850253,0,0.0,[1760],1.0,0,0.0,[46.31559792816447],[46.31559792816447]
390596,7,,114.48024690960035,103.94277938425876,54,1.4478484469378028,0.5715715076956441,2.11178649953931,2.5331011561002565,2.366000118300001,0.6749835295667918,0.5770778870009369,"[-0.26048539614305355, 0.2089578875996665]",0.3339401748725636,1,0.3339401748725636,54,209.1697937553039,moving,1721,[1760],[1760],1.0,[1760],[53.40565957401574],4.698214491193626,0,0.0,[1760],1.0,0,0.0,[53.40565957401574],[53.40565957401574]
391863,7,,114.00445220221816,104.3932564377991,55,1.4966774699645842,0.5214044183904298,2.275633710448956,2.870473316250009,2.391350119567492,0.0819993118361331,-0.5929842177306586,"[-0.47579470738222085, 0.4504770535403253]",0.6552176579880202,1,0.6552176579880202,55,213.18373687450972,moving,1741,[1781],[1781],1.0,[1781],[48.26232938540292],39.26987170208,0,0.0,[1781],1.0,0,0.0,[48.26232938540292],[48.26232938540292]
398318,7,,112.77363330462336,104.482874596924,57,1.5275088311145568,0.5312271357851703,2.5686960762935054,2.8754344953724003,2.4230376211518783,0.2164642090487949,-0.424373487847545,"[-0.2546384100216983, -0.025350978787798795]",0.2558972293399793,1,0.2558972293399793,57,219.27281108092816,moving,1744,[1764],[1764],1.0,[1764],[123.30106239119735],14.088648394502597,0,0.0,[1764],1.0,0,0.0,[123.30106239119735],[56.69893760880265]
399176,7,,111.91372319853612,104.3324221589739,58,1.5860733750866745,0.4817592680765991,-0.3377029219626447,3.2922529574137656,2.319525115976255,0.0739799537317304,-0.1424842553170645,"[-0.8599101060872556, -0.15045243795009355]",0.8729726952408775,1,0.8729726952408775,58,225.42789873188065,moving,1758,[1776],[1776],1.0,[1776],[141.26587016245622],,0,0.0,[1776],1.0,0,0.0,[141.26587016245622],[38.734129837543776]
400154,7,,110.80313206755513,104.41338900795924,59,1.5414268938485869,0.5016036606572873,3.0246841840235383,3.072997696684957,2.355437617771882,0.2459852793624935,0.1720053256307631,"[-1.1105911309810068, 0.08096684898534079]",1.1135386346455551,1,1.1135386346455551,59,237.56546561960567,moving,1764,[],[],0.0,[],,,0,0.0,[],0.0,0,0.0,,
295138,8,,62.938903169596585,77.98911303708717,0,3.0194840411743264,0.5350324226840878,0.2934691856643523,5.643553386963978,4.94113774705689,,,"[0.0, 0.0]",0.0,0,0.0,0,0.0,moving,1197,[1207],[],1.0,[1207],[114.001280965613],,0,0.0,[1207],1.0,0,0.0,[114.001280965613],[65.998719034387]
304061,8,,63.081505624460114,78.2447432108295,3,3.065519795966952,0.54705319710747,0.4002152105835594,5.603695969927259,4.87142524357127,0.2985784815019655,-2.7633021367874884,"[-0.020434319254725608, -0.01483679089501777]",0.0252525596220765,1,0.0252525596220765,3,1.1632733564239393,moving,1202,[1211],[1211],1.0,[1211],[100.5285236882485],,0,0.0,[1211],1.0,0,0.0,[100.5285236882485],[79.4714763117515]
293708,8,,64.3627420809346,78.6661241687061,4,1.4981177870724165,0.5103625487552039,0.4706362681601277,2.9353991407214144,2.32797511639875,2.831324819828419,2.532746338326453,"[1.2812364564744811, 0.42138095787660745]",1.3487508180017138,1,1.3487508180017138,4,1.4677870527400787,moving,1231,[1214],[1214],1.0,[1214],[18.961298781613664],174.58720986462373,1,1.0,[1217],1.0,1,1.0,[90.70871916526568],[89.29128083473432]
291397,8,,62.63202652201277,77.90934155660064,8,3.0185875886850764,0.5334286036205113,0.2921652382912352,5.658840879917536,4.8249502412475085,3.034086885153249,2.981951416896613,"[0.09236202484404998, 0.02042766384403194]",0.0945940435937574,1,0.0945940435937574,8,1.9022515989854856,moving,1217,[],[],0.0,[],,9.374583429757978,0,0.0,[],0.0,0,0.0,,
292645,8,,62.1211449136921,77.77965559144424,9,3.144187785213929,0.5346879490668978,0.2878414235853992,5.880416401194302,4.894662744733136,3.1106617545714803,0.0765748694182311,"[-0.5108816083206733, -0.12968596515639774]",0.5270848767313138,1,0.5270848767313138,9,1.8810811901857,moving,1212,[],[],0.0,[],,179.03714352079928,0,0.0,[],0.0,0,0.0,,
289977,8,,63.47974301724376,78.14894107900707,10,1.5490488327975314,0.5138799609123548,0.3833908696810264,3.0144176668171943,2.382900119145003,3.12478763780358,0.0141258832320998,"[1.3585981035516639, 0.3692854875628342]",1.4078922466931545,1,1.4078922466931545,10,1.8110626889287005,moving,1231,[1221],[1221],1.0,[1221],[6.405860232356758],176.4429634888991,0,0.0,[],0.0,0,0.0,,
292695,8,,62.18505128985164,77.88201676027886,11,3.1281229082818807,0.5125244288657189,0.3718036188976219,6.10336353177313,4.9200127460006255,3.0795106548574305,-0.0452769829461496,"[-1.2946917273921201, -0.26692431872821487]",1.3219210494224356,1,1.3219210494224356,11,1.693823221501674,moving,1213,[],[],0.0,[],,8.380041823873759,0,0.0,[],0.0,0,0.0,,
291838,8,,60.967910880918105,77.43830672570365,12,1.6709442870026032,0.5109281468239095,0.3701522815784368,3.270409542691511,2.528662626433132,0.1462593212814278,-2.9332513335760027,"[-1.2171404089335383, -0.4437100345752043]",1.295495800781164,1,1.295495800781164,12,1.5353288158941047,moving,1209,[1228],[],1.0,[1228],[19.505416062079405],177.70179502946434,1,1.0,[],0.0,0,0.0,,
285785,8,,62.17524005766328,77.93414790664869,13,3.151765683774977,0.5345445054096661,0.4068618662412693,5.896170761982701,4.930575246528759,3.1014814099682466,2.955222088686819,"[1.2073291767451764, 0.4958411809450354]",1.3051828292393186,1,1.3051828292393186,13,1.4493472095411404,moving,1218,[1260],[],1.0,[1260],[107.85888051450152],6.477660688573173,0,0.0,[],0.0,0,0.0,,
317931,8,,63.38601994504354,78.59992439599014,22,1.5587529349812943,0.5699597603465706,0.544457206798431,2.7348473408604788,2.4737376236868727,2.340144884444963,0.5389808137835752,"[-0.0219023521231847, 0.016480978042409333]",0.0274105028367294,1,0.0274105028367294,22,2.300178608465654,moving,1264,[1242],[1242],1.0,[1242],[19.8186357902905],169.77402936844254,1,1.0,[],0.0,0,0.0,,
321035,8,,62.31476253978706,78.23983758620726,23,3.0611635203299747,0.5450219733593267,0.6031495268977008,5.616587348693527,4.905225245261259,0.9693530734678968,-1.370791810977066,"[-1.0712574052564818, -0.3600868097828851]",1.1301570416966245,1,1.1301570416966245,23,2.3099641072461323,moving,1240,[],[],0.0,[],,5.649335936245239,0,0.0,[],0.0,0,0.0,,
324448,8,,61.040377122758095,77.66634075098881,26,1.579970298446413,0.5228881000201443,0.6333583733047328,3.02162221397952,2.507537625376882,2.373656716854517,2.101852699300568,"[0.04956018580051591, 0.07192124840337044]",0.087343448457689,1,0.087343448457689,26,2.38172392455282,moving,1245,[1274],[1274],1.0,[1274],[8.171381727066375],165.2199737304674,1,1.0,[],0.0,0,0.0,,
333502,8,,61.34446281307682,77.91266047756287,27,1.5913991572583386,0.5089628765129492,0.6206677332333547,3.1267489844474925,2.5096501254825005,0.2866010411751544,-2.087055675679363,"[0.304085690318729, 0.24631972657405754]",0.3913329972748738,1,0.3913329972748738,27,2.4641236987344515,moving,1252,[1274],[1274],1.0,[1274],[7.203435308849777],16.2987490847377,0,0.0,[1308],1.0,0,0.0,[99.75453039785071],[80.24546960214929]
343410,8,,61.801869409154136,78.10409064656211,28,1.6379802406645498,0.5143503166777675,0.6288285355587151,3.18456154794344,2.5286626264331207,0.2844668354850681,-0.0021342056900863,"[0.4574065960773126, 0.19143016899924703]",0.4958490735477017,1,0.4958490735477017,28,2.569554933867095,moving,1250,[1270],[],1.0,[1270],[12.816002193658676],11.786618632414338,0,0.0,[1310],1.0,0,0.0,[110.46918963248217],[69.53081036751783]
378521,8,,62.49614068087848,78.58118791496555,47,1.6325795543441697,0.5339893713086515,1.3324303171646914,3.0573259358012974,2.5561251278062573,2.6373706156511623,0.0092349860234057,"[-0.04980276239859904, 0.07400197318202117]",0.089199816016424,1,0.089199816016424,47,4.114751603805343,moving,1296,[1341],[],1.0,[1341],[3.28269496358827],116.3493288619472,1,1.0,[],0.0,0,0.0,,
374462,8,,62.200268193839385,78.74623491214243,48,1.6528980983315684,0.4939845612396157,1.216039525611197,3.3460521401392573,2.528662626433121,0.4695911758581409,-2.167779439793021,"[-0.29587248703909097, 0.16504699717687288]",0.3387935062302696,1,0.3387935062302696,48,3.743866727537656,moving,1291,[1337],[],1.0,[1337],[4.558231155583286],11.867268234764405,0,0.0,[],0.0,0,0.0,,
381697,8,,61.8516968077467,79.0494722921617,49,1.605220874223049,0.5431841077132671,1.128173010771518,2.955205889547865,2.585700129284999,0.2071229039139645,-0.2624682719441764,"[-0.34857138609268645, 0.3032373800192687]",0.462011817861326,1,0.462011817861326,49,3.693957569016504,moving,1297,[1343],[],1.0,[1343],[1.3965000777056815],29.671583918475747,0,0.0,[1384],1.0,0,0.0,[61.213131239625056],[61.213131239625056]
380583,8,,61.67085099114063,79.56568490614484,50,1.6395336471573945,0.5247177150318211,0.9989437699443776,3.124601285965667,2.621612631080635,0.5178668336591901,0.3107439297452256,"[-0.18084581660607313, 0.5162126139831429]",0.5469741056203911,1,0.5469741056203911,50,3.745781466709604,moving,1306,[1345],[],1.0,[1345],[0.13609423220546546],62.598146189100575,0,0.0,[],0.0,0,0.0,,
373668,8,,62.13636105978541,80.05982502835,51,1.6940069458750469,0.5059249702674136,0.9218230813833472,3.3483363056376843,2.5962626298131344,1.0925437566445655,0.5746769229853756,"[0.4655100686447824, 0.4941401222051667]",0.6788770760473556,1,0.6788770760473556,51,3.778364336964268,moving,1319,[1355],[],1.0,[1355],[1.0877638403840848],5.325601172096439,0,0.0,[1394],1.0,0,0.0,[48.81407483429034],[48.81407483429034]
384698,8,,62.84829937224273,80.68711317300405,52,1.665938940154986,0.522776505394098,0.8381174468807786,3.1867134864813957,2.625837631291881,0.0929492751011424,-0.9995944815434232,"[0.7119383124573204, 0.6272881446540453]",0.9488659426747762,1,0.9488659426747762,52,4.014637920931474,moving,1335,[1370],[1370],1.0,[1370],[1.2122789676204349],55.51819614467685,0,0.0,[1411],1.0,0,0.0,[42.716546115384986],[42.716546115384986]
389591,8,,63.02185615071575,80.64340615552648,54,1.6539619709542035,0.5195343456016202,0.739950106508674,3.183546929970371,2.585700129285008,2.7101550664465406,2.597306624195842,"[-0.163402647869475, -0.2789262572182025]",0.3232650341384148,1,0.3232650341384148,54,3.057793095415326,moving,1332,[],[],0.0,[],,117.27855507373972,1,0.0,[],0.0,0,0.0,,
391419,8,,62.688452214464206,80.26541327956362,55,1.6870602752228645,0.5067862349235716,0.7357500097734194,3.3289386312500966,2.611050130552507,0.1928687368136509,-2.51728632963289,"[-0.33340393625154263, -0.37799287596286035]",0.5040206334930118,1,0.5040206334930118,55,2.451172788694079,moving,1334,[],[],0.0,[],,,0,0.0,[],0.0,0,0.0,,
396338,8,,62.08992826233867,79.49194959858184,56,1.6566770297916145,0.517108220728342,0.7474680464349784,3.203733693226151,2.594150129707506,0.0642277495227328,-0.128640987290918,"[-0.5985239521255394, -0.7734636809817772]",0.9779964146487732,1,0.9779964146487732,56,1.2016455572032827,moving,1316,[1304],[],1.0,[1304],[123.13884555369037],,0,0.0,[1304],1.0,0,0.0,[123.13884555369037],[56.86115444630963]
303370,10,,43.19856731716532,122.46223629579116,0,2.593017873093053,0.5270353679082636,2.4708357591492804,4.920007329649264,4.26302521315126,,,"[0.0, 0.0]",0.0,0,0.0,0,0.0,moving,1893,[],[],0.0,[],,,0,0.0,[],0.0,0,0.0,,
304663,10,,43.735495186208674,122.09822457142614,2,2.521548438346632,0.5334889898640892,2.410474162755403,4.7265238575758,4.172187708609387,0.0663237322885654,,"[0.2613817079041212, -0.19020366949209233]",0.3232612459221371,1,0.3232612459221371,2,0.7897134246155806,moving,1888,[1873],[1873],1.0,[1873],[131.6588951895453],,0,0.0,[1873],1.0,0,0.0,[131.6588951895453],[48.34110481045471]
305493,10,,44.60916011709654,121.51816732000088,5,2.6388461855238683,0.5106226580053053,-0.3900945392104099,5.16789872943016,4.134162706708143,2.828563609627277,1.66040522172447,"[-0.1197570284074061, -0.14488474118594752]",0.1879716310550378,1,0.1879716310550378,5,1.7889062741096098,moving,1898,[],[],0.0,[],,168.49745375285397,0,0.0,[],0.0,0,0.0,,
302241,10,,43.82639225559616,121.83568308336012,8,2.54989184484074,0.5380630141807404,-0.518954837997334,4.73902085376232,4.134162706708132,0.3143981505817598,-0.3717200497225519,"[-0.041122391227986554, -0.014460545552452686]",0.0435908068058179,1,0.0435908068058179,8,3.143050946200715,moving,1919,[1903],[1903],1.0,[1903],[134.79094310904136],146.52998964219017,0,0.0,[1903],1.0,0,0.0,[134.79094310904136],[45.209056890958635]
299943,10,,47.17077184835546,122.50947900774187,9,2.292826460500788,0.5019868474197091,0.536350733435516,4.567503057672277,3.4835126741756284,3.002261463314811,2.687863312733051,"[3.344379592759303, 0.6737959243817784]",3.4115796646390035,1,3.4115796646390035,9,3.602382405473721,moving,1928,[1918],[],1.0,[1918],[118.99138700868033],178.01191656189408,0,0.0,[1918],1.0,0,0.0,[118.99138700868033],[61.008612991319666]
298106,10,,43.64649180846717,121.92585663465884,10,2.571520283687862,0.5271120909075199,2.5417812819393264,4.878507490238973,4.17218770860939,3.106894051790473,0.104632588475662,"[-3.5242800398882963, -0.5836223730830596]",3.57227726722299,1,3.57227726722299,10,3.694403126169541,moving,1931,[],[],0.0,[],,55.53918705257315,0,0.0,[],0.0,0,0.0,,
301351,10,,43.34102669183011,122.24368478146366,11,2.568266824688628,0.5414106540525649,2.268215127034579,4.743657712430753,4.138387706919383,0.9693416779484364,-2.137552373842037,"[-0.305465116637059, 0.3178281468048283]",0.4408215833911533,1,0.4408215833911533,11,4.046260038405813,moving,1915,[],[],0.0,[],,28.96790927292968,0,0.0,[],0.0,0,0.0,,
301918,10,,42.96039635122247,122.36127958197618,12,2.6270907596948634,0.5212579881192361,2.1387198900422155,5.039905036609098,4.1151502057575104,0.505585394231642,-0.4637562837167943,"[-0.3806303406076381, 0.11759480051252069]",0.3983817180778582,1,0.3983817180778582,12,4.368622609766267,moving,1919,[],[],0.0,[],,32.729722280847774,0,0.0,[],0.0,0,0.0,,
294123,10,,42.46087990404013,122.95443506767012,13,2.55926452435162,0.5447360934231896,2.0650966665597443,4.698173216811983,4.100362705018131,0.5712414170641537,0.0656560228325117,"[-0.49951644718234434, 0.5931554856939556]",0.7754676725786215,1,0.7754676725786215,13,4.668796614799183,moving,1936,[],[],0.0,[],,9.160494949862676,0,0.0,[],0.0,0,0.0,,
332682,10,,41.93506254117513,123.40731054915628,14,2.63313728412604,0.5215553902522037,-0.9805282825187792,5.048624428658973,4.151062707553127,0.1598807979874284,-0.4113606190767253,"[-0.5258173628649985, 0.45287548148615997]",0.6939597256481262,1,0.6939597256481262,14,4.926638774093958,moving,1957,[],[],0.0,[],,120.72277393195417,1,0.0,[2016],1.0,1,1.0,[41.15739479627122],[41.15739479627122]
341107,10,,42.39413270175274,123.56126611655807,30,2.5472233918908893,0.5397897176159311,2.2885413789458,4.718917957794963,4.12148770607438,0.4018357616757612,0.1578752160114842,"[0.15079702300726439, -0.11433307298956663]",0.1892400426101489,1,0.1892400426101489,30,2.171813624553454,moving,2012,[],[],0.0,[],,79.14446958905916,0,0.0,[],0.0,0,0.0,,
354265,10,,42.61687521507656,123.16588318117428,31,2.573517305118313,0.5286285564418428,2.381405801270244,4.868290359568268,4.140500207025016,0.4090313063158129,0.0071955446400517,"[0.22274251332381567, -0.3953829353838074]",0.4538082115106845,1,0.4538082115106845,31,2.112115717068632,moving,2007,[],[],0.0,[],,8.421461978501009,0,0.0,[],0.0,0,0.0,,
360144,10,,43.0384932387109,122.06601981003146,38,2.669532102550235,0.5199753747014416,-0.9121300088830188,5.133958707338826,4.222887711144381,0.3109751633703068,-0.3584238312209464,"[-0.08789312083663248, -0.2499464513346794]",0.2649498617195376,1,0.2649498617195376,38,3.640163407643792,moving,2007,[],[],0.0,[],,175.4595479658849,1,0.0,[1991],1.0,1,1.0,[35.742000656641835],[35.742000656641835]
359898,10,,42.86790545938488,122.4234379001375,39,2.6852342734912087,0.5235496616730132,2.139745011039729,5.128900790252619,4.301050215052511,2.358145300596199,2.0471701372258924,"[-0.17058777932601998, 0.3574180901060373]",0.3960402524875853,1,0.3960402524875853,39,4.066557287685198,moving,2013,[],[],0.0,[],,27.099747638971536,0,0.0,[],0.0,0,0.0,,
377728,10,,41.7819116535873,123.25332659149004,51,2.7137012993471923,0.5226319417974912,1.9655059533194252,5.192375517680651,4.3010502150525145,0.2857574707945456,0.2021566092453317,"[-0.2481315912559552, 0.07251127568406446]",0.2585095195162894,1,0.2585095195162894,51,17.199247855114496,moving,2022,[2097],[2097],1.0,[2097],[104.67639313745002],52.24232045686224,0,0.0,[2097],1.0,0,0.0,[104.67639313745002],[75.32360686254998]
385784,10,,41.778680838413386,123.75154596515944,53,2.723330318012271,0.511346022304254,2.146581810604159,5.325807181877075,4.237675211883764,2.04073478373701,1.1489893938482023,"[0.21095115600005698, -0.015893477446411453]",0.2115490317706511,1,0.2115490317706511,53,20.31051906624803,moving,2049,[2109],[2109],1.0,[2109],[92.92734799174085],52.32257796263479,0,0.0,[2109],1.0,0,0.0,[92.92734799174085],[87.07265200825915]
391223,10,,41.229641163411245,124.16989116394876,54,2.6808793242536733,0.5234340640623227,1.841133275051488,5.121713522898414,4.246125212306261,2.5656821231593305,0.5249473394223205,"[-0.5490396750021418, 0.41834519878931076]",0.6902588428093662,1,0.6902588428093662,54,21.873370390620764,moving,2047,[],[],0.0,[],,52.84800472187293,0,0.0,[],0.0,0,0.0,,
392169,10,,40.89917696244913,124.07798362797864,55,2.696406513434296,0.5124161838674042,1.8426840796560429,5.262141591788666,4.176412708820637,0.9223716855061364,-1.6433104376531942,"[-0.33046420096211193, -0.09190753597010826]",0.3430066811093099,1,0.3430066811093099,55,21.95256967677998,moving,2055,[2118],[],1.0,[2118],[72.15774499569471],65.93906513528485,0,0.0,[2118],1.0,0,0.0,[72.15774499569471],[72.15774499569471]
399194,10,,40.54235229304722,124.50926366438982,56,2.6742750130867994,0.5197730439797199,-1.5194140767637807,5.145082154724326,4.2376752118837535,1.1508537922976645,0.2284821067915281,"[-0.3568246694019095, 0.43128003641116663]",0.5597555846086747,1,0.5597555846086747,56,21.379659269759944,moving,2058,[2122],[],1.0,[2122],[58.00134955093523],,0,0.0,[2122],1.0,0,0.0,[58.00134955093523],[58.00134955093523]
399572,10,,40.18753753204775,124.6916918702842,57,2.752841400346808,0.5068609891794373,-1.5405311375750887,5.431156587535789,4.144725207236252,0.4046886807021126,-0.7461651115955519,"[-0.3548147609994743, 0.18242820589438224]",0.3989656187304329,1,0.3989656187304329,57,19.38906954200233,moving,2064,[],[],0.0,[],,,0,0.0,[],0.0,0,0.0,,
282901,11,,7.537409962871322,18.78772102107141,0,1.8294388821052308,0.5390625936594621,-0.5559285783306528,3.393741104694288,2.809625140481253,,,"[0.0, 0.0]",0.0,0,0.0,0,0.0,moving,314,[],[],0.0,[],,,0,0.0,[],0.0,0,0.0,,
290601,11,,6.510503463092604,18.91446416923121,2,1.8323133033666743,0.4940908443477774,2.0734103899386778,3.7084542737994095,2.7737126386856312,0.8906567440614568,,"[-0.05450486481057926, 0.07519906624757411]",0.0928745382358725,1,0.0928745382358725,2,5.084493249479968,moving,313,[],[],0.0,[],,,0,0.0,[],0.0,0,0.0,,
289310,11,,6.354705558817169,19.470649616213592,3,1.8270759075587144,0.5061949318867265,2.1086968672898445,3.609431451138209,2.7906126395306305,0.3540634530568259,-0.5365932910046309,"[-0.1557979042754356, 0.5561854469823828]",0.5775943545530987,1,0.5775943545530987,3,9.489904830749452,moving,319,[],[],0.0,[],,25.4824219934442,0,0.0,[],0.0,0,0.0,,
284880,11,,4.876287089325723,21.16354438873768,4,1.8512101490746355,0.5025763695158624,-1.0266428408953394,3.6834404905625138,2.809625140481256,0.4447521651682192,0.0906887121113932,"[-1.4784184694914453, 1.6928947725240846]",2.2475795607214444,1,2.2475795607214444,4,15.418268608863256,moving,350,[],[],0.0,[],,44.79755409739562,0,0.0,[],0.0,0,0.0,,
282244,11,,4.913416601955184,21.7429556573523,7,1.874620783636026,0.4974582441100983,2.0114188513128077,3.7683982642393032,2.8159626407981304,3.041030503026582,0.3956892961400107,"[-0.0801950406986931, 0.16883969584220893]",0.1869173278344056,1,0.1869173278344056,7,41.7192986855404,moving,350,[],[],0.0,[],,31.15929551263125,0,0.0,[],0.0,0,0.0,,
283262,11,,3.814262474121232,23.85506695676458,8,1.8439202631680205,0.5190047435023516,1.5741414883647369,3.552800405493145,2.758925137946255,0.0364084506737415,-3.00462205235284,"[-1.0991541278339518, 2.1121112994122804]",2.3809985169754824,1,2.3809985169754824,8,53.65949630808428,moving,385,[428],[428],1.0,[428],[18.652595561477497],41.30119191554225,0,0.0,[428],1.0,0,0.0,[18.652595561477497],[18.652595561477497]
282950,11,,4.203292058227191,25.437900432229668,9,1.8749493167155955,0.5000578722300457,-1.3089768815622151,3.74946465366922,2.7652626382631307,0.7208417839242753,0.6844333332505338,"[0.389029584105959, 1.5828334754650868]",1.6299404370597537,1,1.6299404370597537,9,66.79317863742372,moving,408,[],[],0.0,[],,16.075074636284867,0,0.0,[],0.0,0,0.0,,
280897,11,,4.158688521157973,26.564815915692627,10,1.822664133651393,0.4875743240608436,1.3662072714779063,3.738228294039424,2.6871001343550063,0.2805629799070004,-0.4402788040172748,"[-0.044603537069217936, 1.126915483462959]",1.1277978464191354,1,1.1277978464191354,10,80.93744990738773,moving,422,[466],[466],1.0,[466],[33.58683199893507],8.622064118375755,0,0.0,[466],1.0,0,0.0,[33.58683199893507],[33.58683199893507]
283306,11,,4.284874659093188,27.69773878768152,11,1.8989535219126477,0.4772852368276632,1.188326155502558,3.978655477664221,2.750475137523754,0.1504834071837205,-0.1300795727232799,"[0.12618613793521494, 1.1329228719888889]",1.1399285834132582,1,1.1399285834132582,11,95.8935018578608,moving,440,[488],[488],1.0,[488],[46.186078570417294],1.9010124799824732,0,0.0,[488],1.0,0,0.0,[46.186078570417294],[46.186078570417294]
283568,11,,4.414344657922426,29.35969975435868,12,1.8766795050642655,0.4878815663097994,0.3181234116164124,3.846588259644544,2.7314626365731267,0.0331789268972003,-0.1173044802865202,"[0.12946999882923738, 1.6619609666771602]",1.6669963213382697,1,1.6669963213382697,12,111.84842282442916,moving,472,[],[],0.0,[],,43.70126505650764,0,0.0,[],0.0,0,0.0,,
327788,11,,4.882444908912691,29.77888107318297,14,1.8702802312793965,0.4892637548527517,0.2487130699376173,3.8226421081248376,2.7420251371012574,2.7458269316955883,1.902953207236055,"[-0.12628579274666762, -0.032840223488360465]",0.1304859445626989,1,0.1304859445626989,14,146.21081834828684,moving,488,[],[],0.0,[],,10.503027709035749,0,0.0,[],0.0,0,0.0,,
315650,11,,6.970012196523184,31.05020135838631,15,1.9041095417858132,0.4748389115491049,0.1219038425597573,4.010011596509403,2.78216263910813,2.8489965847097305,0.1031696530141421,"[2.0875672876104927, 1.2713202852033412]",2.444216121350756,1,2.444216121350756,15,165.41783075028104,moving,510,[],[],0.0,[],,19.23304091253647,0,0.0,[],0.0,0,0.0,,
307486,11,,7.427665495338784,31.60684818716101,16,1.9303540140092064,0.4937900666084121,0.2250339892007788,3.9092605229339807,2.853987642699374,0.3356798890945362,-2.5133166956151944,"[0.45765329881560035, 0.5566468287746993]",0.7206262789419565,1,0.7206262789419565,16,185.42122352505805,moving,522,[],[],0.0,[],,33.595694924240426,0,0.0,[],0.0,0,0.0,,
308761,11,,9.323203965584074,32.18559826446411,17,1.8340976562765885,0.4914341063485959,0.2574740047072933,3.732133428638308,2.7166751358337544,0.5863554909235423,0.2506756018290061,"[1.89553847024529, 0.578750077303102]",1.981922739200043,1,1.981922739200043,17,206.7725258335782,moving,530,[],[],0.0,[],,4.923824383153285,0,0.0,[],0.0,0,0.0,,
310684,11,,10.616163433819906,32.70542810399262,19,1.897534153712663,0.4947156873011525,0.5599144381747523,3.83560538390116,2.8180751409037583,1.9348077795806933,1.884301916003777,"[-0.034467685394382386, 0.04003181785669341]",0.0528258249093906,1,0.0528258249093906,19,253.81291056881008,moving,532,[558],[558],1.0,[558],[40.015792902464455],32.46718796091845,0,0.0,[558],1.0,0,0.0,[40.015792902464455],[40.015792902464455]
307882,11,,11.229233911683286,33.56079696997244,20,1.8432605108513052,0.50596367183382,0.9699232633411612,3.6430688870815033,2.8392001419600037,1.332717367099718,-0.6020904124809754,"[0.6130704778633795, 0.8553688659798198]",1.052383631436386,1,1.052383631436386,20,280.1483187975229,moving,541,[],[],0.0,[],,6.822038755576863,0,0.0,[],0.0,0,0.0,,
314047,11,,11.976394530179077,34.919407924267205,21,1.820966762797338,0.5337042709769332,1.1416596053878565,3.411939648644934,2.856100142805003,0.1190670379834804,-1.2136503291162375,"[0.7471606184957889, 1.3586109542947682]",1.5505072444076973,1,1.5505072444076973,21,306.62582275177925,moving,556,[],[],0.0,[],,7.600218977533915,0,0.0,[],0.0,0,0.0,,
309174,11,,13.41983186144428,36.87662563144197,22,1.8250865049357208,0.4969335380325246,0.7722141024951829,3.672697383560913,2.727237636361881,0.1326488450305279,0.0135818070470475,"[1.443437331265205, 1.9572177071747632]",2.4319153937932243,1,2.4319153937932243,22,332.5107087950079,moving,591,[],[],0.0,[],,3.916392067712111,0,0.0,[],0.0,0,0.0,,
314037,11,,13.946731393017346,37.49737575860746,23,1.8932669175891603,0.5081573736413022,0.9399576489956898,3.725749178886418,2.95327514766375,0.0683539363805634,-0.0642949086499645,"[0.5268995315730667, 0.6207501271654934]",0.8142197717741159,1,0.8142197717741159,23,357.3572310328352,moving,601,[],[],0.0,[],,59.07429709483909,0,0.0,[],0.0,0,0.0,,
319236,11,,14.391694471568892,37.423718500463366,24,1.8389357164159197,0.5052477705172107,0.7376380300571687,3.63967111528952,2.8223001411150035,1.031040987606263,0.9626870512256996,"[0.44496307855154527, -0.0736572581440953]",0.451018328841938,1,0.451018328841938,24,383.03274472829054,moving,594,[605],[605],1.0,[605],[36.642616625702885],58.436073940053355,0,0.0,[605],1.0,0,0.0,[36.642616625702885],[36.642616625702885]
322047,11,,15.406452766113734,38.59258032989388,25,1.8793453742795048,0.4992033639786233,0.8839260804663891,3.764688922168365,2.8835626441781304,1.0199018921927865,-0.0111390954134764,"[1.0147582945448423, 1.1688618294305115]",1.5478928815157718,1,1.5478928815157718,25,411.4464105318245,moving,616,[],[],0.0,[],,5.6537577273484985,0,0.0,[],0.0,0,0.0,,
315917,11,,16.12349841452167,39.60494692599235,26,1.8721713380832148,0.5016539235267934,0.8226315559532852,3.731997798245511,2.8328626416431284,0.0986766874523031,-0.9212252047404832,"[0.7170456484079359, 1.0123665960984738]",1.2405807457786726,1,1.2405807457786726,26,442.72739872694814,moving,628,[],[],0.0,[],,23.8660425111923,0,0.0,[],0.0,0,0.0,,
332905,11,,16.408606690408313,39.775071042685646,27,1.8656437165485389,0.5251695040693636,0.789356089327551,3.5524601144816805,2.915250145762509,0.4165410212412413,0.3178643337889382,"[0.28510827588664256, 0.17012411669329452]",0.33200744578959,1,0.33200744578959,27,473.4752958760254,moving,630,[],[],0.0,[],,16.518014577846767,0,0.0,[],0.0,0,0.0,,
338987,11,,17.315176489217283,40.75897618576423,28,1.915989244340007,0.4875889367935715,0.8636282657335834,3.929517468012552,2.849762642488131,0.2882937402758437,-0.1282472809653975,"[0.9065697988089703, 0.9839051430785801]",1.3378856941790722,1,1.3378856941790722,28,504.91880684218575,moving,643,[],[],0.0,[],,6.409119219187285,0,0.0,[],0.0,0,0.0,,
334994,11,,18.8165399568473,42.06103181702903,30,1.8848601685876416,0.5131307684105219,0.3275227459745349,3.6732550153369288,2.906800145340006,1.4661025291010752,1.453467713500604,"[0.20090788722990638, -0.14562029481318461]",0.2481315163631246,1,0.2481315163631246,30,569.9419589006661,moving,682,[],[],0.0,[],,130.6039544424531,1,0.0,[],0.0,0,0.0,,
341258,11,,18.818800470469995,41.66792604169824,32,1.9320509912965016,0.5024161583098435,0.1476793886577305,3.8455192161733622,2.957500147875005,0.0284080465678285,-0.90521137747717,"[-0.0010811256940073122, -0.05870042601818426]",0.0587103810878669,1,0.0587103810878669,32,641.6312014200847,moving,668,[686],[686],1.0,[686],[126.90447566187126],74.78309301358728,0,0.0,[],0.0,0,0.0,,
343397,11,,20.62964230678553,41.18652341772224,33,1.936077332064893,0.4829926551805709,0.1065458786433922,4.008502637252474,2.830750141537506,1.3293771283525555,1.300969081784727,"[1.8108418363155359, -0.4814026239759954]",1.873738680425207,1,1.873738680425207,33,680.0779681717245,moving,662,[665],[665],1.0,[665],[168.12935083918813],21.806252827512544,0,0.0,[665],1.0,0,0.0,[168.12935083918813],[11.870649160811865]
340675,11,,22.07878788337609,41.36237218049456,34,1.86096417679396,0.5081371478448232,0.4323168054726789,3.662326568106507,2.9237001461850083,0.3805909093624167,-0.948786218990139,"[1.4491455765905634, 0.17584876277231842]",1.4597759038703686,1,1.4597759038703686,34,720.8411010086209,moving,659,[],[],0.0,[],,178.06408614048908,1,0.0,[],0.0,1,0.0,,
346027,11,,20.33969225546515,41.091444689257614,35,1.8949418043328885,0.5039454695648627,0.113674678837061,3.7602120046224377,2.8497626424881357,3.1078045827063367,2.72721367334392,"[-1.7390956279109453, -0.2709274912369466]",1.7600725293370474,1,1.7600725293370474,35,762.2146793243497,moving,671,[],[],0.0,[],,42.503705618096234,0,0.0,[],0.0,0,0.0,,
344622,11,,20.04187835904906,40.71893423096909,36,1.912127519334389,0.5129722976835875,0.4031790841283631,3.7275453820195,2.9258126462906264,0.7418296073341912,-2.3659749753721453,"[-0.2978138964160877, -0.3725104582885237]",0.4769246884287478,1,0.4769246884287478,36,808.0783637714916,moving,666,[],[],0.0,[],,151.5873342998627,1,0.0,[621],1.0,1,1.0,[46.24946293384626],[46.24946293384626]
344438,11,,20.491803720720533,40.909413831944775,37,1.9237232720820892,0.4884049469953789,0.2450447733914544,3.938787442503712,2.875112643755637,2.6456980878539373,1.903868480519746,"[0.4499253616714718, 0.19047960097568506]",0.4885850074071664,1,0.4885850074071664,37,859.0113642728111,moving,677,[697],[697],1.0,[697],[150.91456685923131],10.485195735280644,0,0.0,[697],1.0,0,0.0,[150.91456685923131],[29.085433140768686]
351402,11,,21.77575307695564,41.19313175824185,38,1.960010682971855,0.4968785523390987,0.084865302796263,3.944647386660051,2.919475145973756,0.1830011882967131,-2.462696899557224,"[1.2839493562351052, 0.28371792629707215]",1.3149227395854295,1,1.3149227395854295,38,912.6289517526756,moving,685,[696],[696],1.0,[696],[149.41536633508457],3.76078889020479,0,0.0,[696],1.0,0,0.0,[149.41536633508457],[30.58463366491543]
350596,11,,23.502704372138872,41.45738580111329,39,1.891341448161172,0.5038070609888671,0.2856815056572798,3.7540987306705618,2.9025751451287585,0.0656381486064988,-0.1173630396902143,"[1.726951295183234, 0.2642540428714426]",1.7470520813956725,1,1.7470520813956725,39,964.2174292532566,moving,690,[],[],0.0,[],,8.960337540949718,0,0.0,[],0.0,0,0.0,,
354450,11,,25.123662206647676,41.97345662143967,40,1.8541357660840383,0.5008660993926884,0.4355638139012074,3.701859176199428,2.8370876418543816,0.1563873921796262,0.0907492435731274,"[1.6209578345088005, 0.5160708203263766]",1.7011270948544084,1,1.7011270948544084,40,1014.9107033896032,moving,690,[],[],0.0,[],,33.71387547422216,0,0.0,[],0.0,0,0.0,,
360562,11,,25.594863208586272,41.83786336478558,41,1.9324648294522544,0.4902179269264369,0.2446194251116573,3.942052551134557,2.8180751409037588,0.5884181306325399,0.4320307384529137,"[0.47120100193859926, -0.13559325665408295]",0.4903222567638551,1,0.4903222567638551,41,1064.758884993808,moving,690,[],[],0.0,[],,26.842139227115133,0,0.0,[],0.0,0,0.0,,
364319,11,,26.241432623848485,41.96106725239172,42,1.9330160630206772,0.4843131514498953,0.6523195042347945,3.991252472153149,2.887787644389378,0.4684837077918727,-0.1199344228406671,"[0.6465694152622135, 0.12320388760613099]",0.6582030132670199,1,0.6582030132670199,42,1120.599369981446,moving,682,[700],[700],1.0,[700],[49.12297082670746],16.478513075890785,0,0.0,[700],1.0,0,0.0,[49.12297082670746],[49.12297082670746]
365161,11,,26.704401147225077,42.19968450822765,43,1.8934396403699287,0.4995010713158782,0.9726537635128883,3.790661820568032,2.9363751468187536,0.2876043090072582,-0.1808793987846145,"[0.46296852337658834, 0.2386172558359334]",0.5208435930489785,1,0.5208435930489785,43,1176.3054549663923,moving,681,[713],[713],1.0,[713],[34.02677295149586],34.438116320933894,0,0.0,[702],1.0,0,0.0,[22.486052543973074],[22.486052543973074]
385773,11,,26.985940815493045,42.72267008215053,44,1.9379599415147424,0.4960548277270295,1.2206623030376489,3.9067454506887054,2.999750149987508,0.6010585179850721,0.3134542089778139,"[0.28153966826797117, 0.522985573922881]",0.5939515934315561,1,0.5939515934315561,44,1229.5873078235809,moving,694,[],[],0.0,[],,8.030749166916163,0,0.0,[],0.0,0,0.0,,
370319,11,,27.1424383732646,43.146550922899934,46,1.9466825121190483,0.4934408193188425,1.19284570930655,3.945118514528846,2.9384876469243824,1.3214697612118025,1.1365324671146286,"[0.02083269170153912, -0.0012426152723961081]",0.0208697181640425,1,0.0208697181640425,46,1334.4347138018463,moving,707,[740],[740],1.0,[740],[19.926984226879767],4.329289549659526,0,0.0,[740],1.0,0,0.0,[19.926984226879767],[19.926984226879767]
374471,11,,27.536945928223528,44.52828135658624,47,1.906443729976796,0.4925986685192669,1.043678309139361,3.8701763764556936,2.951162647558132,1.352255838392857,0.0307860771810544,"[0.39450755495892764, 1.3817304336863074]",1.4369464855361256,1,1.4369464855361256,47,1391.6875128834906,moving,737,[],[],0.0,[],,20.24403153272454,0,0.0,[],0.0,0,0.0,,
369884,11,,28.55112547293089,45.91504931743388,48,1.9015097669319183,0.4980647824871846,0.8296538111469234,3.817796065476372,2.9237001461850083,0.3533250041236001,-0.9989308342692568,"[1.014179544707364, 1.386767960847635]",1.7180470092917552,1,1.7180470092917552,48,1446.350142105889,moving,747,[],[],0.0,[],,13.231746055597382,0,0.0,[],0.0,0,0.0,,
379002,11,,29.47154316529329,46.70364392427216,49,1.959355710103546,0.5063254569756785,0.2947041386249154,3.8697554766590847,3.003975150198758,0.2309375344579368,-0.1223874696656632,"[0.9204176923624026, 0.7885946068382879]",1.2120438038075043,1,1.2120438038075043,49,1493.70620777227,moving,768,[],[],0.0,[],,29.52745573508208,0,0.0,[],0.0,0,0.0,,
377333,11,,31.473306778274686,47.09498928959743,50,1.9332821945166956,0.4979280415888937,0.0766332351919901,3.882653783361088,2.961725148086254,0.5153513223140748,0.2844137878561379,"[2.0017636129813923, 0.39134536532526454]",2.039658980618545,1,2.039658980618545,50,1536.783524346913,moving,778,[],[],0.0,[],,20.5414565165239,0,0.0,[],0.0,0,0.0,,
370389,11,,32.83902840558341,46.866944843439,51,1.966313731877947,0.5027909888817867,2.8715573988616976,3.910797479189221,3.037775151888757,0.3585160493685835,-0.1568352729454912,"[1.3657216273087265, -0.22804444615842812]",1.3846298540485469,1,1.3846298540485469,51,1569.853230219611,moving,772,[],[],0.0,[],,6.377190295154453,0,0.0,[],0.0,0,0.0,,
382120,11,,33.83901198974271,46.81274486368192,52,1.8845368116605432,0.5051310429471378,0.0147839088110359,3.730787956854516,2.8751126437556342,0.1113029676766681,-0.2472130816919153,"[0.9999835841592954, -0.05419997975708668]",1.0014513499884752,1,1.0014513499884752,52,1592.0223349315447,moving,785,[791],[],1.0,[791],[135.61969419752114],10.61892525827162,0,0.0,[791],1.0,0,0.0,[135.61969419752114],[44.38030580247886]
390345,11,,34.257926086782504,46.86801853527414,55,1.9401648528947304,0.5109214472715891,0.041122008385944,3.797383850796544,2.980737649036876,2.081350913501736,0.5114577307117651,"[-0.11087080643220304, 0.019006504746919006]",0.1124881457826632,1,0.1124881457826632,55,1652.0037734827056,moving,779,[],[],0.0,[],,5.635187258092815,0,0.0,[],0.0,0,0.0,,
394297,11,,35.17591398690951,46.89817127554772,56,1.891786716707944,0.5227910908792915,-0.0533882837923355,3.6186284535302895,2.8687751434387487,2.938978921554895,0.8576280080531591,"[0.9179879001270024, 0.030152740273578615]",0.9184829734543744,1,0.9184829734543744,56,1680.2258332115252,moving,783,[],[],0.0,[],,,0,0.0,[],0.0,0,0.0,,
394597,11,,35.050180139820185,49.03627625820615,57,2.951050508654855,0.4804376194802785,2.4694172835765342,6.142421802537452,4.360200218010007,1.596700137952357,-1.3422787836025378,"[-0.12573384708932167, 2.138104982658433]",2.141798757393584,1,2.141798757393584,57,1712.23421545753,moving,798,[],[],0.0,[],,,0,0.0,[],0.0,0,0.0,,
291093,12,,93.08589438351328,60.33606759850951,0,2.064647632364305,0.5107657415292723,0.5504330091708385,4.042259424413605,3.297612664880627,,,"[0.0, 0.0]",0.0,0,0.0,0,0.0,moving,913,[898],[898],1.0,[898],[46.31382043911576],,0,0.0,[898],1.0,0,0.0,[46.31382043911576],[46.31382043911576]
288126,12,,92.75480754720569,60.66813904510696,1,2.066373415598731,0.558029655116778,0.0453786321152088,3.702981367838425,3.4074626703731403,,,"[-0.3310868363076054, 0.33207144659745325]",0.4689242356943223,1,0.4689242356943223,1,0.6907244221719788,moving,925,[896],[896],1.0,[896],[80.80692982720754],,0,0.0,[896],1.0,0,0.0,[80.80692982720754],[80.80692982720754]
299539,12,,91.949606347403,61.22830392214579,3,2.1088054108023244,0.5209150664432038,2.749708474930581,4.048271103389656,3.356762667838132,0.7714078931991113,0.4407183136599901,"[-0.07151460083846928, 0.2001327151345791]",0.2125263320161155,1,0.2125263320161155,3,3.3993799924819905,moving,940,[],[],0.0,[],,168.64154327268656,1,0.0,[],0.0,1,0.0,,
288147,12,,92.72632096440122,60.41880206390313,7,2.100147009269039,0.5179554074819308,2.926719249381154,4.054686907274549,3.308175165408759,1.3172557165166183,-1.4705703547498925,"[-0.01273132225082918, -0.035495543361228954]",0.0377096826393877,1,0.0377096826393877,7,13.733466271183865,moving,941,[],[],0.0,[],,33.61705895638274,0,0.0,[],0.0,0,0.0,,
288640,12,,94.46122056113391,60.03205249014314,8,2.091870878513236,0.5101682455539626,-0.2964933405968214,4.1003549255438125,3.238462661923126,1.695840439082306,0.3785847225656875,"[1.7348995967327028, -0.3867495737599924]",1.7774846957278791,1,1.7774846957278791,8,16.78681241861526,moving,935,[915],[915],1.0,[915],[140.62111257011946],4.18220368439439,0,0.0,[915],1.0,0,0.0,[140.62111257011946],[39.378887429880535]
288159,12,,95.66070482889026,59.67106502145352,9,2.1799311483912964,0.4836600078747314,-0.084850163418631,4.507156086711022,3.1201626560081257,0.0729932242817336,-1.6228472148005726,"[1.1994842677563327, -0.36098746868962195]",1.2526270239564077,1,1.2526270239564077,9,20.05242677839249,moving,934,[],[],0.0,[],,8.668691468977402,0,0.0,[],0.0,0,0.0,,
287970,12,,96.38862270052452,59.56771849734187,11,2.153330434550712,0.4929907890151531,2.8992520715424224,4.367891819748634,3.1962126598106257,0.4515663194445502,0.2511783906721874,"[0.07076253765018237, -0.04275535795861174]",0.0826762200929777,1,0.0826762200929777,11,27.202063708080946,moving,938,[],[],0.0,[],,0.5516355009932296,0,0.0,[],0.0,0,0.0,,
288201,12,,97.41555871245554,59.43199174554571,12,2.120110969918918,0.5064867090726989,3.015602783926401,4.185916297390159,3.2532501626625,0.4121034544086354,-0.0394628650359147,"[1.0269360119310136, -0.13572675179616311]",1.0358664603866234,1,1.0358664603866234,12,31.03478615459253,moving,934,[],[],0.0,[],,22.084755541220947,0,0.0,[],0.0,0,0.0,,
283559,12,,98.56014380868832,59.72919108065638,13,2.0964652340501484,0.4998210152730838,0.1895129387150836,4.194431946613363,3.225787661289377,0.385451698692371,-0.0266517557162643,"[1.144585096232774, 0.297199335110669]",1.182540691607867,1,1.182540691607867,13,35.00452479525042,moving,945,[],[],0.0,[],,171.38508642550005,0,0.0,[],0.0,0,0.0,,
330094,12,,98.00464934275465,59.67138567256546,14,2.08248468488516,0.5101084848276127,3.023243642460621,4.082434907133372,3.2405751620287577,2.9912340469400003,2.605782348247629,"[-0.5554944659336627, -0.05780540809091406]",0.5584940168770676,1,0.5584940168770676,14,39.12808869875488,moving,942,[],[],0.0,[],,97.54019963211124,0,0.0,[],0.0,0,0.0,,
320187,12,,98.07038916961216,62.02591513520949,15,1.886045029992424,0.5466406999564121,0.5023337919002556,3.450246258909761,3.027212651360621,1.702397636632899,-1.2888364103071013,"[0.06573982685752355, 2.354529462644024]",2.355447030882676,1,2.355447030882676,15,43.532961964291054,moving,969,[942],[942],1.0,[942],[127.06754025529611],155.46548778686702,0,0.0,[],0.0,0,0.0,,
310343,12,,98.98899004321402,59.85500360341904,16,2.1304972551933963,0.5101086217366733,2.7179228667474837,4.176556059648792,3.341975167098754,2.7133846350998607,1.0109869984669615,"[0.9186008736018465, -2.170911531790445]",2.3572620651600897,1,2.3572620651600897,16,47.88487630250533,moving,949,[],[],0.0,[],,28.054594476794072,0,0.0,[],0.0,0,0.0,,
312266,12,,99.68116710108936,59.29428543297773,17,2.20060297069031,0.5251975061879032,2.715927740074669,4.190048400387846,3.4222501711125064,0.4896450439318783,-2.2237395911679823,"[0.692177057875341, -0.5607181704413122]",0.8907939975729605,1,0.8907939975729605,17,52.279360112465945,moving,930,[],[],0.0,[],,24.25773725030795,0,0.0,[],0.0,0,0.0,,
316766,12,,101.4141384706192,58.83795219826312,18,2.1513967294183107,0.5411867752614238,2.4370768231062088,3.975331304758999,3.437037671851889,0.4233773841015477,-0.0662676598303306,"[1.7329713695298352, -0.45633323471461296]",1.7920462574150298,1,1.7920462574150298,18,56.57386544524012,moving,930,[],[],0.0,[],,19.93021038246959,0,0.0,[],0.0,0,0.0,,
314273,12,,102.1226680887442,58.347659797165846,19,2.1267231709305108,0.5143424961951959,2.386606505839713,4.134838530089894,3.424362671218133,0.3478477917892507,-0.075529592312297,"[0.7085296181249987, -0.4902924010972711]",0.8616268672308705,1,0.8616268672308705,19,60.30783623404315,moving,926,[],[],0.0,[],,11.644762985500885,0,0.0,[],0.0,0,0.0,,
310252,12,,103.73379748938724,57.66251719456224,20,2.069684750062878,0.5236195016844735,2.4361988411336046,3.952650242026402,3.3525376676268803,0.2032394547113513,-0.1446083370778993,"[1.611129400643037, -0.6851426026036123]",1.7507593585409855,1,1.7507593585409855,20,63.8031212931765,moving,913,[894],[894],1.0,[894],[116.02581270343565],9.691008979775743,0,0.0,[894],1.0,0,0.0,[116.02581270343565],[63.97418729656435]
317193,12,,104.62977901258736,57.44994141924449,21,2.0699878445344955,0.5093431231047422,2.295533314401141,4.064034146405506,3.3145126657256228,0.1691400145374371,-0.0340994401739141,"[0.8959815232001347, -0.2125757753177453]",0.9208535986615756,1,0.9208535986615756,21,66.28991186951686,moving,904,[882],[],1.0,[882],[114.81610513252377],21.168785932352023,0,0.0,[882],1.0,0,0.0,[114.81610513252377],[65.18389486747623]
312013,12,,105.71663546044785,56.7025272073738,22,2.1286541571008675,0.5060710167665882,2.6722984772480345,4.206236054973788,3.2764876638243843,0.3694650131694112,0.2003249986319741,"[1.0868564478604839, -0.7474142118706908]",1.3190469826212388,1,1.3190469826212388,22,68.184178449717,moving,904,[],[],0.0,[],,0.0770216350742465,0,0.0,[],0.0,0,0.0,,
333167,12,,105.92844219067956,56.55729001686483,27,2.146506037114409,0.5323812229142069,2.69394629710619,4.0318965897494055,3.447600172380021,1.016597514936065,0.3257726546588796,"[-0.2542898706368959, -0.009911568038347696]",0.2544829610985931,1,0.2544829610985931,27,74.04651859115673,moving,903,[],[],0.0,[],,140.36245487415292,0,0.0,[],0.0,0,0.0,,
354390,12,,104.69106694295009,56.44470464294179,38,2.1894714618964817,0.5245487902365208,-0.0948647580644202,4.174009172548548,3.3990126699506256,0.4500235196819478,-2.4148929293831376,"[0.03395111896855951, -0.003517942271500374]",0.0341328931830117,1,0.0341328931830117,38,154.28130341877932,moving,927,[],[],0.0,[],,179.01449669520386,0,0.0,[],0.0,0,0.0,,
352531,12,,105.0402848840679,56.47043151928559,39,2.2166868296572666,0.5140495592597212,-0.173792908425197,4.312204513606626,3.405350170267505,0.1767865235235276,-0.2732369961584202,"[0.34921794111782845, 0.02572687634380344]",0.3501643079541152,1,0.3501643079541152,39,166.748099898353,moving,930,[],[],0.0,[],,8.355197166784151,0,0.0,[],0.0,0,0.0,,
356697,12,,105.86829360716428,56.65503646555261,40,2.183358096638496,0.5079201983081032,2.7491392482718258,4.298624279781202,3.3652126682606305,0.1458257002136867,-0.0309608233098408,"[0.8280087230963886, 0.18460494626702229]",0.8483380409423841,1,0.8483380409423841,40,179.6843506931648,moving,929,[],[],0.0,[],,52.94538611420904,0,0.0,[],0.0,0,0.0,,
366146,12,,106.05157533299848,57.0574711423959,43,2.2136898732754218,0.4950037430068689,-0.3535916382910856,4.47206693797607,3.3715501685774987,0.9189380234196068,-0.0181986037616753,"[0.1221703172646329, -0.021075748644065584]",0.1239748910120468,1,0.1239748910120468,43,218.28050514308967,moving,925,[],[],0.0,[],,27.047349200033143,0,0.0,[],0.0,0,0.0,,
386661,12,,106.02870343405851,57.56877024977212,44,2.153823889204216,0.5248750563632508,2.625395632005083,4.103498276575781,3.4159126707956355,1.786329248785331,0.8673912253657243,"[-0.022871898939968105, 0.5112991073762245]",0.5118104150609326,1,0.5118104150609326,44,231.93694021248973,moving,937,[],[],0.0,[],,111.82388758150208,1,0.0,[],0.0,0,0.0,,
366138,12,,106.62235995721376,57.361309767360304,45,2.1809030170143098,0.4958174635787548,2.467079516359396,4.39860064886137,3.380000169000001,1.9516950206772172,0.1653657718918864,"[0.5936565231552322, -0.20746048241181825]",0.628862400885363,1,0.628862400885363,45,244.27069435642628,moving,941,[],[],0.0,[],,28.543124891239792,0,0.0,[],0.0,0,0.0,,
375668,12,,107.5034382514146,56.38942107103862,47,2.178129254729601,0.5114270842036218,2.467323421490339,4.258924335462827,3.409575170478754,0.2012929788718793,-0.2870582534073286,"[0.033400080799509624, -0.05509861963971474]",0.0644315395098994,1,0.0644315395098994,47,274.5364617649129,moving,924,[],[],0.0,[],,1.5828188157561651,0,0.0,[],0.0,0,0.0,,
371163,12,,108.05100582627364,55.81796597878162,48,2.16908524887002,0.5165754415836051,2.349222349128132,4.198970903882903,3.380000169000002,0.2190981027884719,0.0178051239165926,"[0.5475675748590447, -0.571455092256997]",0.7914487800884328,1,0.7914487800884328,48,290.47586271395454,moving,905,[],[],0.0,[],,4.425549076748045,0,0.0,[],0.0,0,0.0,,
379673,12,,108.68387128078322,55.04617346287469,49,2.1956112901096843,0.494812659796294,-0.923887280187928,4.437257710854811,3.377887668894373,0.0772404025978601,-0.1418577001906118,"[0.6328654545095702, -0.771792515906931]",0.9980893602887244,1,0.9980893602887244,49,304.530644233627,moving,890,[],[],0.0,[],,19.56122015380773,0,0.0,[],0.0,0,0.0,,
378007,12,,109.7911557553139,54.378553500983216,50,2.197243967205159,0.5021749597536951,2.4299523211669585,4.375455057103713,3.403237670161876,0.3414076973914278,0.2641672947935676,"[1.1072844745306725, -0.6676199618914751]",1.2929792423131323,1,1.2929792423131323,50,318.00442231633536,moving,877,[],[],0.0,[],,24.85820955976449,0,0.0,[],0.0,0,0.0,,
379454,12,,110.07523499232738,53.95825271508132,53,2.18168357019788,0.4886139503991399,-0.3333950741552403,4.46504560177969,3.35042516752125,2.062190398723183,-0.9571063147907726,"[-0.049955800266047845, -0.12039947946927043]",0.130351895408899,1,0.130351895408899,53,330.92673735162754,moving,888,[],[],0.0,[],,165.739866804667,1,0.0,[871],1.0,1,1.0,[154.06752636303855],[25.932473636961447]
394690,12,,109.96622865705574,54.261121766350215,56,2.2207669861660477,0.5271845680317218,2.3760559381350994,4.21250378109023,3.4708376735418813,2.904040605301678,2.814750260067992,"[0.2201724154608229, -0.17600510898188304]",0.2818753109400994,1,0.2818753109400994,56,328.0705560480941,moving,884,[],[],0.0,[],,21.909037273365836,0,0.0,[],0.0,0,0.0,,
394995,12,,109.40993590148996,54.88541490596574,57,2.178382717077473,0.5083267165909253,-0.8568489365132465,4.285398831064237,3.371550168577508,2.9730322022747484,0.0689915969730705,"[-0.556292755565778, 0.6242931396155242]",0.8361839235873737,1,0.8361839235873737,57,313.9808666142961,moving,898,[919],[919],1.0,[919],[92.8400211487847],0.1679400279453553,0,0.0,[919],1.0,0,0.0,[92.8400211487847],[87.1599788512153]
395868,12,,109.18776106303623,55.13622429507633,58,2.252755014343947,0.4913201809797055,-0.998056263614807,4.585105805855346,3.380000169000005,0.0029311064335377,-2.97010109584121,"[-0.22217483845371078, 0.2508093891105929]",0.3350626933992522,1,0.3350626933992522,58,300.95272764540664,moving,901,[],[],0.0,[],,,0,0.0,[],0.0,0,0.0,,
397053,12,,109.48848989279256,54.703170520259896,59,2.1717746228194543,0.5075812643402726,2.265471916819821,4.278673732455851,3.399012669950631,3.0236439263337025,3.0207128199001647,"[0.3007288297563093, -0.43305377481643603]",0.5272318284487041,1,0.5272318284487041,59,300.77466893518186,moving,906,[],[],0.0,[],,,0,0.0,[],0.0,0,0.0,,
299245,13,,17.31001828318248,59.71395771231465,3,2.409202038306557,0.5151574034960439,-0.0231031511076838,4.676632854263268,3.747575187378755,0.6231677740687555,0.4411641099620556,"[-0.2549565149162625, 0.12035365837215295]",0.2819358572118972,1,0.2819358572118972,3,1.2572387790640038,moving,926,[],[],0.0,[],,,0,0.0,[],0.0,0,0.0,,
290640,13,,16.872929371180643,59.68009786388406,4,2.370089715707124,0.5188319388718323,3.071123469108035,4.568126088884844,3.7264501863225,0.5183555784260765,-0.1048121956426789,"[-0.43708891200183686, -0.03385984843059475]",0.4383984561226149,1,0.4383984561226149,4,1.9771386965543576,moving,935,[],[],0.0,[],,,0,0.0,[],0.0,0,0.0,,
301377,13,,16.45637259186039,59.76811552929057,5,2.4081842991526954,0.4872767959846581,2.8589652971113617,4.942128004035959,3.652512682625636,0.2855474855489479,-0.2328080928771286,"[-0.4165567793202527, 0.08801766540651101]",0.4257542246663845,1,0.4257542246663845,5,2.8066388470826857,moving,926,[],[],0.0,[],,8.089573829190142,0,0.0,[],0.0,0,0.0,,
297035,13,,15.90605621115473,59.96863808269351,6,2.4656725156525785,0.4977561919142209,2.8711418255946,4.953574773566035,3.639837681991872,0.1411896984025333,-0.1443577871464145,"[-0.5503163807056595, 0.20052255340294067]",0.5857110322473118,1,0.5857110322473118,6,3.7660132282718073,moving,925,[],[],0.0,[],,11.906139472209208,0,0.0,[],0.0,0,0.0,,
288063,13,,15.06081543710923,60.08915085787496,7,2.3780843161389256,0.5042426221162936,2.8099056608449167,4.71615093971661,3.6609626830481328,0.2078013349917105,0.0666116365891772,"[-0.8452407740455001, 0.12051277518145298]",0.853788788337591,1,0.853788788337591,7,4.787852648899263,moving,932,[],[],0.0,[],,33.940857734677344,0,0.0,[],0.0,0,0.0,,
288597,13,,14.374581069152802,59.75702162367199,8,2.3684251277385804,0.5153747487985437,2.954637415271515,4.595539717962358,3.690537684526877,0.5923797184211036,0.384578383429393,"[-0.6862343679564287, -0.3321292342029736]",0.7623827358858625,1,0.7623827358858625,8,5.749423857852942,moving,931,[953],[953],1.0,[953],[147.8211305783801],22.026305644801024,0,0.0,[953],1.0,0,0.0,[147.8211305783801],[32.17886942161991]
319447,13,,13.258654613939903,59.68289948791505,15,2.382660231022053,0.5051206800416022,2.102336765806593,4.717011845220465,3.724337686216882,0.1803435895672112,-1.1360133318489067,"[-0.23010541320162936, -0.20840433494952748]",0.310452682401759,1,0.310452682401759,15,12.5191367447399,moving,926,[912],[912],1.0,[912],[49.91311544344808],44.23090631175298,0,0.0,[],0.0,0,0.0,,
312100,13,,12.474643031619909,58.81121756953096,17,2.37061577894891,0.5074537422056125,2.1083339163705337,4.671589904224952,3.660962683048135,0.1275210931268813,-0.0098274121674967,"[-0.2369547073735525, -0.21888467030989744]",0.3225802725573255,1,0.3225802725573255,17,14.610419652917717,moving,909,[901],[901],1.0,[901],[55.689769238715364],43.38808528283087,0,0.0,[],0.0,0,0.0,,
316597,13,,12.48288021403278,58.47871469726216,18,2.431446745385349,0.5093870686799047,-1.1094013556815927,4.773279289728601,3.734900186745009,0.8497868569734183,0.722265763846537,"[0.008237182412871746, -0.3325028722687975]",0.3326048875784948,1,0.3326048875784948,18,15.620002555899092,moving,913,[],[],0.0,[],,80.06493253320184,0,0.0,[],0.0,0,0.0,,
314131,13,,11.914483313912674,58.36457872675057,19,2.429990316150615,0.5146875020372986,1.922201749341608,4.7212926417135295,3.772925188646256,1.3973966880914956,0.5476098311180774,"[-0.5683969001201046, -0.1141359705115903]",0.5797430946814001,1,0.5797430946814001,19,16.60134971404797,moving,911,[],[],0.0,[],,28.154631249901964,0,0.0,[],0.0,0,0.0,,
317246,13,,11.346061240441832,58.536200344578646,21,2.4244636828572896,0.4878613193360778,-1.5243998264677106,4.969575546913005,3.65040018252,0.0590825658323245,-0.4577824293718452,"[-0.24754556914127512, 0.06575030614120436]",0.2561287011624037,1,0.2561287011624037,21,18.049421572714586,moving,909,[],[],0.0,[],,27.46069538120109,0,0.0,[],0.0,0,0.0,,
312296,13,,10.985378975685045,58.887698224818784,22,2.396561666694652,0.5132710996953708,1.4625141955583394,4.669192690017078,3.6863126843156255,0.5128881349129841,0.4538055690806595,"[-0.36068226475678955, 0.3514978802401387]",0.5036292842194522,1,0.5036292842194522,22,18.66735108367257,moving,921,[],[],0.0,[],,2.1168011849045416,0,0.0,[],0.0,0,0.0,,
318286,13,,10.588002955972724,59.24731405327086,23,2.4656559234574,0.4804455187343803,1.312028055384551,5.132019817673781,3.663075183153759,0.0369451502867015,-0.4759429846262826,"[-0.39737601971232017, 0.3596158284520783]",0.5359395909201716,1,0.5359395909201716,23,19.13560397182706,moving,928,[976],[976],1.0,[976],[44.96127355810211],21.90994538614534,0,0.0,[],0.0,0,0.0,,
323301,13,,10.422814991874306,59.58681565727617,24,2.464509069802404,0.5023248787615957,1.180432700755454,4.906205473792717,3.74757518737876,0.382400685920381,0.3454555356336795,"[-0.16518796409841663, 0.3395016040053065]",0.3775558271370682,1,0.3775558271370682,24,19.43912172396022,moving,929,[],[],0.0,[],,28.64629234673533,0,0.0,[],0.0,0,0.0,,
321666,13,,10.449297886516252,60.14826280980101,26,2.4225821188649936,0.5410969551828989,1.0320432256590482,4.477168270233797,4.032762701638132,1.296789747564391,1.1442492551283572,"[0.16690022225611578, 0.10799410118380592]",0.1987923793298902,1,0.1987923793298902,26,19.870807974968372,moving,950,[],[],0.0,[],,10.779107230722238,0,0.0,[],0.0,0,0.0,,
345254,13,,10.756768538333672,61.430973201488335,31,2.492218186257806,0.4818905288043674,0.7067722120978044,5.171751751256289,3.690537684526881,0.1418284811706839,-0.8695829275761945,"[0.06405211295630231, 0.2786232767486396]",0.2858908944340759,1,0.2858908944340759,31,20.81419434472037,moving,974,[],[],0.0,[],,20.010085845014295,0,0.0,[],0.0,0,0.0,,
346331,13,,10.961844024045936,61.740928626855386,33,2.408144634492998,0.5082126221451222,0.6303482398486507,4.738458923606472,3.71800018590001,1.5433627237547236,0.7195163833747358,"[-0.07903344495871245, 0.14691252933277354]",0.1668219910473282,1,0.1668219910473282,33,21.40915993989532,moving,981,[],[],0.0,[],,36.00918275580655,0,0.0,[],0.0,0,0.0,,
348750,13,,10.929293086687958,62.48071734948004,35,2.412404413642258,0.4968313902294394,0.4294151676120809,4.85557970185458,3.684200184210006,0.8249888214952964,0.6945221725434435,"[0.14094799256304924, 0.28313122017019765]",0.3162746029048464,1,0.3162746029048464,35,21.87366862638032,moving,1010,[],[],0.0,[],,22.810663636011355,0,0.0,[],0.0,0,0.0,,
355918,13,,11.212242781720684,63.24598865905815,38,2.4387092785226394,0.5119847441221111,0.3649325413702318,4.7632459883238125,3.732787686639381,0.4894765886216332,0.1762280049485298,"[0.0891356803769412, 0.061321717771988915]",0.1081920634185691,1,0.1081920634185691,38,21.736064939026782,moving,1031,[],[],0.0,[],,40.81886761884114,0,0.0,[],0.0,0,0.0,,
361103,13,,11.84074083848838,63.5927933457093,40,2.4335648301321195,0.5304921930989577,0.2451314799146218,4.587371617885739,3.946150197307509,0.3479580790870934,0.3379835871948122,"[0.1803255106446926, 0.04502158745981433]",0.1858607896428691,1,0.1858607896428691,40,21.753394974069884,moving,1045,[],[],0.0,[],,60.200898610296385,0,0.0,[],0.0,0,0.0,,
360913,13,,12.224451380606858,63.35939256079116,41,2.369102706429885,0.5684827960149742,0.4151510837150184,4.167413197087289,4.159512707975629,0.7911470097554942,0.4431889306684008,"[0.383710542118477, -0.2334007849181461]",0.4491210377317702,1,0.4491210377317702,41,22.116151726916,moving,1033,[],[],0.0,[],,7.964805920797839,0,0.0,[],0.0,0,0.0,,
366555,13,,12.673646876269087,63.16550872837743,43,2.4392026096142656,0.5224198066354137,0.6827881337710819,4.669046959233183,3.939812696990634,0.329728849871924,0.2897323309831555,"[0.1470441281754411, -0.026264891719037564]",0.149371416836985,1,0.149371416836985,43,24.262297699868952,moving,1019,[],[],0.0,[],,122.529543464355,1,0.0,[],0.0,0,0.0,,
366608,13,,12.55327845061135,63.910058589313294,45,2.5598348930923804,0.5106593643015716,0.414028789299345,5.012803195322707,3.92291269614564,0.1206502837895798,-1.8386094613376596,"[-0.029292555902163286, 0.32080134422678697]",0.3221359282802755,1,0.3221359282802755,45,27.78081987095227,moving,1049,[],[],0.0,[],,67.1729529358642,0,0.0,[],0.0,0,0.0,,
372879,13,,12.10921622606905,64.01784729272612,46,2.462542628192933,0.5230558922433313,0.5859973571140735,4.70799137283656,3.931362696568132,1.241610418938428,1.120960135148848,"[-0.44406222454230004, 0.10778870341282243]",0.456956960608845,1,0.456956960608845,46,29.61845779098392,moving,1048,[],[],0.0,[],,16.532101806457014,0,0.0,[],0.0,0,0.0,,
376206,13,,11.337978030951678,63.97893484198015,47,2.476085896286601,0.5365350940198427,0.8729989314673436,4.614956083739469,3.876437693821882,0.2885396087975772,-0.9530708101408508,"[-0.7712381951173715, -0.038912450745968385]",0.772219225628939,1,0.772219225628939,47,31.288057342159505,moving,1038,[968],[],1.0,[968],[42.555931942364595],58.92815116342404,0,0.0,[1087],1.0,1,1.0,[31.51963658296799],[31.51963658296799]
372156,13,,10.858785265870395,63.08462457076917,48,2.533378158498615,0.4994678622260202,1.0464540078572997,5.0721544869932105,3.77292518864626,1.0284902599146766,0.7399506511170993,"[-0.47919276508128306, -0.8943102712109763]",1.014601679133095,1,1.014601679133095,48,32.37871287091706,moving,1017,[949],[949],1.0,[949],[40.58831858826491],25.735639744753108,0,0.0,[],0.0,0,0.0,,
378883,13,,10.83417144446174,62.508844631047054,50,2.5085943417345327,0.5033841831892371,1.203739303712064,4.983458808421633,3.9060126953006327,2.4400496227471637,1.8508976786241735,"[-0.08926927050697664, 0.0869079119978764]",0.1245872699142187,1,0.1245872699142187,50,35.361739742039,moving,1004,[],[],0.0,[],,59.42326585709211,0,0.0,[],0.0,0,0.0,,
371812,13,,10.370140161929829,62.260774062601534,51,2.513732951997341,0.4966956540277822,1.3153226441611037,5.060911911777545,3.762362688118133,1.2629376857830388,-1.1771119369641243,"[-0.46403128253191284, -0.24807056844552022]",0.5261787130786416,1,0.5261787130786416,51,37.29497377843635,moving,999,[],[],0.0,[],,136.55497601373102,0,0.0,[],0.0,0,0.0,,
383198,13,,10.896952340271996,62.116495263603554,52,2.425617229215819,0.513774743597978,1.625395427095969,4.721168682269505,3.6947626847381256,2.38333394142149,1.1203962556384512,"[0.5268121783421691, -0.14427879899798057]",0.5462119031016452,1,0.5462119031016452,52,38.60991824062847,moving,1009,[946],[946],1.0,[946],[27.919766428108616],91.74435713508858,0,0.0,[],0.0,0,0.0,,
379938,13,,10.667971260381194,61.37034951434747,53,2.512931830035635,0.4884569774558622,-1.4566129367957776,5.144632886859943,3.677862683893132,1.6012411021328483,-0.7820928392886417,"[-0.22898107989080252, -0.7461457492560868]",0.780490752079027,1,0.780490752079027,53,40.76821628693343,moving,993,[951],[951],1.0,[951],[49.678380177004904],123.3841033617711,0,0.0,[],0.0,0,0.0,,
395392,13,,10.898165405672454,61.43776605578314,57,2.500488286148564,0.4853492784708899,-1.5169002117794814,5.151935723540046,3.673637683681875,0.7357444596238003,0.6353383618485037,"[0.15377693366032297, 0.1858973530529653]",0.2412574790510549,1,0.2412574790510549,57,44.56976028047308,moving,1005,[952],[952],1.0,[952],[40.703998740592766],60.35337129203207,0,0.0,[],0.0,0,0.0,,
396239,13,,11.456798532033874,60.897739617681054,58,2.529935894883474,0.4902080843479189,1.5639501025213305,5.160942823390657,3.652512682625625,1.6481441896907496,0.9123997300669492,"[0.5586331263614195, -0.540026438102089]",0.776981031761756,1,0.776981031761756,58,42.83914362892259,moving,999,[],[],0.0,[],,,0,0.0,[],0.0,0,0.0,,
397355,13,,11.285779111748418,60.115784157320846,59,2.4557000889974403,0.5007830283074018,1.5650779447274408,4.903720673796532,3.682087684104377,1.0176493670003706,-0.630494822690379,"[-0.17101942028545558, -0.7819554603602086]",0.8004386198216069,1,0.8004386198216069,59,44.4799992366126,moving,992,[],[],0.0,[],,,0,0.0,[],0.0,0,0.0,,
299316,14,,21.632107638393773,60.042879616828,3,2.299600397004918,0.4717479485887461,0.141208934183344,4.874637831249229,3.333525166676253,0.1659627187575332,0.1127271609762044,"[-0.22951256096806816, 0.07379617918208226]",0.241084822633021,1,0.241084822633021,3,2.7025219774284523,moving,929,[926],[926],1.0,[926],[168.34810003227915],,0,0.0,[],0.0,0,0.0,,
290673,14,,21.17756427029585,60.03725489695992,4,2.263803720945952,0.487876597346255,0.2015605800960824,4.640115417012488,3.369437668471881,0.3234679878304409,0.1575052690729076,"[-0.45454336809792295, -0.005624719868080774]",0.4545781681464677,1,0.4545781681464677,4,4.663872888919479,moving,940,[935],[935],1.0,[935],[161.3982517079345],,0,0.0,[],0.0,0,0.0,,
301381,14,,20.685672296283784,59.77327041049,5,2.293685790649826,0.5041106484081569,0.2789117942679358,4.549964968787421,3.443375172168757,0.4801789637218365,0.1567109758913956,"[-0.4918919740120664, -0.2639844864699157]",0.5582522039314064,1,0.5582522039314064,5,7.147990064712138,moving,927,[926],[926],1.0,[926],[147.4996331711592],16.64596208057855,0,0.0,[],0.0,0,0.0,,
296999,14,,20.17255426775373,59.668173534711975,6,2.2702707803052107,0.4950138305229606,0.1124267075901764,4.5862774741198,3.4053501702675018,0.2905268454682113,-0.1896521182536252,"[-0.5131180285300552, -0.10509687577802396]",0.523770431105911,1,0.523770431105911,6,10.19074561920057,moving,921,[925],[925],1.0,[925],[158.50296694952718],15.251474025926454,0,0.0,[],0.0,0,0.0,,
288045,14,,19.31512888476092,59.72326371939703,7,2.3605801054045945,0.4846298344148478,0.1530827998255817,4.870893077094208,3.441262672063126,0.2661884375348036,-0.0243384079334076,"[-0.8574253829928082, 0.05509018468504934]",0.8591933518417124,1,0.8591933518417124,7,13.573257251329691,moving,930,[932],[932],1.0,[932],[151.54859225416507],11.781367740024914,0,0.0,[],0.0,0,0.0,,
288606,14,,18.70118540485684,59.63583057523756,8,2.272857235573385,0.471235073244117,0.1113024119253405,4.823192000388225,3.3145126657256294,0.2056236574516688,-0.0605647800831347,"[-0.6139434799040799, -0.08743314415946912]",0.6201380098126077,1,0.6201380098126077,8,17.41475345825613,moving,932,[931],[931],1.0,[931],[160.06746343806049],38.68691438147865,0,0.0,[],0.0,0,0.0,,
288098,14,,18.171937723671228,59.07239590075463,9,2.2611697273906186,0.5008654871829715,3.0664899643341696,4.514524927856707,3.434925171746257,0.6752140333939416,0.4695903759422727,"[-0.5292476811856126, -0.5634346744829273]",0.773021177232571,1,0.773021177232571,9,21.626161209812494,moving,928,[931],[931],1.0,[931],[6.446609164928358],20.089732592619782,0,0.0,[],0.0,0,0.0,,
286204,14,,17.989026098611948,58.64394332181136,10,2.25780666533875,0.5025286127741183,-0.1481941049993979,4.492891763664832,3.445487672274385,0.3506319795864383,-0.3245820538075032,"[-0.18291162505927971, -0.42845257894326494]",0.4658629358351673,1,0.4658629358351673,10,26.031203561745635,moving,927,[941],[941],1.0,[941],[9.862985463817763],16.38157481669374,0,0.0,[],0.0,0,0.0,,
283235,14,,17.336417412187398,57.85226008134804,13,2.313656361898026,0.4787263978047386,2.757553622511142,4.8329408457682606,3.384225169211259,0.1892313722036363,-0.4452566511406037,"[-0.23363267472533877, -0.18769599275509563]",0.2996898603483889,1,0.2996898603483889,13,41.29298115873337,moving,910,"[896, 935]","[896, 935]",2.0,"[896, 935]","[100.785986663492, 13.880962144782856]",6.747645237216461,0,0.0,[],0.0,0,0.0,,
329972,14,,17.075563949301774,57.44675148927896,14,2.289012880133092,0.4776185300102953,-0.3425607130335018,4.792554593901016,3.3145126657256334,0.3223643925912283,0.1331330203875919,"[-0.26085346288562405, -0.40550859206908285]",0.4821636105527578,1,0.4821636105527578,14,47.09741381458898,moving,905,[931],[931],1.0,[931],[26.977285687685566],55.0535284095318,0,0.0,[],0.0,0,0.0,,
319313,14,,16.483427293805825,57.4240627259229,15,2.23098608128537,0.4937018723593167,3.048575799881916,4.518893296117898,3.2743751637187586,0.9608653355865672,0.6385009429953388,"[-0.5921366554959491, -0.02268876335605796]",0.592571176116891,1,0.592571176116891,15,53.175306155835926,moving,912,[926],[926],1.0,[926],[49.91311544344808],48.12397925131291,0,0.0,[],0.0,0,0.0,,
310160,14,,16.158690880157998,57.03266159897775,16,2.223751203688991,0.4704286743376207,-0.0235122679843707,4.7270741028278245,3.2532501626624937,0.8399218870968459,-0.1209434484897211,"[-0.3247364136478268, -0.39140112694515494]",0.5085750490564689,1,0.5085750490564689,16,59.85411745049869,moving,917,[925],[925],1.0,[925],[48.12213046211572],21.044506190680767,0,0.0,[],0.0,0,0.0,,
312032,14,,15.82262712612986,56.84427351908217,17,2.235717874324116,0.4891300065562859,0.0099158211543025,4.570804989177952,3.306062665303124,0.3672959224837062,-0.4726259646131396,"[-0.33606375402813704, -0.18838807989557438]",0.3852647342000374,1,0.3852647342000374,17,67.0923321402803,moving,901,[909],[909],1.0,[909],[55.689769238715364],44.70292442936078,0,0.0,[],0.0,0,0.0,,
316528,14,,15.72253712690044,56.49575288174646,18,2.2445807935137743,0.4840204096617618,0.0620943699506184,4.637368071074335,3.354650167732508,0.7802132165625457,0.4129172940788395,"[-0.10008999922942152, -0.34852063733571015]",0.3626081115951974,1,0.3626081115951974,18,74.98314892931587,moving,907,[913],[913],1.0,[913],[114.27302123506641],39.99136551188559,0,0.0,[],0.0,0,0.0,,
314056,14,,14.914819396439077,55.9512408768944,19,2.2457645022257267,0.491552753219685,-0.0779676340068903,4.568715132843633,3.346200167310013,0.6979810005509014,-0.0822322160116443,"[-0.8077177304613645, -0.5445120048520664]",0.9741156273921872,1,0.9741156273921872,19,83.47109055741672,moving,903,[911],[911],1.0,[911],[62.13867015009717],101.41761802791574,0,0.0,[],0.0,0,0.0,,
310299,14,,14.479432582522325,56.9988532206222,20,1.8800448760480584,0.4995468595213874,0.0816644344636561,3.763500540968904,2.784275139213748,1.7700713541170932,1.0720903535661916,"[-0.43538681391675205, 1.047612343727799]",1.1344837153804512,1,1.1344837153804512,20,92.08964027557744,moving,917,[902],[902],1.0,[902],[159.8043880290343],120.66260886110608,0,0.0,[902],1.0,0,0.0,[159.8043880290343],[20.1956119709657]
317117,14,,13.69408221002352,55.947893986636174,21,2.238265276443481,0.4880451450640509,3.050011752346291,4.586184903344816,3.363100168155013,2.105959808672384,0.3358884545552909,"[-0.7853503724988027, -1.0509592339860205]",1.3119796183952293,1,1.3119796183952293,21,102.1458981077738,moving,896,[909],[909],1.0,[909],[77.66454064413543],74.3876768489573,0,0.0,[],0.0,0,0.0,,
312028,14,,12.995138957986509,56.21839766083036,22,2.2418100931542693,0.5083689443541637,-0.1215481155139241,4.409809289200945,3.441262672063134,1.2983098839238534,-0.8076499247485307,"[-0.6989432520370134, 0.2705036741941811]",0.7494624122133329,1,0.7494624122133329,22,112.0745418268152,moving,905,[921],[921],1.0,[921],[90.41442879060752],43.13562172365083,0,0.0,[],0.0,0,0.0,,
317873,14,,11.873431110672763,55.76569275586828,23,2.307510907628654,0.4968312308845224,2.5948628318914206,4.644456234203572,3.5215376760768797,0.752858623972484,-0.5454512599513693,"[-1.1217078473137434, -0.4527049049620757]",1.2096157347281633,1,1.2096157347281633,23,122.51883798278529,moving,885,[928],[928],1.0,[928],[72.51367750807705],29.46598161129816,0,0.0,[],0.0,0,0.0,,
322647,14,,11.032339211382762,55.87624089270488,24,2.261470791415268,0.5156724891734913,2.355053406070045,4.385478843441705,3.519425175971256,0.5142783964492517,-0.2385802275232323,"[-0.8410918992900012, 0.11054813683659859]",0.8483256884058767,1,0.8483256884058767,24,132.10150251593,moving,876,[929],[929],1.0,[929],[64.7287077259287],11.015877687923616,0,0.0,[],0.0,0,0.0,,
320693,14,,10.156655413103175,56.16930136587416,26,2.339110151303813,0.5159868571466893,2.008965554134508,4.5332746733873295,3.671525183576256,2.675120465264648,2.535692476152261,"[0.10634954077630887, 0.021155308082640545]",0.1084332600423099,1,0.1084332600423099,26,146.87655807164887,moving,882,[950],[950],1.0,[950],[51.82436990639087],30.976973039118448,0,0.0,[],0.0,0,0.0,,
340696,14,,9.309988817224708,57.159939388101705,28,2.3464552858776457,0.4962020626033495,1.8507130029410104,4.728830173673298,3.5468876773443823,0.8169815441944844,-1.347955132128702,"[0.003937945438842405, 0.14866805131613603]",0.148720196666144,1,0.148720196666144,28,155.6844595947355,moving,890,[859],[859],1.0,[859],[24.704472930879753],,0,0.0,[],0.0,0,0.0,,
335338,14,,9.614265709418682,57.28435871753897,30,2.287361608209983,0.5113154474541869,1.8042423812538555,4.47348426416342,3.5278751763937604,2.363359689883299,0.5413618293019025,"[-0.1424384856902492, 0.251754638226771]",0.2892561495879105,1,0.2892561495879105,30,159.6107499574213,moving,906,[],[],0.0,[],,,0,0.0,[],0.0,0,0.0,,
295300,17,,30.2708890653653,77.87624942720272,0,2.4735920344973112,0.5093339451687724,0.0178965681159146,4.856523029655257,3.842637692131894,,,"[0.0, 0.0]",0.0,0,0.0,0,0.0,moving,1205,[],[],0.0,[],,,0,0.0,[],0.0,0,0.0,,
290800,17,,29.576264328863743,77.9285163207862,1,2.513425056040421,0.5081898206895042,0.1853370134758263,4.94583904225048,3.821512691075635,,,"[-0.6946247365015559, 0.05226689358347869]",0.6965883667738951,1,0.6965883667738951,1,1.0481700926876885,moving,1193,[1146],[1146],1.0,[1146],[97.41585537125235],,0,0.0,[1146],1.0,0,0.0,[97.41585537125235],[82.58414462874765]
304053,17,,28.92761769816233,77.80822011712894,3,2.479694336541216,0.5155222551873284,0.3353649341578124,4.810062633746345,3.8827751941387625,0.4368023563336782,0.373329414087082,"[-0.2752684200365074, -0.12463890881504369]",0.3021714094020145,1,0.3021714094020145,3,5.917334443973435,moving,1201,[1178],[],1.0,[1178],[15.255118703057803],23.599114383585885,0,0.0,[1178],1.0,0,0.0,[15.255118703057803],[15.255118703057803]
293474,17,,28.23769811147444,77.96867510207774,4,2.4726786935744505,0.4784807906846962,0.6030629633969931,5.167770037405468,3.7454626872731382,0.6536804557922925,0.2168780994586143,"[-0.6899195866878891, 0.1604549849487995]",0.7083324348711608,1,0.7083324348711608,4,8.56179541087309,moving,1209,[],[],0.0,[],,33.99219604267574,0,0.0,[],0.0,0,0.0,,
290468,17,,25.91746322552018,77.08268082447648,7,2.5104665370904704,0.497729201179458,1.3096060122891056,5.043840166784413,3.857425192871252,1.568821862242796,-0.5650236729574363,"[-0.28749510300752945, 0.015913469076295428]",0.2879351884562777,1,0.2879351884562777,7,13.676677120254674,moving,1184,[],[],0.0,[],,29.306051595276234,0,0.0,[],0.0,0,0.0,,
291048,17,,25.191831596481364,77.18991591118092,8,2.488695693291574,0.5193328556037433,1.132524440292254,4.792101378601156,3.867987693399378,0.0914240601522482,-1.4773978020905476,"[-0.7256316290388156, 0.10723508670443493]",0.7335125253750157,1,0.7335125253750157,8,15.514586022888857,moving,1186,[],[],0.0,[],,11.607284881629257,0,0.0,[],0.0,0,0.0,,
292451,17,,24.39994957115492,77.47835198212559,11,2.5252209279175464,0.4985765945290618,1.028067785270522,5.064860556285805,3.897562694878128,1.0249486642477348,-1.4702199417925912,"[-0.1171890346042872, 0.2988177945755126]",0.3209756130712395,1,0.3209756130712395,11,20.651989237127864,moving,1191,[],[],0.0,[],,77.58680059910739,0,0.0,[],0.0,0,0.0,,
291597,17,,24.51098885771701,78.31049630804398,12,2.5425349315614847,0.5091202788763317,1.3398577671252978,4.993976938363285,3.863762693188134,0.5063969323544857,-0.5185517318932491,"[0.1110392865620895, 0.8321443259183923]",0.8395200428330424,1,0.8395200428330424,12,22.00496429939119,moving,1198,[],[],0.0,[],,144.15075253090035,1,0.0,[1252],1.0,1,1.0,[31.480832126574697],[31.480832126574697]
285669,17,,24.23580115234418,78.01999921826278,13,2.560324861536422,0.4990896335419895,1.2045033591929926,5.1299900648427625,3.8658751932937534,2.51590525089176,2.009508318537274,"[-0.2751877053728293, -0.2904970897811978]",0.4001460137995984,1,0.4001460137995984,13,23.20553578317038,moving,1203,[],[],0.0,[],,20.565126137650815,0,0.0,[],0.0,0,0.0,,
322946,17,,24.094661892689924,77.68562559805758,15,2.5165999206618177,0.5263455255346516,0.7063678888366205,4.781269714614756,3.92925019646251,2.3027888957023985,1.2818419338309262,"[-0.2674937318393127, 0.13567144739919001]",0.2999327228108219,1,0.2999327228108219,15,25.385253903538,moving,1212,[],[],0.0,[],,120.36689788085336,0,0.0,[],0.0,0,0.0,,
312921,17,,23.77888829118192,78.10852126601863,16,2.512007239149681,0.5135411727870149,0.9218499393348232,4.891540098950364,3.937700196885004,0.4600275824117932,-1.842761313290605,"[-0.31577360150800615, 0.4228956679610434]",0.5277818805051516,1,0.5277818805051516,16,26.81155252900642,moving,1223,[],[],0.0,[],,106.21687057851857,0,0.0,[],0.0,0,0.0,,
312710,17,,23.531878522568853,77.78114044217955,20,2.4592927670260885,0.5342534871279181,0.912709949341784,4.603232035502376,3.8996751949837463,0.8565128101887293,-1.9483801309430224,"[-0.10872671535474865, -0.07107152973983943]",0.1298948073303679,1,0.1298948073303679,20,34.11629493574933,moving,1226,[1204],[1204],1.0,[1204],[46.14408900757171],43.953039151021535,0,0.0,[1204],1.0,0,0.0,[46.14408900757171],[46.14408900757171]
320056,17,,23.01647415264768,77.69939495800607,21,2.4265701886838738,0.5151638932154339,0.920732438763086,4.710287775679027,3.8109501905475063,0.421657387905953,-0.4348554222827762,"[-0.5154043699211712, -0.08174548417348149]",0.5218467099796611,1,0.5218467099796611,21,35.969013626463955,moving,1217,[1195],[1195],1.0,[1195],[43.70141910535273],36.82236019131792,0,0.0,[1195],1.0,0,0.0,[43.70141910535273],[43.70141910535273]
315225,17,,22.52558389647286,77.19399002508742,22,2.4580937030612846,0.5227934716613537,0.66578456865868,4.701844679218846,3.844750192237504,0.6426714236937868,0.2210140357878338,"[-0.49089025617482207, -0.5054049329186512]",0.7045618424424421,1,0.7045618424424421,22,37.65623923995805,moving,1224,[1207],[1207],1.0,[1207],[23.401108900503402],18.852577023767655,0,0.0,[1207],1.0,0,0.0,[23.401108900503402],[23.401108900503402]
326524,17,,21.57047314200095,76.7077128765943,24,2.5158842724798034,0.5140468018753426,0.4585206779064332,4.894270839350365,3.8553126927656303,1.9005622195915723,1.6299476216546047,"[-0.013114474682375032, 0.06483381132727573]",0.0661469011928407,1,0.0661469011928407,24,40.40739706418553,moving,1218,[],[],0.0,[],,2.107021536366162,0,0.0,[],0.0,0,0.0,,
328967,17,,21.219579720176817,76.51249546714133,25,2.567092442076063,0.4828997270743135,0.3074447956803605,5.315994808340434,3.823625191181251,1.8789117391979824,-0.0216504803935897,"[-0.35089342182413574, -0.19521740945296528]",0.4015420655833926,1,0.4015420655833926,25,41.87696914698749,moving,1227,[],[],0.0,[],,10.653332779593974,0,0.0,[],0.0,0,0.0,,
324247,17,,20.676539555951155,76.33147337975217,26,2.5866036819164075,0.4985300396369951,0.2772832425285214,5.188461027944964,3.751800187590004,0.1859357333145542,-1.6929760058834284,"[-0.5430401642256584, -0.18102208738916659]",0.5724173443257647,1,0.5724173443257647,26,43.366281559358185,moving,1223,[],[],0.0,[],,175.41822256539928,0,0.0,[],0.0,1,0.0,,
340376,17,,21.10149262239875,76.43627661446318,29,2.5699997717433014,0.4761935491602245,0.2544798755180573,5.396964692771542,3.741237687061891,0.3298864138275748,-2.6426860462210007,"[-0.17258491074719018, -0.018644413197634435]",0.1735890709725117,1,0.1735890709725117,29,48.40378389849233,moving,1217,[],[],0.0,[],,175.45050221285828,0,0.0,[],0.0,0,0.0,,
347389,17,,20.497289506668245,76.23524405125836,31,2.6045936264020533,0.4745553894322289,0.2915199779525668,5.488492353902588,3.787712689385636,1.5104064575480238,1.472247712103441,"[0.0014403786660395212, -0.15890025341713]",0.1589067815630589,1,0.1589067815630589,31,53.54220976963703,moving,1223,[1188],[1188],1.0,[1188],[57.97212087520738],7.873292372769307,0,0.0,[1188],1.0,0,0.0,[57.97212087520738],[57.97212087520738]
350640,17,,19.95573104644473,75.96786212974735,35,2.589030530325908,0.4571529283628434,0.1377141415795721,5.66337951634204,3.665187683259373,1.3659258182358416,0.0215372501046655,"[-0.09207975362693688, -0.1594208509127384]",0.1841023865509052,1,0.1841023865509052,35,66.98898916407475,moving,1235,[1197],[1197],1.0,[1197],[74.87204531942831],50.011184158103774,0,0.0,[1197],1.0,0,0.0,[74.87204531942831],[74.87204531942831]
352876,17,,19.443264841040573,76.19318609573239,36,2.477202911614085,0.5118148060184757,-0.1379216423094717,4.840037612207455,3.777150188857505,1.4612617754177415,0.0953359571819001,"[-0.5124662054041522, 0.22532396598504079]",0.5598147026727313,1,0.5598147026727313,36,70.45602076705929,moving,1237,[1193],[1193],1.0,[1193],[71.387543305888],8.558128355517658,0,0.0,[1193],1.0,0,0.0,[71.387543305888],[71.387543305888]
352188,17,,18.21098481631186,76.52744114464369,37,2.549450295091831,0.5194073641240203,2.7343487143877674,4.908383036485197,3.939812696990636,0.1493675176120747,-1.311894257805667,"[-1.2322800247287127, 0.3342550489113023]",1.2768087159273678,1,1.2768087159273678,37,73.25272096096604,moving,1242,[],[],0.0,[],,28.01404976794445,0,0.0,[],0.0,0,0.0,,
357780,17,,17.136457661779705,77.53614766173902,38,2.546214702346287,0.5159827252976611,2.2865747971381696,4.934689821015659,4.001075200053751,0.4889374052681841,0.3395698876561094,"[-1.0745271545321557, 1.0087065170953338]",1.4738037330179246,1,1.4738037330179246,38,75.14656992211953,moving,1243,[],[],0.0,[],,16.646672581489387,0,0.0,[],0.0,0,0.0,,
356471,17,,16.408804331788982,78.78823993762188,39,2.5562780608516493,0.5259447714092654,2.0253226183744037,4.860354546356873,3.9503751975187673,0.2905392460484539,-0.1983981592197302,"[-0.7276533299907229, 1.252092275882859]",1.448176244789323,1,1.448176244789323,39,76.08273329223572,moving,1266,[],[],0.0,[],,22.01244280335317,0,0.0,[],0.0,0,0.0,,
361992,17,,16.11003892006121,80.87427563070291,40,2.499749372928482,0.5278247370701962,1.4012805175974257,4.735945849760423,3.8848876942443815,0.3841896033254435,0.0936503572769896,"[-0.2987654117277714, 2.0860356930810298]",2.1073219222636386,1,2.1073219222636386,40,75.87026434490625,moving,1298,[],[],0.0,[],,7.430268520270416,0,0.0,[],0.0,0,0.0,,
361237,17,,16.091352524175708,82.36059796479158,41,2.537550171086879,0.4945001231068539,1.183725509869769,5.131546085659018,3.7665876883293863,0.1296826499860058,-0.2545069533394377,"[-0.018686395885502805, 1.486322334088669]",1.4864397943414926,1,1.4864397943414926,41,74.51613410919151,moving,1324,[1395],[1395],1.0,[1395],[88.92320707499893],21.066113799557375,0,0.0,[1395],1.0,0,0.0,[88.92320707499893],[88.92320707499893]
366696,17,,16.335045318555945,83.01776972196984,42,2.459431511432548,0.5090700298912869,0.9262177048062964,4.831224324790373,3.880662694033133,0.367673046402089,0.2379903964160832,"[0.2436927943802374, 0.6571717571782614]",0.7009000616818437,1,0.7009000616818437,42,71.97621027496709,moving,1336,[1406],[1406],1.0,[1406],[108.96004818990995],54.537631101877224,0,0.0,[1406],1.0,0,0.0,[108.96004818990995],[71.03995181009005]
368249,17,,17.189846434674532,83.2486777235985,43,2.563729879582481,0.5164904637271801,0.3698787870427894,4.963750658786007,4.001075200053753,0.9518612289658206,0.5841881825637316,"[0.8548011161185869, 0.23090800162866287]",0.8854396949164435,1,0.8854396949164435,43,68.71505909210907,moving,1360,[1361],[1361],1.0,[1361],[140.91806035210763],13.396731119677272,0,0.0,[1361],1.0,0,0.0,[140.91806035210763],[39.08193964789237]
387927,17,,18.70930684423282,83.29430039867557,44,2.572991378961684,0.5365802935236444,2.5511478105171146,4.795165625754209,3.931362696568137,0.2338170670427549,-0.7180441619230656,"[1.5194604095582882, 0.04562267507706963]",1.5201451788221507,1,1.5201451788221507,44,66.10618504870212,moving,1368,[],[],0.0,[],,17.817720092969704,0,0.0,[],0.0,0,0.0,,
376417,17,,19.367786458693992,83.10426619418332,46,2.586993245529672,0.4806545273973979,-1.5530165659527997,5.382230059368159,3.865875193293757,0.2582473260780879,0.0265410329006307,"[0.19042590132861648, -0.09433135159831352]",0.2125098298695395,1,0.2125098298695395,46,65.76714779423925,moving,1354,[],[],0.0,[],,80.5270762546044,0,0.0,[],0.0,0,0.0,,
373715,17,,19.200301706558427,81.66224320317083,51,2.5398475684165627,0.5409543805758696,1.427997618626068,4.695123396011294,3.9039001951950048,0.2433452696058085,-2.401139517553841,"[-0.017823773895070616, -0.04294402464573466]",0.0464959801341585,1,0.0464959801341585,51,77.16310846174005,moving,1328,[],[],0.0,[],,1.2382180107531011,0,0.0,[],0.0,0,0.0,,
384551,17,,18.932930493239944,79.72626806232202,52,2.5891829162427165,0.5227808891283753,1.503642577546178,4.952711489816742,3.889112694455641,0.2561713692129479,0.0128260996071393,"[-0.26737121331848357, -1.9359751408488108]",1.954350815922252,1,1.954350815922252,52,78.75743654103763,moving,1301,[],[],0.0,[],,18.158646326488658,0,0.0,[],0.0,0,0.0,,
381536,17,,19.359272499109057,77.37920101605894,53,2.5368029113924857,0.5288675967828541,1.167862360400428,4.796669198158614,3.910237695511881,0.3169281661024002,0.0607567968894523,"[0.4263420058691132, -2.347067046263078]",2.385475052399959,1,2.385475052399959,53,79.79919451942487,moving,1270,[],[],0.0,[],,36.62552106172848,0,0.0,[],0.0,0,0.0,,
389353,17,,18.87416534254336,76.3989566513513,54,2.5515873132470985,0.5005424825660887,1.0532806559216965,5.097643860649135,3.920800196040009,0.6392359327856912,0.322307766683291,"[-0.4851071565656966, -0.9802443647076444]",1.0937129275510775,1,1.0937129275510775,54,81.86977194088897,moving,1246,[],[],0.0,[],,170.04476753824812,1,0.0,[],0.0,1,0.0,,
391289,17,,19.33043113203052,77.0204213885985,55,2.631072220054713,0.4922249373408022,1.1004184347510262,5.345263964619159,4.091912704595638,2.967841069330798,2.328605136545107,"[0.456265789487162, 0.6214647372472086]",0.7709713939557584,1,0.7709713939557584,55,79.05356381861743,moving,1266,[],[],0.0,[],,16.83036230590757,0,0.0,[],0.0,0,0.0,,
396272,17,,20.25086335349396,79.62615303232081,56,2.569252233193741,0.4968937861863645,1.099840276920821,5.170626609989684,4.056000202800009,0.2937452365416364,-2.674095832789161,"[0.9204322214634395, 2.605731643722308]",2.763518205730493,1,2.763518205730493,56,76.32041326349655,moving,1298,[],[],0.0,[],,2.184573621356677,0,0.0,[],0.0,0,0.0,,
396693,17,,20.827459379230696,81.48076796839446,57,2.56696007639423,0.5196290013658713,0.907234139891934,4.939986162525272,4.02220020111001,0.0381280024448957,-0.2556172340967406,"[0.576596025736734, 1.854614936073645]",1.9421790694997323,1,1.9421790694997323,57,73.94972302952176,moving,1340,[1403],[],1.0,[1403],[108.10233891769803],48.65558219295724,0,0.0,[1403],1.0,0,0.0,[108.10233891769803],[71.89766108230197]
397681,17,,22.094299723080308,82.04676471567156,58,2.582547391764203,0.5160601503173659,0.2612650652701003,5.004353446349213,3.906012695300624,0.8492001087418285,0.8110721062969327,"[1.266840343849612, 0.5659967472770973]",1.3875290176184631,1,1.3875290176184631,58,67.46766498081664,moving,1376,[1404],[1404],1.0,[1404],[12.514328108875219],,0,0.0,[],0.0,1,0.0,,
398863,17,,24.157691080131563,82.54637111127458,59,2.5521845754837256,0.5026949495312831,0.258314571279622,5.077004608586984,3.844750192237501,0.1826146819569148,-0.6665854267849136,"[2.0633913570512554, 0.4996063956030241]",2.1230144707187626,1,2.1230144707187626,59,59.18122615070398,moving,1388,[],[],0.0,[],,,0,0.0,[],0.0,0,0.0,,
299445,18,,12.29797578888692,98.34783499790667,0,2.2632930534463336,0.511861076448316,0.0505562812790898,4.421694005629014,3.546887677344379,,,"[0.0, 0.0]",0.0,0,0.0,0,0.0,moving,1523,[],[],0.0,[],,,0,0.0,[],0.0,0,0.0,,
302898,18,,11.332314769196932,98.69951351939304,2,2.326027695411814,0.5072750542707534,-0.5725403767413816,4.585338221994096,3.568012678400636,0.2572299865730436,,"[-0.15393676770960596, 0.020198414935066467]",0.1552562540407641,1,0.1552562540407641,2,8.8033056507459,moving,1519,[],[],0.0,[],,,0,0.0,[],0.0,0,0.0,,
305819,18,,10.616465230376424,98.877111080534,3,2.281637536374246,0.5060783536682861,2.4333030781508187,4.508466959386623,3.517312675865637,0.1127163488809771,-0.1445136376920664,"[-0.7158495388205068, 0.17759756114097058]",0.7375509853242371,1,0.7375509853242371,3,19.695017275824043,moving,1532,[],[],0.0,[],,42.99909411395718,0,0.0,[],0.0,0,0.0,,
299619,18,,9.990752550689196,99.8381427520556,4,2.30980886924724,0.4883340065875455,2.3215999361002604,4.7299775114743134,3.5194251759712656,0.7504757676634324,0.6377594187824552,"[-0.6257126796872292, 0.9610316715215816]",1.1467773241518766,1,1.1467773241518766,4,32.766806845882115,moving,1560,[1607],[],1.0,[1607],[38.59190620065424],10.50256880472193,0,0.0,[1607],1.0,0,0.0,[38.59190620065424],[38.59190620065424]
305032,18,,8.74132975034623,101.1515381430374,5,2.265243068531086,0.5051915042602305,2.621732813933765,4.483929459281308,3.519425175971257,0.1833044055596168,-0.5671713621038155,"[-1.2494228003429662, 1.3133953909818246]",1.812750613589514,1,1.812750613589514,5,48.864131795101976,moving,1572,[],[],0.0,[],,12.146796243176892,0,0.0,[],0.0,0,0.0,,
303499,18,,8.037933271814252,101.63105897122225,6,2.280627081235336,0.5015642060808888,-0.3729208619129809,4.54702918108062,3.487737674386871,0.2120015880123388,0.0286971824527219,"[-0.7033964785319782, 0.47952082818483177]",0.8512971459333425,1,0.8512971459333425,6,68.27056352830785,moving,1583,[1567],[1567],1.0,[1567],[72.43404295012671],3.695900701060692,0,0.0,[1567],1.0,0,0.0,[72.43404295012671],[72.43404295012671]
296063,18,,7.141915313896633,102.16069263502924,7,2.28032951608064,0.5181244489365038,2.481321009577304,4.401123167920791,3.5637876781893807,0.0645056360602516,-0.1474959519520871,"[-0.8960179579176186, 0.5296336638070045]",1.0408458093053412,1,1.0408458093053412,7,93.29040925551142,moving,1600,[],[],0.0,[],,8.190990067068212,0,0.0,[],0.0,0,0.0,,
297250,18,,5.553952603637514,103.43645309451706,8,2.293090893775519,0.514269822529626,-0.6042009663297875,4.458925632649616,3.5997001799850006,0.1429597456684766,0.0784541096082249,"[-1.5879627102591192, 1.2757604594878131]",2.0369561407075127,1,2.0369561407075127,8,120.62241518292,moving,1618,[],[],0.0,[],,33.878667578119426,0,0.0,[],0.0,0,0.0,,
297449,18,,4.34375494843893,107.31167374931596,9,1.3960623219494162,0.4797570150561505,-1.4828180194275309,2.90993623467084,2.000537600026876,0.591294295426843,0.4483345497583663,"[-1.2101976551985842, 3.8752206547988948]",4.05979229616838,1,4.05979229616838,9,149.3382925500607,moving,1674,[],[],0.0,[],,113.39543910163192,0,0.0,[1629],1.0,0,0.0,[18.53018529494583],[18.53018529494583]
295399,18,,3.431734646243958,106.52614378164007,10,2.315420072510289,0.4924839542988673,2.213115282143616,4.701513729125803,3.50041267502063,1.9791237690681889,1.3878294736413457,"[-0.9120203021949718, -0.7855299676758705]",1.2036770171988256,1,1.2036770171988256,10,163.34215984893194,moving,1665,[],[],0.0,[],,,0,0.0,[],0.0,0,0.0,,
299123,18,,2.14821207588791,108.3741782886776,11,2.2904249987406136,0.5102165558812987,-1.0414384760852342,4.489123240590175,3.5553376777668806,1.674770487320211,-0.3043532817479777,"[-1.2835225703560478, 1.8480345070375108]",2.250035939227365,1,2.250035939227365,11,203.54526321409836,moving,1677,[],[],0.0,[],,,0,0.0,[],0.0,0,0.0,,
296371,19,,51.79906823209136,99.20654913329848,1,1.449154994661444,0.4818646916185192,1.123117669025211,3.0073898749334083,2.082925104146251,,,"[-0.02316891896230544, -0.054944486635989165]",0.0596296521671413,1,0.0596296521671413,1,0.5691780884811822,moving,1520,[],[],0.0,[],,,0,0.0,[],0.0,0,0.0,,
303385,19,,51.7465058028585,100.16073004478169,6,1.347822983516802,0.5003297313399786,1.2760372032999676,2.6938694606596227,2.030112601505624,1.9185198997400803,0.4354826974052439,"[-0.054953164131987364, 0.15737922019025063]",0.1666975380616298,1,0.1666975380616298,6,4.129543191614292,moving,1558,[],[],0.0,[],,,0,0.0,[],0.0,0,0.0,,
295865,19,,51.19132747276464,100.3738696288516,7,1.4204151428589176,0.4783926438474888,1.473966637668429,2.9691408534946966,2.0216626010831265,0.8682942199670078,-1.050225679773073,"[-0.5551783300938666, 0.21313958406990707]",0.5946860184192221,1,0.5946860184192221,7,4.732024168211788,moving,1575,[],[],0.0,[],,75.34899374537778,0,0.0,[],0.0,0,0.0,,
293719,19,,51.31135203414421,101.45217125213924,10,1.4278055198456767,0.4802036963040628,1.393689571985732,2.9733330476939868,2.061800103090002,2.255316328232259,1.822854706793088,"[0.05589107252826864, -0.022964235743572203]",0.060424896455406,1,0.060424896455406,10,4.607436730845272,moving,1600,[1561],[],1.0,[1561],[15.821009058046101],152.9893690812237,1,1.0,[],0.0,1,0.0,,
297215,19,,51.955791984664295,99.7430347351249,11,1.3513183181238209,0.4978757625021758,0.6929208945329586,2.714167709897136,2.0639126031956274,0.8203785245875777,-1.4349378036446812,"[0.6444399505200877, -1.7091365170143575]",1.8265953256313512,1,1.8265953256313512,11,4.497797116148769,moving,1568,[1547],[1547],1.0,[1547],[24.92353994846752],64.56585911234734,0,0.0,[],0.0,0,0.0,,
297649,19,,51.29512929187604,99.05666320887455,12,1.3670863555731572,0.4917160788229053,0.3045389916505103,2.780235209810013,2.07658760382938,1.126886825889252,0.3065083013016743,"[-0.6606626927882573, -0.6863715262503263]",0.9526704916651054,1,0.9526704916651054,12,5.003168000983943,moving,1560,[1555],[],1.0,[1555],[19.684191501619267],46.56362972660949,0,0.0,[],0.0,0,0.0,,
331984,19,,49.490616296476034,99.0714737119599,14,1.4199552821470656,0.4998728260296677,0.7137650701608845,2.840633073466551,2.0808126040406245,0.6774410302275521,-0.0333910743667755,"[-0.24425628897692775, 0.16135603570310764]",0.2927403370951857,1,0.2927403370951857,14,6.43090242073189,moving,1580,[],[],0.0,[],,42.39543176124854,0,0.0,[],0.0,0,0.0,,
316348,19,,48.98990696382998,99.53620285545882,16,1.394481540954983,0.5023548260425803,1.412843945291583,2.775889607631209,2.110387605519379,2.173991299235297,1.9446049272721984,"[-0.011236611756828552, -0.05272313983932975]",0.0539072436532532,1,0.0539072436532532,16,6.8964030812335615,moving,1583,[1540],[],1.0,[1540],[0.226464352341182],,0,0.0,[],0.0,0,0.0,,
319791,19,,49.45316378352881,98.76839501983991,17,1.4143999813150812,0.4852400446463206,1.1222176708289493,2.91484595494587,2.0512376025618804,0.7528622382183979,-1.4211290610168992,"[0.46325681969882737, -0.7678078356188962]",0.8967361671279049,1,0.8967361671279049,17,5.85565485013074,moving,1562,[],[],0.0,[],,,0,0.0,[],0.0,0,0.0,,
303599,20,,36.038945482503145,124.10138342330612,0,2.241196684712923,0.5111468379690134,0.5794456169752833,4.384643547083408,3.424362671218136,,,"[0.0, 0.0]",0.0,0,0.0,0,0.0,moving,1923,[],[],0.0,[],,,0,0.0,[],0.0,0,0.0,,
300685,20,,35.4592420747949,123.941381245549,1,2.245648900117436,0.5063980522315118,0.2553607767479421,4.434552799367373,3.4961876748093763,,,"[-0.5797034077082444, -0.16000217775713566]",0.6013790300597261,1,0.6013790300597261,1,1.0546355382328665,moving,1924,[],[],0.0,[],,,0,0.0,[],0.0,0,0.0,,
304831,20,,35.57413001848556,124.40430062191447,2,2.2111502780566403,0.4918383322301511,0.0882889207408858,4.495685133020404,3.282825164141272,2.0833647000429942,,"[0.11488794369066113, 0.4629193763654911]",0.4769628797087711,1,0.4769628797087711,2,3.4003793240768547,moving,1952,[],[],0.0,[],,26.424135836590352,0,0.0,[],0.0,0,0.0,,
306230,20,,35.95320132076671,124.8503026993002,3,2.192927165155106,0.5038281779916526,0.3146788654854782,4.352529812636717,3.3377501668875023,0.4611881723427661,-1.622176527700228,"[0.3790713022811474, 0.44600207738569964]",0.5853314490487288,1,0.5853314490487288,3,6.797485113674232,moving,1959,[1929],[1929],1.0,[1929],[83.26398878588066],101.7139196430541,0,0.0,[1929],1.0,0,0.0,[83.26398878588066],[83.26398878588066]
303329,20,,35.21893383309779,125.251442429091,4,2.2002988534948384,0.5008939594034058,0.4301187706385174,4.392743837668803,3.329300166465008,1.775242792880246,1.3140546205374797,"[-0.7342674876689159, 0.40113972979081325]",0.8366969739781949,1,0.8366969739781949,4,11.163173403144736,moving,1980,[],[],0.0,[],,104.61499501873946,0,0.0,[],0.0,0,0.0,,
305587,20,,35.50934416184652,125.56001371429971,5,2.166374430267029,0.4986243036024724,0.694304389696813,4.34470284463745,3.3293001664650044,1.825876110034456,0.0506333171542097,"[0.2904103287487274, 0.30857128520871413]",0.4237385952439328,1,0.4237385952439328,5,16.418093177614594,moving,1967,[],[],0.0,[],,14.996230445498163,0,0.0,[],0.0,0,0.0,,
305051,20,,35.9103544803078,126.305795992517,6,2.208770680385038,0.5060645343257227,0.3183831641126264,4.3646027938472125,3.3905626695281272,0.261733596661759,-1.5641425133726967,"[0.40101031846128166, 0.7457822782172912]",0.8467588098244928,1,0.8467588098244928,6,22.285582619355804,moving,1983,[],[],0.0,[],,123.21292617025728,1,0.0,[],0.0,0,0.0,,
300209,20,,34.74867593612239,126.20526917875009,7,2.2350565194360685,0.508575336119252,0.3566972215727486,4.394740288608858,3.3947876697393777,2.150471242687677,1.888737646025918,"[-1.1616785441854134, -0.10052681376691908]",1.1660200171124293,1,1.1660200171124293,7,28.607271281974857,moving,1994,[],[],0.0,[],,17.606484349741187,0,0.0,[],0.0,0,0.0,,
302809,20,,34.34153798880563,126.29672803678469,8,2.193439936963114,0.5001766510890635,0.5471037097318747,4.385330527099197,3.356762667838127,0.3072911216038039,-1.8431801210838727,"[-0.40713794731676245, 0.09145885803458498]",0.417284112875505,1,0.417284112875505,8,35.32378063147598,moving,1992,[],[],0.0,[],,44.36175717443983,0,0.0,[],0.0,0,0.0,,
300561,20,,33.779733367940786,125.94973567220042,9,2.250382467484332,0.4847108354245722,0.1049900561660978,4.642731919770592,3.303950165197517,0.7742587246641401,0.4669676030603362,"[-0.5618046208648408, -0.34699236458425275]",0.6603242636045252,1,0.6603242636045252,9,42.43563844804132,moving,1992,[],[],0.0,[],,23.595848731303484,0,0.0,[],0.0,0,0.0,,
301807,20,,33.53866097933967,125.6016226759794,11,2.2210291744599884,0.4971909602653237,0.6484659213152206,4.467155181732882,3.3990126699506256,0.5583577621289054,0.2485247256228345,"[-0.012105695357277568, -0.0804702895345315]",0.0813757664040993,1,0.0813757664040993,11,57.28578081104015,moving,1978,[1961],[1961],1.0,[1961],[1.2241892565882608],18.831079487500222,0,0.0,[],0.0,0,0.0,,
302572,20,,32.6865926580818,124.97191066836736,12,2.251329458777438,0.5146071027113799,1.023784360485818,4.3748511182911285,3.434925171746257,0.7850298872328295,0.2266721251039241,"[-0.8520683212578675, -0.6297120076120422]",1.0595082050753497,1,1.0595082050753497,12,64.84762209442096,moving,1969,[],[],0.0,[],,23.918157102277576,0,0.0,[],0.0,0,0.0,,
294302,20,,31.927062309781324,123.635763513982,13,2.220524218844165,0.5157589657937918,1.1438818742870382,4.305352628095591,3.4285876714293844,0.4174505924440098,-0.3675792947888197,"[-0.7595303483004763, -1.3361471543853582]",1.536937073585491,1,1.536937073585491,13,72.54848144390084,moving,1952,[1935],[],1.0,[1935],[100.62734598476843],1.4877265136352078,0,0.0,[1935],1.0,0,0.0,[100.62734598476843],[79.37265401523157]
332689,20,,31.552505106602663,122.93511209756214,14,2.193599181690456,0.490977698889862,0.6893386619548134,4.467818368635379,3.2617001630850044,0.0259657260321506,-0.3914848664118591,"[-0.3745572031786608, -0.7006514164198592]",0.7944844276536674,1,0.7944844276536674,14,80.670238070222,moving,1960,[],[],0.0,[],,42.61579778763829,0,0.0,[],0.0,0,0.0,,
328819,20,,31.014145621569597,122.74704587831197,15,2.2120247057791405,0.4970116790528076,0.7317402318731734,4.450649348914219,3.388450169422497,0.7437859847584054,0.7178202587262548,"[-0.5383594850330695, -0.18806621925017453]",0.570262955090129,1,0.570262955090129,15,89.20481893891511,moving,1946,[],[],0.0,[],,175.73610081451832,1,0.0,[1912],1.0,1,1.0,[61.60798174549929],[61.60798174549929]
320676,20,,32.01998080049858,123.18480974628312,16,2.265406689179469,0.4967486215573947,0.8389216294685565,4.560468999545523,3.432812671640625,3.0671735738300336,2.323387589071628,"[1.0058351789289866, 0.43776386797115663]",1.096969284561867,1,1.096969284561867,16,97.97739496640553,moving,1959,[],[],0.0,[],,8.772521030927546,0,0.0,[],0.0,0,0.0,,
327243,20,,32.90299287636531,123.4172433054814,21,2.272150470536113,0.5077751845110801,0.7618471189210552,4.474717433708172,3.456050172802506,1.7740215119858036,-0.2498225565758092,"[-0.03013359115505665, -0.026127642879544055]",0.0398834180874846,1,0.0398834180874846,21,146.2533881228886,moving,1970,[],[],0.0,[],,149.49032238030836,1,0.0,[],0.0,1,0.0,,
325130,20,,32.51794600447027,123.02872658834164,22,2.22818377288598,0.5091281700690146,0.5809998914575418,4.376469234817511,3.4560501728025,0.0755681777607338,-1.6984533342250698,"[-0.3850468718950424, -0.38851671713977964]",0.5469975622004442,1,0.5469975622004442,22,156.8580108404388,moving,1988,[],[],0.0,[],,23.456692762940495,0,0.0,[],0.0,0,0.0,,
327742,20,,31.716951809941268,122.70834677878226,23,2.224685697746407,0.5097895230439952,0.4298154160928658,4.363929812567794,3.392675169633761,0.4093965203420711,0.3338283425813373,"[-0.8009941945290002, -0.32037980955936973]",0.8626905134765653,1,0.8626905134765653,23,167.79522156847224,moving,1985,[],[],0.0,[],,134.6528043919823,1,0.0,[1962],1.0,1,1.0,[12.433982121655504],[12.433982121655504]
330613,20,,31.90781486804635,123.16123004720308,24,2.238454098982773,0.491827941251538,0.5867692095448447,4.551295099840514,3.363100168155009,2.350134783683946,1.9407382633418748,"[0.19086305810508364, 0.45288326842083393]",0.4914590133111424,1,0.4914590133111424,24,178.90778455075133,moving,1996,[],[],0.0,[],,43.40610445906293,0,0.0,[],0.0,0,0.0,,
330356,20,,31.714767459534865,123.67608975856628,26,2.2726618644569863,0.5039489020613532,0.93994628039152,4.509706946797358,3.432812671640634,1.2850006057568095,0.329554532152056,"[0.07499593989768982, 0.08407138401103964]",0.1126605015552016,1,0.1126605015552016,26,201.62409551463352,moving,2006,[1983],[1983],1.0,[1983],[116.99910180921741],106.44156923296936,0,0.0,[2055],1.0,1,1.0,[50.78596988008614],[50.78596988008614]
334235,20,,31.450484575516764,123.47697319834992,27,2.1965295018042053,0.5248884914113479,0.8238550286921339,4.184754548338564,3.4750626737531265,2.944889814532102,1.6598892087752923,"[-0.2642828840180975, -0.19911656021635338]",0.3308970343434886,1,0.3308970343434886,27,212.89863083154023,moving,2017,[1994],[1994],1.0,[1994],[42.643899739260746],8.471062744753764,0,0.0,[],0.0,0,0.0,,
351399,20,,30.48733893987993,122.49802357368928,28,2.2523607123606806,0.4906196541426588,0.637378732114107,4.590848926133227,3.4159126707956338,0.1478479360389721,-2.79704187849313,"[-0.9631456356368382, -0.9789496246606433]",1.37331419677709,1,1.37331419677709,28,224.30736420157973,moving,1988,[],[],0.0,[],,21.00473830803572,0,0.0,[],0.0,0,0.0,,
355250,20,,29.795937097406775,122.1834944866536,32,2.251313474543536,0.4953946440031585,0.7259390435142941,4.544484890573791,3.451825172591257,0.5554499281426839,-0.6030667896601689,"[-0.027401683702425572, 0.04260271840520602]",0.0506541596045285,1,0.0506541596045285,32,275.2515399532135,moving,1994,[],[],0.0,[],,12.533279133976665,0,0.0,[],0.0,0,0.0,,
356368,20,,28.97605289200065,121.56578451601278,33,2.2741862070454646,0.492713745856246,0.7222631907096754,4.615633775537044,3.394787669739377,1.644903400205875,1.0894534720631912,"[-0.8198842054061295, -0.6177099706408313]",1.026535785106168,1,1.026535785106168,33,288.5818688214512,moving,1981,[],[],0.0,[],,6.240185773261394,0,0.0,[],0.0,0,0.0,,
352999,20,,27.861078714979147,120.9023235199524,34,2.2482609451171194,0.5069945785671851,0.4958344687426299,4.434487152645534,3.510975175548745,0.1089117876795278,-1.5359916125263473,"[-1.1149741770215016, -0.6634609960603797]",1.2974389807301945,1,1.2974389807301945,34,301.95724750441985,moving,1988,[],[],0.0,[],,8.48519766382163,0,0.0,[],0.0,0,0.0,,
357509,20,,26.35704900119294,119.67392645819552,35,2.302646934325339,0.5056952361768225,0.1586301772502067,4.553428170955105,3.546887677344386,0.1480946369162236,0.0391828492366958,"[-1.5040297137862062, -1.228397061756894]",1.941922944219154,1,1.941922944219154,35,315.7407176558319,moving,1986,[],[],0.0,[],,32.152940496927464,0,0.0,[],0.0,0,0.0,,
357469,20,,25.36217940772959,119.55024073527996,36,2.2756473873860656,0.5267731489586392,0.4762092610992161,4.31997605019299,3.606037680301877,0.5611746758692254,0.4130800389530017,"[-0.9948695934633491, -0.12368572291555324]",1.0025286360254615,1,1.0025286360254615,36,329.1454881367263,moving,1976,[],[],0.0,[],,18.93607021970176,0,0.0,[],0.0,0,0.0,,
358461,20,,24.708621738837728,119.23115563343528,37,2.271093709411637,0.5102075018713904,0.5050698882170661,4.4513138303170585,3.5173126758656323,0.3304967727226553,-0.2306779031465701,"[-0.6535576688918638, -0.31908510184467787]",0.7272915019348126,1,0.7272915019348126,37,343.32093295860494,moving,1978,[],[],0.0,[],,15.907011977724716,0,0.0,[],0.0,0,0.0,,
359936,20,,23.822151966230752,118.43493542013702,38,2.351618643516941,0.4934578060250414,0.425239586292524,4.765592143449857,3.544775177238764,0.2776297331654712,-0.0528670395571841,"[-0.8864697726069757, -0.7962202132982554]",1.1915516295195028,1,1.1915516295195028,38,357.1229257479794,moving,1969,[],[],0.0,[],,1.9357984348106347,0,0.0,[],0.0,0,0.0,,
359751,20,,22.52017349989869,117.34267283648616,39,2.235357039191771,0.5174711779113363,0.5297396487744788,4.319771099550549,3.4814001740700053,0.0337860563424115,-0.2438436768230596,"[-1.3019784663320628, -1.0922625836508502]",1.6994662333909494,1,1.6994662333909494,39,370.6700109189581,moving,1953,[1936],[1936],1.0,[1936],[128.36064071193707],51.329997946167985,0,0.0,[1936],1.0,0,0.0,[128.36064071193707],[51.639359288062934]
362917,20,,21.49994019438996,117.54719972703032,40,2.262615751215726,0.5097961569395414,0.1821999794821718,4.438275417372473,3.529987676499379,0.8958774692025387,0.8620914128601272,"[-1.0202333055087287, 0.20452689054414463]",1.04053219393968,1,1.04053219393968,40,383.6860445361333,moving,1962,[],[],0.0,[],,1.8504704739695637,0,0.0,[],0.0,0,0.0,,
362177,20,,21.082909936482277,117.64490834652646,41,2.207822528218729,0.5258162521552233,0.0846847662468504,4.198848018046749,3.5173126758656243,0.0322968024817226,-0.8635806667208161,"[-0.4170302579076868, 0.09770861949614584]",0.4283237214238716,1,0.4283237214238716,41,397.2508139487866,moving,1951,[],[],0.0,[],,4.545110861563779,0,0.0,[],0.0,0,0.0,,
371941,20,,18.916906767630003,117.97407969164128,42,2.2809847035403203,0.5220035269521872,2.874743995016641,4.369672973012779,3.445487672274372,0.0793271494024399,0.0470303469207172,"[-2.1660031688522707, 0.3291713451148155]",2.1908727717333965,1,2.1908727717333965,42,412.3439386034954,moving,1949,[],[],0.0,[],,27.381294437979673,0,0.0,[],0.0,0,0.0,,
373680,20,,16.907452861464165,119.43524028602296,43,2.30850640792823,0.4889609824204584,2.665789202293316,4.72124871089027,3.4792876739643805,0.4778937414007599,0.39856659199832,"[-2.009453906165838, 1.4611605943816954]",2.484531199960873,1,2.484531199960873,43,426.3707393192077,moving,1981,[],[],0.0,[],,7.173791361708178,0,0.0,[],0.0,0,0.0,,
371630,20,,14.461661909452696,121.73169427998135,45,2.2828763565723285,0.4913670984508251,2.2494768501002524,4.645969100840791,3.439150171957502,1.8650461181607785,1.7669936651203058,"[0.08115319623242634, 0.04973117274063554]",0.0951789409528054,1,0.0951789409528054,45,451.329983780768,moving,2024,[],[],0.0,[],,2.858723927288993,0,0.0,[],0.0,0,0.0,,
381072,20,,13.171700496795864,123.07005856250616,46,2.268196376853904,0.4821920536337105,2.1125208157518776,4.703927324727137,3.363100168155008,1.787998147151581,-0.0770479710091978,"[-1.2899614126568313, 1.3383642825248074]",1.858822046050065,1,1.858822046050065,46,463.61436709772175,moving,2037,[],[],0.0,[],,2.749225688559695,0,0.0,[],0.0,0,0.0,,
383231,20,,12.018012565962565,124.1574598138942,47,2.3216285221397865,0.4761857235623062,2.103630723553717,4.875468556200875,3.415912670795632,0.0479830401457748,-1.740015107005806,"[-1.1536879308333017, 1.0874012513880444]",1.585382390236094,1,1.585382390236094,47,472.44112344012746,moving,2066,[],[],0.0,[],,25.090892883129055,0,0.0,[],0.0,0,0.0,,
378950,20,,11.776658123486444,124.76694894990268,48,2.283458045946478,0.4665435401333765,2.1018935459430805,4.894415739404897,3.386337669316879,0.4379186930758179,0.389935652930043,"[-0.24135444247611915, 0.6094891360084773]",0.655537164328094,1,0.655537164328094,48,475.27635618299615,moving,2060,[],[],0.0,[],,178.34995004044757,1,0.0,[2111],1.0,1,1.0,[115.20710878903557],[64.79289121096443]
385754,20,,12.264335262001683,123.6320326933962,53,2.33913860660121,0.482708594801753,-1.445014555648768,4.845860694819174,3.472950173647512,0.9925749321750524,-0.2922768637558701,"[0.13870591355340878, -0.20102966618586038]",0.2442381156606891,1,0.2442381156606891,53,457.36066841205127,moving,2043,[],[],0.0,[],,43.31693114146973,0,0.0,[],0.0,0,0.0,,
391207,20,,13.203402897297906,123.22508343235856,54,2.3508365448492774,0.4798880257361927,2.172708313138733,4.898718906859315,3.483512674175636,0.5579029857317336,-0.4346719464433187,"[0.9390676352962206, -0.4069492610376244]",1.0234528444046185,1,1.0234528444046185,54,438.1672637204951,moving,2040,[],[],0.0,[],,9.833037066234867,0,0.0,[],0.0,0,0.0,,
399138,20,,14.570066390662475,122.3286245067976,56,2.3409346971095397,0.4881082552435867,-0.6460177054245122,4.79593342657422,3.51942517597126,0.7888294730906646,0.5138241370415797,"[0.23642636306421316, 0.024892120650065408]",0.2377331336230365,1,0.2377331336230365,56,417.9970548576664,moving,2043,[],[],0.0,[],,,0,0.0,[],0.0,0,0.0,,
399442,20,,15.33464488357528,121.78270902532768,57,2.282906309882277,0.4813486615335041,2.418455345385017,4.7427291115950805,3.367325168366256,0.724964268093247,-0.0638652049974176,"[0.7645784929128041, -0.545915481469919]",0.9394700552616608,1,0.9394700552616608,57,402.5644562700512,moving,2029,[],[],0.0,[],,,0,0.0,[],0.0,0,0.0,,
290710,21,,84.41428376218295,60.81735438887796,4,1.8275499621707787,0.5082962592444705,0.639263279219346,3.595442478540451,2.847650142382508,0.8047063617356407,-0.0006027420016744,"[0.15324673846055248, -0.05472596661034146]",0.1627252109239167,1,0.1627252109239167,4,1.5574164349952082,moving,943,[],[],0.0,[],,,0,0.0,[],0.0,0,0.0,,
301903,21,,87.22772905099272,62.46481453196371,5,2.004746020059373,0.5293930378545262,0.1086971506892323,3.7868764352927977,3.1814251590712503,0.8727341840184963,0.0680278222828556,"[2.813445288809774, 1.6474601430857518]",3.260306629165735,1,3.260306629165735,5,1.6266589772443447,moving,962,[],[],0.0,[],,,0,0.0,[],0.0,0,0.0,,
288096,21,,84.53325031477169,60.87245475922289,11,1.839434545622826,0.5271062991997045,0.668529311775582,3.4896842409502686,2.936375146818757,1.1317016866809255,-0.7485755605120146,"[0.017484263151757773, 0.008694563316240078]",0.0195267736510674,1,0.0195267736510674,11,1.9089296882439144,moving,950,[981],[981],1.0,[981],[34.74420812499551],176.71973219580303,0,0.0,[981],1.0,0,0.0,[34.74420812499551],[34.74420812499551]
288614,21,,86.91698659347082,62.47197365326765,12,1.9870559387827933,0.5307745551351487,0.040611986913446,3.743691025800659,3.141287657064373,0.1295370849855787,-1.002164601695347,"[2.383736278699132, 1.5995188940447633]",2.870654862360254,1,2.870654862360254,12,2.0460711280778368,moving,975,[],[],0.0,[],,179.23748310451992,0,0.0,[],0.0,0,0.0,,
283645,21,,84.47983741189772,60.883238985207846,13,1.855102946599828,0.5125369431762193,0.6755349820037059,3.619452161055267,2.864550143227509,3.12828422316158,2.9987471381760016,"[-2.437149181573105, -1.5887346680598071]",2.909256602422268,1,2.909256602422268,13,1.97408424103616,moving,954,[985],[985],1.0,[985],[33.88598698107549],176.76908052853642,0,0.0,[985],1.0,0,0.0,[33.88598698107549],[33.88598698107549]
320439,21,,86.7071231722496,62.52117165435715,15,2.0250197293310386,0.5114149005586364,0.0101537876502434,3.959641627803646,3.08425015421251,2.5366020665408677,-0.5564288890910949,"[-0.03804521228632041, -0.0008092866474100902]",0.0380538187674885,1,0.0380538187674885,15,2.043870192905968,moving,983,[],[],0.0,[],,173.520381763539,0,0.0,[],0.0,0,0.0,,
371846,21,,83.26145363613605,59.32931155795551,48,1.9057269509884391,0.4904584052561682,0.955492939971689,3.885603611978208,2.9215876460793777,0.1045996237212208,-0.5279273156545785,"[-0.02887874914405586, -0.10767477644774459]",0.1114802208250283,1,0.1114802208250283,48,7.51499090584068,moving,964,[],[],0.0,[],,,0,0.0,[],0.0,0,0.0,,
380099,21,,83.35125650257706,61.43597003246663,49,2.372315717671233,0.4504089574640972,1.1713118506742282,5.267026062332107,3.386337669316875,2.922158348785417,2.8175587250641967,"[0.08980286644100488, 2.1066584745111143]",2.108571668938601,1,2.108571668938601,49,7.829651944261181,moving,990,[944],[944],1.0,[944],[19.28318956565417],,0,0.0,[1053],1.0,1,1.0,[100.30656670113447],[79.69343329886553]
303114,22,,32.070997974458564,101.15148614485196,2,3.0070000658413063,0.5478276365785207,1.4905816698523495,5.488952847690643,4.856637742831874,1.4515117611982822,,"[-0.09572185239549924, -0.2663639763951835]",0.2830414120708834,1,0.2830414120708834,2,1.0444680578969376,moving,1541,[],[],0.0,[],,,0,0.0,[],0.0,0,0.0,,
299448,22,,31.99995339258971,100.14259435541068,4,2.9885495966205067,0.5201564617586857,1.379704344191191,5.745482016153389,4.753125237656248,0.1022173260496306,-0.1477765789569323,"[0.0017667064848865266, -0.24475850638546603]",0.2447648824889877,1,0.2447648824889877,4,2.178448973339957,moving,1544,[],[],0.0,[],,,0,0.0,[],0.0,0,0.0,,
304877,22,,32.00184601162712,99.26286328335186,5,3.1195337456233867,0.4942609167164606,1.507439341177791,6.31151207817014,4.74256273712812,0.0050666787898686,-0.0971506472597619,"[0.0018926190374131124, -0.8797310720588172]",0.8797331079097663,1,0.8797331079097663,5,2.752292191811613,moving,1516,[],[],0.0,[],,22.452349016350592,0,0.0,[],0.0,0,0.0,,
303096,22,,31.744501090172328,98.63629769129284,6,3.0353570050413383,0.50953846772292,1.3725287564770927,5.957071344595564,4.748900237445009,0.391867415142228,0.3868007363523594,"[-0.25734492145479493, -0.6265655920590234]",0.6773557778234781,1,0.6773557778234781,6,3.047880605326475,moving,1508,[1490],[1490],1.0,[1490],[65.0947775687524],39.15688374479067,0,0.0,[1490],1.0,0,0.0,[65.0947775687524],[65.0947775687524]
295841,22,,31.91161779067446,98.08374948649914,8,3.0806201356208223,0.5154111609419302,1.5044813454036987,5.977014797256023,4.748900237445,0.5432853230958268,-0.2822259845825782,"[-0.01696581957344634, -0.15722779823785515]",0.1581405057931788,1,0.1581405057931788,8,3.1992787492322594,moving,1512,[],[],0.0,[],,168.68992764819262,1,0.0,[1464],1.0,1,1.0,[66.21361423672387],[66.21361423672387]
296540,22,,31.828664101879365,98.94247172852896,11,3.092758788244072,0.5174729677257385,1.707025725172363,5.9766576828864215,4.92423774621188,0.0916031917708349,0.0551429852729123,"[-0.008486119339714548, 0.20470489225944277]",0.2048807144081598,1,0.2048807144081598,11,3.211792326575233,moving,1522,[],[],0.0,[],,17.60048736854514,0,0.0,[],0.0,0,0.0,,
290269,22,,31.959904247764293,99.55555222524148,13,3.083888220989431,0.5236429075505484,1.3723343047032237,5.88929626759384,4.941137747056876,0.8710367407042396,0.8532116350929793,"[0.14273951437594334, 0.12604485654637188]",0.1904255099141803,1,0.1904255099141803,13,3.542341943433732,moving,1542,[],[],0.0,[],,175.17211931574678,0,0.0,[],0.0,0,0.0,,
331920,22,,31.66904263569749,98.59885281957978,14,1.5967912435767144,0.5078064677292196,1.3516451363972426,3.1444878020501705,2.482187624109372,2.5893088461582585,1.7182721054540189,"[-0.29086161206680217, -0.9566994056616949]",0.9999371131063888,1,0.9999371131063888,14,4.125555921664263,moving,1559,[1603],[],1.0,[1603],[0.5161642297648399],149.1848425861003,0,0.0,[],0.0,0,0.0,,
326091,22,,32.42671704230607,99.28766009166937,15,3.1022307664634914,0.5237500000837709,1.4126327153871217,5.92311363430512,4.936912746845629,2.6037666971969062,0.0144578510386477,"[0.757674406608583, 0.6888072720895906]",1.0239755683184886,1,1.0239755683184886,15,4.533642256628728,moving,1539,[],[],0.0,[],,126.7155550135646,0,0.0,[],0.0,0,0.0,,
315947,22,,32.47334977243671,98.80850188872692,16,3.1210451131595245,0.5184009237973538,1.5500349869617578,6.020523826033074,4.843962742198144,2.2116036484787127,-0.3921630487181935,"[0.04663273013063929, -0.4791582029424575]",0.4814220549232059,1,0.4814220549232059,16,5.139964018373719,moving,1542,[],[],0.0,[],,19.67866805866223,0,0.0,[],0.0,0,0.0,,
323287,22,,33.24917628524188,97.1625697987174,18,1.6773852591705007,0.5152969461597382,-1.5156031128580003,3.2551818357769267,2.404025120201262,1.2173064264476354,0.9950026033135132,"[0.23427075938016628, -0.008008010317581693]",0.2344075871848141,1,0.2344075871848141,18,5.237861285842032,moving,1545,[1593],[1593],1.0,[1593],[0.7360937115577144],158.63397298562114,0,0.0,[],0.0,0,0.0,,
322196,22,,33.18254899912285,98.1471652667883,19,3.0763162371459187,0.4901025559872955,1.6506127360677028,6.276882663769792,4.75101273755064,1.6725324345677712,0.4552260081201358,"[-0.06662728611902935, 0.9845954680708928]",0.9868472176590092,1,0.9868472176590092,19,4.944739792011867,moving,1535,[],[],0.0,[],,166.1444261149106,0,0.0,[],0.0,0,0.0,,
316532,22,,33.07670520431992,97.54593115795898,20,3.029708666808061,0.5070597648196558,1.8435513996496744,5.975052404099992,4.761575238078752,2.89976726954164,1.2272348349738686,"[-0.10584379480292938, -0.6012341088293311]",0.610479616791654,1,0.610479616791654,20,4.701494556420555,moving,1534,[],[],0.0,[],,128.84665151657651,0,0.0,[],0.0,0,0.0,,
323747,22,,32.59901330605223,98.09218910469222,21,3.1473105400164108,0.522641512643144,1.6838898684260606,6.021929877134297,4.932687746634387,2.2487982991340054,-0.6509689704076345,"[-0.4776918982676932, 0.5462579467332489]",0.7256633475929574,1,0.7256633475929574,21,4.169061646512807,moving,1534,[],[],0.0,[],,32.307691016117744,0,0.0,[],0.0,0,0.0,,
321797,22,,32.26703586312626,100.22154439503312,22,1.5580855491038512,0.5220071356147303,1.661456138147418,2.984797415209671,2.370225118511245,0.563875581948247,-1.6849227171857584,"[-0.3319774429259681, 2.1293552903408965]",2.155078415073203,1,2.155078415073203,22,3.8435612574142497,moving,1597,[1641],[1641],1.0,[1641],[27.32838427306406],23.91737974294741,0,0.0,[1641],1.0,0,0.0,[27.32838427306406],[27.32838427306406]
324555,22,,32.55096043198441,101.27703704000804,23,1.5630126674630738,0.5200761271534665,-1.4856832879873532,3.005353612398849,2.397687619884377,0.4174370249642273,-0.1464385569840197,"[0.2839245688581471, 1.055492644974919]",1.09301321327669,1,1.09301321327669,23,4.025594486280265,moving,1607,[],[],0.0,[],,32.224112036750135,0,0.0,[],0.0,0,0.0,,
329407,22,,32.31658580358248,102.0356739877373,24,1.5811137361709746,0.520712016959428,1.7314048990887705,3.036445644952668,2.435712621785631,0.5624168535728259,0.1449798286085985,"[-0.23437462840193035, 0.7586369477292578]",0.7940160482625698,1,0.7940160482625698,24,4.104661189519656,moving,1614,[1577],[1577],1.0,[1577],[4.753721632042797],150.07688216445607,1,1.0,[],0.0,0,0.0,,
330711,22,,32.216695008318375,101.59439964131704,25,3.0522306454289496,0.5329020800194108,1.504094949002274,5.727563768033657,4.858750242937498,2.6193357248973057,2.05691887132448,"[-0.09989079526410194, -0.44127434642024355]",0.4524391890487691,1,0.4524391890487691,25,4.289786042097895,moving,1606,[1581],[1581],1.0,[1581],[78.27488798483492],8.697136389140521,0,0.0,[1685],1.0,0,0.0,[89.21397916802708],[89.21397916802708]
333840,22,,32.124493800311555,100.29472939812617,27,1.6548197241541391,0.5112255874141923,1.4947331702114692,3.2369657640266207,2.51387512569375,2.564972366403804,2.4028591248112723,"[-0.01217080115087299, 0.02144949600972268]",0.0246618993535615,1,0.0246618993535615,27,4.621123372108453,moving,1608,[1651],[1651],1.0,[1651],[4.478615734859915],177.92228406657622,0,0.0,[1682],1.0,0,0.0,[36.09622767709513],[36.09622767709513]
346962,22,,32.2640192272667,101.59266986698503,28,3.146507927143001,0.5128341808006553,1.5383469186863366,6.135526930421367,4.797487739874377,0.6232028472523917,-1.9417695191514124,"[0.1395254269551458, 1.2979404688588687]",1.305418249247572,1,1.305418249247572,28,4.825037754594934,moving,1602,[1585],[1585],1.0,[1585],[79.56661912993533],176.02502625512557,0,0.0,[1692],1.0,0,0.0,[26.682969101012574],[26.682969101012574]
343185,22,,32.21168110962873,100.20541522405976,29,1.6311186129518225,0.5545109167644741,1.5358331687823898,2.9415446362521886,2.4526126226306286,3.072216274061405,2.4490134268090133,"[-0.052338117637972914, -1.387254642925285]",1.3882415938429615,1,1.3882415938429615,29,5.146631012155635,moving,1601,[],[],0.0,[],,125.3217381683152,0,0.0,[],0.0,0,0.0,,
355716,22,,32.969023576423574,100.70027252848698,36,1.577433975898464,0.5441238838620933,2.0311834959286545,2.899034618186803,2.568800128440004,1.6720292824645036,0.3535116489034158,"[0.009665158410044228, 0.002906387735421845]",0.0100926892729271,1,0.0100926892729271,36,7.949168983037261,moving,1638,[1678],[1678],1.0,[1678],[5.00797189204026],82.65076581690678,0,0.0,[1712],1.0,0,0.0,[52.88834944488787],[52.88834944488787]
356357,22,,32.3692798194673,101.94024572255782,37,3.164546390979059,0.5276728844450153,2.053494098059534,5.997174545566047,4.951700247585002,1.7291927180743971,0.0571634356098935,"[-0.599743756956272, 1.239973194070842]",1.3773983069621765,1,1.3773983069621765,37,8.803523941495934,moving,1641,[],[],0.0,[],,177.4541825529844,0,0.0,[],0.0,0,0.0,,
376395,22,,32.807867120561674,100.92019483069328,48,1.7005571403405229,0.4894083910093551,-0.9758396060960812,3.474720032554604,2.499087624954373,0.1665214644459497,-0.3421948181586743,"[-0.008302566726470673, 0.023852924355281857]",0.0252565756694429,1,0.0252565756694429,48,8.144820088673498,moving,1656,[1701],[1701],1.0,[1701],[5.0675826325185085],144.0063023617669,0,0.0,[1743],1.0,0,0.0,[46.383793037075165],[46.383793037075165]
383896,22,,32.51759810566206,101.09281978619536,49,1.6016860640975743,0.527894765746428,2.320603342537475,3.034101052001977,2.496975124848751,0.6993206031027938,0.532799138656844,"[-0.2902690148996143, 0.17262495550208712]",0.3377210036004425,1,0.3377210036004425,49,8.339719242686698,moving,1657,[1696],[],1.0,[1696],[3.9037454892293155],8.773935677832581,0,0.0,[],0.0,0,0.0,,
390516,22,,32.0024224640264,101.51771188424364,54,1.6377904088200657,0.517011028636588,2.4651683461595404,3.1678055555973144,2.606825130341253,1.768447885768386,-0.855819050766101,"[0.02236704267306422, 0.021738758598587538]",0.0311906752627502,1,0.0311906752627502,54,4.982284174107544,moving,1679,[1709],[],1.0,[1709],[8.190434848016675],,0,0.0,[],0.0,0,0.0,,
391818,22,,31.47488675178724,101.90416921427854,55,1.695095985462148,0.5120735071255558,2.5235617130709733,3.3102590973262864,2.608937630446873,1.738185581753714,-0.0302623040146718,"[-0.527535712239164, 0.3864573300348866]",0.6539443367943293,1,0.6539443367943293,55,4.2551193579490345,moving,1694,[1723],[1723],1.0,[1723],[0.8951737102110862],,0,0.0,[],0.0,0,0.0,,
300828,23,,52.478466224231234,125.40811717026504,1,1.654614307541756,0.5235529010054956,-1.3300912675523842,3.160357443085561,2.60893763044688,,,"[-0.1190267712440587, 0.25740965989754727]",0.2835967300258528,1,0.2835967300258528,1,0.4775838113342588,moving,1940,[1980],[],1.0,[1980],[3.422959167700725],,0,0.0,[1899],1.0,0,0.0,[82.07897071842756],[82.07897071842756]
304858,23,,52.18483938388688,126.26475329615862,2,1.676155543045902,0.5032963550030868,1.8184257625434903,3.3303550212193014,2.522325126116252,0.1029025814619635,,"[-0.29362684034435205, 0.8566361258935729]",0.90556179996539,1,0.90556179996539,2,1.4266465617534936,moving,1962,[2010],[2010],1.0,[2010],[21.193026093103853],,0,0.0,[],0.0,0,0.0,,
306251,23,,51.74648338732272,126.7279604684652,3,1.6377799123292462,0.5112529370961901,1.8766653052586015,3.203463087432796,2.556125127806255,0.4276236516718827,0.3247210702099192,"[-0.43835599656416235, 0.46320717230658204]",0.6377435724490051,1,0.6377435724490051,3,2.6925038458259856,moving,1981,[2020],[2020],1.0,[2020],[53.53076560994815],4.6798763854505845,0,0.0,[],0.0,0,0.0,,
303468,23,,50.744048696248136,127.6273638551922,4,1.6797525400140327,0.518422007585731,1.5204435118279376,3.2401258346198847,2.6279501313974967,0.0816792515124548,-0.3459444001594279,"[-1.0024346910745834, 0.8994033867269877]",1.3467745772495747,1,1.3467745772495747,4,4.083289840599456,moving,2007,[2053],[2053],1.0,[2053],[33.01046921333767],20.068291407321254,0,0.0,[],0.0,0,0.0,,
305635,23,,50.07529634913043,127.89526232339504,5,1.611325209633422,0.5425840760294198,1.0705015630745192,2.9697244737165,2.6427376321368707,0.3502577603074162,0.2685785087949613,"[-0.668752347117703, 0.26789846820285845]",0.7204160541248888,1,0.7204160541248888,5,5.102582834464289,moving,2001,[2041],[],1.0,[2041],[18.350441834771672],52.67940063234757,0,0.0,[],0.0,0,0.0,,
300966,23,,49.76867740457009,129.00165670609448,9,1.6527131933783925,0.5302087163027311,0.4316560621040142,3.1170992527304087,2.6702001335099963,0.5272471077325976,-1.134731169502872,"[0.15399109839549396, 0.11100951391034641]",0.1898324802652646,1,0.1898324802652646,9,5.306798977076026,moving,2038,[2056],[2056],1.0,[2056],[5.455228883687056],106.62326338755936,0,0.0,[],0.0,0,0.0,,
302971,23,,50.818574807774574,128.9808848670467,12,1.6778972227693305,0.5199436514062983,0.509437313233184,3.22707512291207,2.6237251311862417,2.201760392825601,1.5245315744507777,"[-0.0011296043586312976, -0.019492426120763184]",0.0195251295022709,1,0.0195251295022709,12,5.745523376901939,moving,2040,[2071],[],1.0,[2071],[25.610813759158745],43.74184667273404,0,0.0,[],0.0,0,0.0,,
332794,23,,51.5630568446152,129.66567309805933,14,1.6445578778659218,0.5282811718031604,0.901932682211716,3.1130351896748847,2.6490751324537563,2.1165085895259947,-0.1378821755656325,"[-0.12829928638842603, 0.0541496964554824]",0.1392583804085062,1,0.1392583804085062,14,7.164808557758696,moving,2063,[2108],[],1.0,[2108],[8.13010235415598],32.13511830063752,0,0.0,[],0.0,0,0.0,,
329296,23,,51.67051729617636,130.0596583287499,15,1.6212927611970702,0.5046932179832305,1.3727169887905195,3.212432232943025,2.551900127595002,1.437696023807172,-0.6788125657188226,"[0.10746045156115258, 0.3939852306905607]",0.4083774120247361,1,0.4083774120247361,15,8.10351255491693,moving,2057,[2104],[],1.0,[2104],[29.555396152243347],7.185409083056639,0,0.0,[2104],1.0,0,0.0,[29.555396152243347],[29.555396152243347]
321763,23,,51.933840584061805,130.69720564838622,16,1.643202916405291,0.5168763634173628,1.270891444731082,3.179102456032512,2.602600130130001,0.1254090466020628,-1.3122869772051091,"[0.26332328788544856, 0.6375473196363259]",0.6897867342289691,1,0.6897867342289691,16,9.012966257489149,moving,2079,[],[],0.0,[],,130.36056745384047,1,0.0,[],0.0,0,0.0,,
324510,23,,51.59453539968597,130.58749078549928,17,1.6286553524822711,0.4988726938376986,1.5424205697164843,3.264671273052543,2.539225126961256,2.275221116837677,2.1498120702356145,"[-0.33930518437583856, -0.109714862886932]",0.3566025228214463,1,0.3566025228214463,17,9.415860491953715,moving,2076,[2057],[2057],1.0,[2057],[55.88223230023378],48.16003488220681,0,0.0,[2057],1.0,0,0.0,[55.88223230023378],[55.88223230023378]
328191,23,,51.21880777764557,129.74046228306,18,1.6097852854413115,0.5262854880282398,1.1080541674847344,3.058768144020974,2.492750124637501,0.8405511765698283,-1.434669940267849,"[-0.3757276220403938, -0.8470285024392865]",0.9266221073925818,1,0.9266221073925818,18,9.568808465238048,moving,2081,[2038],[2038],1.0,[2038],[14.8616658288406],48.848716668438854,0,0.0,[2038],1.0,0,0.0,[14.8616658288406],[14.8616658288406]
321757,23,,50.246161361136366,129.43881950892475,20,1.6649443248700655,0.5281120386620352,0.2750140482695881,3.1526346740517037,2.682875134143768,2.5698703896252844,1.7342522392119233,"[0.02009612965187557, 0.024780029765594236]",0.0319046125531831,1,0.0319046125531831,20,11.208811485653737,moving,2097,[],[],0.0,[],,46.623369024298384,0,0.0,[],0.0,0,0.0,,
325969,23,,49.9801310584771,128.89690058585526,22,1.691759721346344,0.4991329464629131,0.294161055822745,3.3893970200423267,2.617387630869368,2.769806458624488,-0.3361544113637693,"[0.2662273765778096, 0.1644149826519481]",0.3129046221453803,1,0.3129046221453803,22,13.510001854165512,moving,2093,[2116],[2116],1.0,[2116],[47.22396124038549],118.16839300056712,1,1.0,[],0.0,0,0.0,,
328409,23,,50.70350017736619,128.9224364473572,23,1.648179243006514,0.518824204254364,0.5904439975274359,3.176758581213881,2.583587629179384,0.5179544695184046,-2.2518519891060835,"[0.7233691188890887, 0.025535861501936097]",0.7238197029544186,1,0.7238197029544186,23,16.04098104133049,moving,2084,[2115],[2115],1.0,[2115],[43.01365930411782],30.96386550815107,0,0.0,[],0.0,0,0.0,,
331226,23,,51.33345405429109,129.33130885709355,24,1.6103054233645546,0.5355978538493323,0.8002813405879943,3.006556900464253,2.5793626289681253,0.5404214022619432,0.0224669327435386,"[0.6299538769249011, 0.40887240973634675]",0.7510116740080146,1,0.7510116740080146,24,20.119625646666325,moving,2096,[2137],[2137],1.0,[2137],[62.81266500237139],29.76799561834622,0,0.0,[],0.0,0,0.0,,
332019,23,,51.7412447421701,130.1232068694364,25,1.6423439841170495,0.5512602478496853,1.1450126431006025,2.9792534297972364,2.6871001343550165,0.5195495352593869,-0.0208718670025563,"[0.4077906878790145, 0.7918980123428412]",0.8907276278826106,1,0.8907276278826106,25,26.188878162331616,moving,2111,[2161],[],1.0,[2161],[57.04563238526578],,0,0.0,[],0.0,0,0.0,,
330726,23,,51.74410747640601,130.54422100555956,26,1.6596841985349124,0.5187594537126708,1.484686498943644,3.1993329213700923,2.619500130975005,0.4687392436930752,-0.0508102915663116,"[0.0028627342359044405, 0.4210141361231763]",0.4210238687566892,1,0.4210238687566892,26,29.818254666976102,moving,2113,[],[],0.0,[],,,0,0.0,[],0.0,0,0.0,,
315974,24,,55.38126872015633,80.0144982477215,17,2.507692418722723,0.5391229209703393,0.8753000556002618,4.651429796769275,4.315837715791869,2.109486358347792,-0.7219128466784301,"[-0.08483697599717743, 0.1995468563303575]",0.2168323323853571,1,0.2168323323853571,17,14.694569195810296,moving,1259,[1220],[1220],1.0,[1220],[107.36166458281424],,0,0.0,[1220],1.0,0,0.0,[107.36166458281424],[72.63833541718576]
320302,24,,54.64476675462685,79.04749020358285,18,1.341098652862958,0.5212483139634669,0.6547290849270421,2.572859454768332,2.093487604674375,2.0886939214223776,-0.0207924369254142,"[-0.7365019655294773, -0.9670080441386517]",1.2155409094957044,1,1.2155409094957044,18,15.468642074148011,moving,1270,[1286],[1286],1.0,[1286],[26.881017346366377],,0,0.0,[1286],1.0,0,0.0,[26.881017346366377],[26.881017346366377]
317379,24,,55.47902147920163,79.82334191653158,19,2.5828517696070645,0.5509888708227973,0.7391354718971563,4.687665951855008,4.275700213785001,2.9708402318090306,0.8821463103866529,"[0.8342547245747767, 0.7758517129487217]",1.13926591538622,1,1.13926591538622,19,16.019125908663174,moving,1265,[],[],0.0,[],,0.0924664027878472,0,0.0,[],0.0,0,0.0,,
313494,24,,56.31345022804735,80.60187057603773,20,1.3625863833984588,0.5194762794596157,0.8884046018202474,2.6230001970751906,2.1188376059418808,0.0016138431761231,-2.969226388632908,"[0.834428748845724, 0.7785286595061507]",1.141217862887137,1,1.141217862887137,20,16.7697931682888,moving,1292,[1273],[1273],1.0,[1273],[24.253919724316603],168.14848083366329,0,0.0,[],0.0,0,0.0,,
318158,24,,55.48366087991562,80.10005288671536,22,2.5791198926184524,0.5590414803938613,0.636124264231594,4.613467842853783,4.220775211038753,2.46401370310602,-0.6536014428607069,"[0.04660321693646807, 0.2774101985138344]",0.2812974903341879,1,0.2812974903341879,22,18.09651965463007,moving,1275,[],[],0.0,[],,168.87106965714224,0,0.0,[],0.0,0,0.0,,
347821,24,,55.59919461386967,80.20515289842356,31,2.562170106211691,0.5603298559780253,0.8535052753793942,4.572610363121848,4.374987718749381,0.0117478596536313,-0.0412181031142784,"[-0.11429894171428856, -0.15838546217227645]",0.1953207687485689,1,0.1953207687485689,31,23.4782375090824,moving,1272,[1252],[1252],1.0,[1252],[113.66918181654339],177.00181581226502,0,0.0,[1252],1.0,0,0.0,[113.66918181654339],[66.33081818345661]
350158,24,,55.35344122123232,79.95689305583035,33,2.524319759340286,0.550939411487533,0.7405584263482946,4.581846400359412,4.330625216531256,2.315735993698564,2.3057552231568805,"[-0.016345278317686507, 0.07641411961293443]",0.0781427271056141,1,0.0781427271056141,33,25.1836123843646,moving,1273,[1301],[1301],1.0,[1301],[128.96058126387985],167.00904790749712,0,0.0,[1250],1.0,0,0.0,[125.8355796244213],[54.1644203755787]
346428,24,,56.13297688869572,81.21816507752969,34,1.4025477085700484,0.5088338367661743,0.9324096888117168,2.756396307061169,2.1399626069981297,0.764317924988602,-1.551418068709962,"[0.7795356674633922, 1.261272021699341]",1.4827282183762265,1,1.4827282183762265,34,26.181715926851037,moving,1305,[1279],[1279],1.0,[1279],[27.112446427955774],167.7071008551882,0,0.0,[],0.0,0,0.0,,
353302,24,,55.34752236834433,80.4051226719392,36,2.5356330448382383,0.5756018362105257,0.8829598285652753,4.405185816521324,4.362312718115624,2.844856015685359,-0.0868031882550615,"[0.0080348268012429, 0.015944338371994604]",0.0178544215209183,1,0.0178544215209183,36,28.476947969793272,moving,1287,[1260],[1260],1.0,[1260],[111.0266182918053],1.1086540459733678,0,0.0,[],0.0,0,0.0,,
357985,24,,54.56924901567878,79.56767691631423,38,1.4560620843100984,0.5141876581685092,0.7220869663324314,2.831771749435726,2.1737626086881177,2.823809814292332,0.0049696073576988,"[0.133323794440372, 0.06663306003682123]",0.1490476395447079,1,0.1490476395447079,38,31.02934972497285,moving,1291,[1323],[1323],1.0,[1323],[31.742761153418925],175.47579918808685,0,0.0,[1265],1.0,0,0.0,[126.02737338510363],[53.97262661489637]
356728,24,,55.0787644745414,80.21102361627031,39,2.5599699227274386,0.5430955879161352,0.7571994394589157,4.713663634333831,4.301050215052494,0.4374923965620659,-2.386317417730266,"[0.509515458862623, 0.6433466999560835]",0.8206710541772338,1,0.8206710541772338,39,32.583217703331194,moving,1296,[],[],0.0,[],,118.37995894745198,0,0.0,[],0.0,0,0.0,,
362007,24,,54.6355858938239,80.28915549216084,40,2.5625451509731287,0.5591776120590898,0.5260296760962206,4.582703412493449,4.273587713679381,2.066120052008758,1.628627655446692,"[-0.4431785807175004, 0.07813187589053427]",0.450013160293065,1,0.450013160293065,40,33.92950641235352,moving,1308,[1276],[1276],1.0,[1276],[13.291781462934921],36.459055712118605,0,0.0,[1276],1.0,0,0.0,[13.291781462934921],[13.291781462934921]
361214,24,,54.20997489376519,80.07731880701937,41,2.585972276862487,0.5715950662378698,0.358554646544172,4.524133306263235,4.324287716214377,0.636330564344509,-1.429789487664249,"[-0.42561100005871566, -0.2118366851414777]",0.4754150865745739,1,0.4754150865745739,41,35.63935652571249,moving,1302,[],[],0.0,[],,12.789013487881055,0,0.0,[],0.0,0,0.0,,
366401,24,,53.47391651161319,79.89827352345746,42,2.575941864225023,0.5137491024658871,0.215452170419311,5.014007522078474,4.129937706496881,0.2232103934454808,-0.4131201708990281,"[-0.7360583821519953, -0.17904528356190497]",0.7575217194919072,1,0.7575217194919072,42,37.60985938049573,moving,1304,[],[],0.0,[],,24.474517197569924,0,0.0,[],0.0,0,0.0,,
367849,24,,53.10217524059964,79.96920654468751,43,2.5582212611390185,0.5722635382246246,0.3802878640898373,4.470355160273844,4.275700213785001,0.4271609079335693,0.2039505144880885,"[-0.3717412710135548, 0.07093302123004719]",0.3784482343407028,1,0.3784482343407028,43,39.80876952178707,moving,1308,[],[],0.0,[],,33.58392797754892,0,0.0,[],0.0,0,0.0,,
379100,24,,52.43603373411048,80.62124084212199,47,2.5628662091773897,0.5517026310470984,0.1672025348320928,4.645376086594374,4.332737716636893,1.9096161155541191,1.4738922984753442,"[0.19432615584089774, 0.23658154185039848]",0.3061592408995892,1,0.3061592408995892,47,49.56360855146667,moving,1340,[],[],0.0,[],,60.848726748289415,0,0.0,[],0.0,0,0.0,,
374839,24,,51.89791614813535,80.46223243932329,48,2.579450379281812,0.5547431595162217,-0.0971900889033468,4.649810159950938,4.362312718115622,2.5457597946924952,0.6361436791383761,"[-0.5381175859751224, -0.15900840279870465]",0.5611187115898812,1,0.5611187115898812,48,52.76310697070529,moving,1334,[],[],0.0,[],,49.95853056644695,0,0.0,[],0.0,0,0.0,,
381908,24,,51.05566672651592,81.01963422338484,49,2.6124784360280016,0.5588055824895644,2.7801743647949784,4.67511155559508,4.341187717059386,0.8719408478427303,-1.673818946849765,"[-0.8422494216194281, 0.5574017840615539]",1.0099905133679543,1,1.0099905133679543,49,56.29531915603843,moving,1339,[1344],[1344],1.0,[1344],[122.64590203836173],4.133024783195201,0,0.0,[1344],1.0,0,0.0,[122.64590203836173],[57.354097961638274]
380819,24,,49.47982910057145,81.90625526515672,50,1.3491563219294505,0.5314067089964774,2.395880531138099,2.538839459662136,2.188550109427498,0.072134890533281,-0.7998059573094493,"[-1.575837625944473, 0.8866210417718747]",1.8081374657516935,1,1.8081374657516935,50,59.794868733647526,moving,1352,[1337],[1337],1.0,[1337],[26.054230899705477],172.8314095690043,0,0.0,[1342],1.0,0,0.0,[76.86988973644296],[76.86988973644296]
373765,24,,50.02134979486143,81.50507972817907,51,2.47137150342297,0.5621498673418311,2.33349282381743,4.396285842971093,4.305275215263755,3.0164771478419588,2.9443422573086777,"[0.5415206942899786, -0.40117553697764663]",0.6739335826426841,1,0.6739335826426841,51,62.01862164620213,moving,1335,[1352],[1352],1.0,[1352],[76.56897112931833],160.22761728273036,0,0.0,[1352],1.0,0,0.0,[76.56897112931833],[76.56897112931833]
384854,24,,49.161567690168816,82.79449247755767,52,1.3977799359344256,0.5204161570273029,-1.0732171478239017,2.6858888162096264,2.0554626027731304,2.796499474209015,-0.2199776736329437,"[-0.8597821046926128, 1.2894127493785987]",1.5497775665590647,1,1.5497775665590647,52,65.70323204641733,moving,1369,[1361],[1361],1.0,[1361],[52.71008907073849],37.332890136854594,0,0.0,[1361],1.0,0,0.0,[52.71008907073849],[52.71008907073849]
382316,24,,49.234642889151765,83.94398917481821,53,1.3757770352129193,0.5038839453567194,1.732700136213855,2.730345048479273,2.0977126048856274,0.6515818521734291,-2.144917622035586,"[0.07307519898294856, 1.1494966972605454]",1.1518171042831842,1,1.1518171042831842,53,68.23398284326422,moving,1392,[],[],0.0,[],,9.05427994845207,0,0.0,[],0.0,0,0.0,,
389801,24,,49.11815453521598,85.17246302862051,54,1.3677695578806306,0.5215088464518738,1.4924401908149414,2.6227159274216683,2.1610876080543804,0.1580269964977911,-0.493554855675638,"[-0.11648835393578594, 1.2284738538022992]",1.2339844188961795,1,1.2339844188961795,54,70.3077388535368,moving,1402,[],[],0.0,[],,4.4390265760062775,0,0.0,[],0.0,0,0.0,,
391557,24,,49.109594625493415,85.67401099854764,55,1.3988248407677375,0.5148633774305325,1.4293762326822503,2.71688549251393,2.186437609321875,0.0774756293348398,-0.0805513671629512,"[-0.00855990972256393, 0.501547969927131]",0.5016210105173873,1,0.5016210105173873,55,70.5799104647113,moving,1424,[1376],[1376],1.0,[1376],[30.49473649992376],,0,0.0,[1466],1.0,0,0.0,[92.12424054303996],[87.87575945696004]
396547,24,,49.01138153416638,84.38740236708742,56,2.6254452767806336,0.5541733618499018,1.5140962205758342,4.737588374902323,4.377100218854998,3.0483402198810774,2.9708645905462374,"[-0.09821309132703249, -1.2866086314602256]",1.290351727962561,1,1.290351727962561,56,69.59322797371883,moving,1367,[1456],[1456],1.0,[1456],[83.418055344822],,0,0.0,[1456],1.0,1,1.0,[83.418055344822],[83.418055344822]
303770,25,,120.96983996123558,127.10774912369236,0,2.560794485955644,0.5106236421141649,1.5078040303400335,5.015033137425907,3.9081251954062552,,,"[0.0, 0.0]",0.0,0,0.0,0,0.0,moving,1953,[1942],[1942],1.0,[1942],[78.81203813367148],,0,0.0,[],0.0,0,0.0,,
300884,25,,121.10280004854395,126.69673020778323,1,2.6375036558127354,0.4828395906847962,1.70160471546471,5.46248424258675,3.9947376997368815,,,"[0.13296008730839048, -0.41101891590911066]",0.4319895068773724,1,0.4319895068773724,1,2.199630277011849,moving,1945,[1929],[1929],1.0,[1929],[64.57882421428637],,0,0.0,[1929],1.0,0,0.0,[64.57882421428637],[64.57882421428637]
304851,25,,121.20136047238688,125.39946330270932,2,2.671362267544528,0.537937035137726,-0.4491350169254083,4.965938563535767,4.366537718326882,0.2370348604529461,,"[0.09856042384291186, -1.2972669050739256]",1.3010056034268938,1,1.3010056034268938,2,3.596088277701406,moving,1959,[1947],[],1.0,[1947],[138.85348045360206],60.12660562414659,0,0.0,[1947],1.0,0,0.0,[138.85348045360206],[41.14651954639794]
306236,25,,122.19208571788182,124.92630294441425,3,2.597026798461264,0.4914977601242052,0.0300908042849716,5.283903629194516,3.9398126969906193,1.0494072361895097,0.8123723757365636,"[0.9907252454949429, -0.4731603582950754]",1.0979149496764031,1,1.0979149496764031,3,5.2485710230778615,moving,1966,[1967],[1967],1.0,[1967],[153.66814571766216],58.42914825786919,0,0.0,[1967],1.0,0,0.0,[153.66814571766216],[26.331854282337844]
303375,25,,122.78447895814452,125.3095463455242,4,2.563402595300314,0.5628527302857627,-0.1863184154594327,4.554304274226162,4.497512724875637,1.0197810162357153,-0.0296262199537944,"[0.5923932402627088, 0.3832434011099508]",0.7055531557602688,1,0.7055531557602688,4,6.601060801576328,moving,1988,[1989],[1989],1.0,[1989],[25.25729022437173],66.23007146336592,0,0.0,[1989],1.0,0,0.0,[25.25729022437173],[25.25729022437173]
305584,25,,123.42502849212546,124.88831020214836,5,2.596362333336273,0.5198385302542191,0.2807578180321517,4.994555390241199,4.157400207870011,1.1559328108668736,0.1361517946311583,"[0.6405495339809306, -0.42123614337583604]",0.7666443725544037,1,0.7666443725544037,5,7.525570473042889,moving,1964,[1986],[1986],1.0,[1986],[155.39301625215606],12.848653651917427,0,0.0,[1986],1.0,0,0.0,[155.39301625215606],[24.60698374784394]
304982,25,,123.92996955017986,124.69971192046982,6,2.663915750959484,0.4810491405091803,0.2558871882846594,5.5377206331556605,3.935587696779386,0.224251310674363,-0.9316815001925104,"[0.5049410580543992, -0.1885982816785372]",0.5390127864542668,1,0.5390127864542668,6,9.802961876022769,moving,1958,[1940],[],1.0,[1940],[107.57125877832243],168.22751683352982,0,0.0,[1981],1.0,0,0.0,[161.87813975209863],[18.121860247901367]
300041,25,,123.31594656704998,125.08718284247897,7,2.644138948355439,0.524793831525324,0.3763261110213574,5.038433742009114,4.155287707764391,2.9361240611992807,2.711872750524918,"[-0.6140229831298853, 0.38747092200914324]",0.7260564297727409,1,0.7260564297727409,7,11.895296963919495,moving,1976,[2009],[2009],1.0,[2009],[143.95663560791192],176.52225902318935,0,0.0,[1997],1.0,0,0.0,[138.23672759819502],[41.76327240180498]
302590,25,,123.92373428944916,124.6499416009306,8,2.617913328398468,0.5058028159023468,0.7392651933197422,5.17575870693432,3.977837698891879,3.080894623012907,0.1447705618136261,"[0.6077877223991806, -0.43724124154837796]",0.7487227916992713,1,0.7487227916992713,8,14.142807864661064,moving,1960,[2005],[2005],1.0,[2005],[105.70863782901574],5.764342324821034,0,0.0,[2005],1.0,0,0.0,[105.70863782901574],[74.29136217098426]
298449,25,,124.29664840655434,124.32006721055848,10,2.6364117022663085,0.5239392267650024,0.8211322908941151,5.031903639940275,4.284150214207504,1.8907991121708416,1.515549005217218,"[-0.12933232635919012, -0.20249811091061076]",0.2402755409188502,1,0.2402755409188502,10,18.88429679985721,moving,1969,[],[],0.0,[],,151.7722258025458,0,0.0,[],0.0,0,0.0,,
301618,25,,123.78122471007904,124.44160174166916,11,2.647221416693773,0.505700590218403,0.6906384833840538,5.234760385686886,4.062337703116876,1.233982800897676,-0.6568163112731655,"[-0.5154236964752954, 0.12153453111068302]",0.5295585228665015,1,0.5295585228665015,11,21.29246770779427,moving,1956,[1995],[1995],1.0,[1995],[127.92535230096686],146.87100463195785,0,0.0,[1995],1.0,0,0.0,[127.92535230096686],[52.074647699033136]
302589,25,,124.445571253895,124.68158396147788,12,2.711397134519016,0.5081353768430992,0.5442843949231855,5.335973951202053,4.102475205123758,2.563382606539526,1.32939980564185,"[0.6643465438159524, 0.23998221980870937]",0.7063623688338138,1,0.7063623688338138,12,23.261107356118924,moving,1971,[1880],[],1.0,[1880],[52.01040016085159],81.71881738089634,0,0.0,[2003],1.0,0,0.0,[143.0122320183548],[36.98776798164519]
294477,25,,124.63575527214924,124.32603515617026,13,2.629629524837904,0.5140144290721391,0.7917713171178072,5.115867135451268,4.163737708186877,1.4262624241326225,-1.1371201824069035,"[0.1901840182542287, -0.35554880530762034]",0.403218196210192,1,0.403218196210192,13,25.407545334052543,moving,1968,[],[],0.0,[],,43.71274239878897,0,0.0,[],0.0,0,0.0,,
332695,25,,124.39944459480331,123.47796816385174,14,2.662667779567303,0.5159626395707861,0.8372888150356751,5.160582521599426,4.163737708186871,0.7629312799349451,-0.6633311441976771,"[-0.23631067734591227, -0.8480669923185218]",0.880375124414512,1,0.880375124414512,14,28.14092053752185,moving,1963,[],[],0.0,[],,117.09181541628465,0,0.0,[],0.0,0,0.0,,
328852,25,,124.9852723934424,123.59738533634588,15,2.686795520129507,0.5223194241716417,0.926333738310706,5.143970137412672,4.275700213785015,2.043637706151611,1.280706426216666,"[0.5858277986390732, 0.11941717249413841]",0.5978751297259297,1,0.5978751297259297,15,29.804367112744867,moving,1953,[],[],0.0,[],,112.07470153524224,0,0.0,[],0.0,0,0.0,,
320799,25,,124.6115143415084,124.16001692089442,16,2.6973274628543704,0.495768670284255,1.0145394748970311,5.440697697391456,4.077125203856259,1.956072549979881,-0.0875651561717298,"[-0.3737580519339758, 0.5626315845485408]",0.6754623463355174,1,0.6754623463355174,16,32.435788115328336,moving,1972,[],[],0.0,[],,80.58940139691833,0,0.0,[],0.0,0,0.0,,
323812,25,,125.875946129372,125.33940006332674,17,2.706962219423275,0.5092481926692414,0.7474589131758727,5.315604961177461,4.174300208715007,1.4065503965875077,-0.5495221533923735,"[1.2644317878636002, 1.1793831424323145]",1.7290842497731165,1,1.7290842497731165,17,34.48289617530078,moving,1996,[2002],[],1.0,[2002],[55.680155513322006],18.248851536708138,0,0.0,[2002],1.0,0,0.0,[55.680155513322006],[55.680155513322006]
327737,25,,126.26437732325196,125.51853480460642,18,2.722806383809754,0.5061570389632164,0.7839737930601706,5.379370776680291,4.225000211250016,0.3185025440231561,-1.088047852564351,"[0.3884311938799385, 0.17913474127968243]",0.4277476451277471,1,0.4277476451277471,18,35.98893875852833,moving,2015,[2034],[],1.0,[2034],[61.18920625702695],76.28888384336776,0,0.0,[2034],1.0,0,0.0,[61.18920625702695],[61.18920625702695]
326978,25,,126.1505587093142,126.10153513906326,19,2.6698575725420657,0.5062071498277164,1.2273316950311106,5.274239159701183,4.1827502091375175,1.3314922057381988,1.012989661715043,"[-0.11381861393773818, 0.5830003344568411]",0.5940067902435935,1,0.5940067902435935,19,36.34067694206965,moving,2016,[],[],0.0,[],,28.89149910920486,0,0.0,[],0.0,0,0.0,,
322061,25,,127.58160449686248,130.54681698929787,20,1.7700631054163831,0.5167495902967052,0.5638826338213031,3.4253788269092884,2.801175140058734,0.5042517852925837,-0.8272404204456151,"[1.4310457875482712, 4.445281850234608]",4.669948904868753,1,4.669948904868753,20,36.65460750110475,moving,2114,[2035],[2035],1.0,[2035],[76.46818442587856],174.98186410152334,0,0.0,[],0.0,0,0.0,,
331022,25,,126.50886274784718,128.00267254050524,24,2.790075442770082,0.5137008180846647,1.9517915409681423,5.431323728805587,4.345412717270625,1.5607027347152214,1.2084982215433926,"[0.03462231268696314, 0.07793259209624637]",0.0852771566519063,1,0.0852771566519063,24,34.282408814988074,moving,2052,[],[],0.0,[],,119.30127059470964,0,0.0,[],0.0,0,0.0,,
331934,25,,125.99151912097774,128.66876459406018,25,2.709449249386028,0.4980443173276012,-0.7433579884101327,5.440177018632298,4.100362705018142,1.0784319257186052,-0.4822708089966161,"[-0.5173436268694331, 0.6660920535549337]",0.8433996988803398,1,0.8433996988803398,25,34.002058073399084,moving,2079,[2139],[2139],1.0,[2139],[113.91412505697605],43.35438857289827,0,0.0,[2139],1.0,0,0.0,[113.91412505697605],[66.08587494302395]
334315,25,,124.95443751713734,128.82949243857874,27,2.70903067989555,0.4792401381501448,-0.5082866694270103,5.652762496798248,3.853200192659998,0.4276119362946028,-0.2114725988285418,"[-0.29328343230639575, -0.046205748501989774]",0.2969008973715797,1,0.2969008973715797,27,33.0997511701766,moving,2101,[2139],[2139],1.0,[2139],[116.46317702837274],19.767578070513533,0,0.0,[2139],1.0,0,0.0,[116.46317702837274],[63.53682297162726]
352442,25,,124.5004064259604,129.07680433142414,28,2.6378366359581915,0.4824418703879348,-0.4495792111329521,5.467677657905375,3.889112694455608,0.6550289681071564,0.2274170318125535,"[-0.45403109117692964, 0.24731189284540278]",0.517017798627948,1,0.517017798627948,28,32.156761626649384,moving,2106,[2138],[],1.0,[2138],[118.8262247586136],12.457440046612572,0,0.0,[2138],1.0,0,0.0,[118.8262247586136],[61.173775241386394]
349120,25,,123.73760040413562,129.2972626096549,29,2.6059527858507323,0.4866351188179865,-0.264864691362816,5.3550446424427145,3.979950198997516,0.2174233451831853,-0.4376056229239711,"[-0.7628060218247867, 0.22045827823075115]",0.7940244828546689,1,0.7940244828546689,29,31.61253831483622,moving,2114,[2138],[2138],1.0,[2138],[130.39161294792626],8.045046705501713,0,0.0,[2138],1.0,0,0.0,[130.39161294792626],[49.60838705207374]
341975,25,,122.67664062739064,129.44778265588425,30,2.6045140611099566,0.5018399793591796,3.005129718710485,5.189929396290366,3.931362696568121,0.1404125534877243,-0.0770107916954609,"[-1.0609597767449657, 0.1505200462293601]",1.0715838428175446,1,1.0715838428175446,30,33.68121792519572,moving,2134,[2145],[2145],1.0,[2145],[73.71263660537649],0.5039657185478498,0,0.0,[2145],1.0,0,0.0,[73.71263660537649],[73.71263660537649]
355222,25,,121.96202723274624,129.54276166358014,31,2.7007183737861764,0.5089525339809292,-0.0669651616518949,5.306424849998633,4.032762701638167,0.008795861105839,-0.1316166923818852,"[-0.7146133946444166, 0.09497900769588341]",0.7208975764337896,1,0.7208975764337896,31,33.13453220492181,moving,2136,[],[],0.0,[],,149.59648590380036,0,0.0,[],0.0,0,0.0,,
357300,25,,124.05199299729408,130.42270730213588,33,2.33916637481005,0.4971804244531201,0.083745833882388,4.70486418966122,3.589137679456893,2.86542997957739,0.22896566602703,"[-0.21116559705806992, -0.020511406063576487]",0.2121594380639147,1,0.2121594380639147,33,29.8619215288361,moving,2141,[],[],0.0,[],,168.41286634464902,0,0.0,[],0.0,0,0.0,,
354097,25,,120.52279878277608,129.72098928831457,34,2.645229483000757,0.5060075278290108,3.0753378333091472,5.227648478570913,4.011637700581853,0.0994421259736393,-2.7659878536037508,"[-3.529194214518, -0.7017180138213064]",3.598280141221448,1,3.598280141221448,34,23.180103568231537,moving,2143,[],[],0.0,[],,110.57514823285588,0,0.0,[],0.0,0,0.0,,
358261,25,,120.72599465950908,130.9578312881529,35,1.821776036268021,0.5016625599070643,0.3640394969744236,3.631476976486974,2.7800501390025234,1.9299004075441133,1.8304582815704744,"[0.2031958767329911, 1.236841999838333]",1.253421994734964,1,1.253421994734964,35,23.09875668636332,moving,2172,[2138],[2138],1.0,[2138],[137.5917818349206],,0,0.0,[2141],1.0,0,0.0,[117.23325608226617],[62.766743917733834]
358218,25,,117.21318148276671,130.71988662796085,36,2.7227385179734305,0.4778841966616138,2.52704925370192,5.697485995548376,3.9693876984693626,1.8012607315847469,-0.1286396759593666,"[-3.5128131767423554, -0.2379446601920563]",3.5208626891727306,1,3.5208626891727306,36,27.16002027359499,moving,2143,[],[],0.0,[],,,0,0.0,[],0.0,0,0.0,,
297253,26,,64.37891369607854,62.25892078083746,6,1.916736367740686,0.4960534882808043,0.9807503224448364,3.863971150336244,2.959612647980632,0.287754298114824,-1.7627316173570442,"[-0.11325985108396708, 0.03528775973673248]",0.1186297595664753,1,0.1186297595664753,6,4.3846753736159245,moving,944,[982],[],1.0,[982],[11.201373812048175],,0,0.0,[],0.0,0,0.0,,
314870,26,,64.7241277755223,62.25257794521457,19,1.9599661243471584,0.513474381231953,0.9061250650618996,3.817067016361578,3.042000152100004,0.8515875523320241,-0.5333330320045077,"[-0.10301219871421097, 0.02712373671043622]",0.1065232846708791,1,0.1065232846708791,19,24.95758706179237,moving,989,[912],[912],1.0,[912],[20.648948082540883],,0,0.0,[912],1.0,0,0.0,[20.648948082540883],[20.648948082540883]
310916,26,,64.14529050786076,62.134121028483925,20,1.9271578119847057,0.5111579687407779,0.8224823976820604,3.770180511383204,3.0589001529450126,0.4593214411200482,-0.3922661112119759,"[-0.578837267661541, -0.11845691673064351]",0.590833837517122,1,0.590833837517122,20,26.93771530246363,moving,991,[],[],0.0,[],,18.794689443824492,0,0.0,[],0.0,0,0.0,,
313138,26,,63.12159077680143,61.5344714365479,22,1.900227099073027,0.5609312657840815,0.7673893779794394,3.3876291356604087,3.1814251590712512,0.6066227727872927,0.2081191379750237,"[-0.14653653181554205, 0.0009173278431688914]",0.1465394030522139,1,0.1465394030522139,22,31.171033108742144,moving,982,[],[],0.0,[],,0.5765271607539321,0,0.0,[],0.0,0,0.0,,
318686,26,,62.36839052535665,61.10339165274896,23,1.934176263963873,0.5162002572227006,0.7019829011218034,3.7469494385188296,3.037775151888756,0.5260860534772767,-0.080536719310016,"[-0.7532002514447811, -0.43107978379894973]",0.8678366198638029,1,0.8678366198638029,23,33.43629888142615,moving,971,[],[],0.0,[],,6.428655704404384,0,0.0,[],0.0,0,0.0,,
323888,26,,61.97546092149973,60.81567903654954,24,1.9612503616229555,0.5091793761362705,0.7104151790846153,3.851786724955786,3.0504501525225045,0.1122012085189529,-0.4138848449583236,"[-0.39292960385692055, -0.28771261619941413]",0.4870033091340016,1,0.4870033091340016,24,35.87007165255332,moving,959,[],[],0.0,[],,8.073536859229945,0,0.0,[],0.0,0,0.0,,
326045,26,,60.77808728876574,60.17529438903707,25,1.9447025437074148,0.5206059421524091,0.8477149755277663,3.7354597522786186,3.107487655374382,0.1409098004746734,0.0287085919557204,"[-1.197373632733992, -0.6403846475124695]",1.3578645415269768,1,1.3578645415269768,25,38.42292566776361,moving,956,[],[],0.0,[],,11.274095431792292,0,0.0,[],0.0,0,0.0,,
321751,26,,59.85629881866071,59.89585098954785,26,1.9500889380826063,0.5049023500362331,0.6603542416355712,3.862309093912245,3.050450152522503,0.1967700854688273,0.0558602849941538,"[-0.9217884701050281, -0.27944339948921737]",0.9632147201619472,1,0.9632147201619472,26,40.95304899081911,moving,958,[],[],0.0,[],,25.47629901896345,0,0.0,[],0.0,0,0.0,,
333202,26,,58.89034898503985,59.01563490170072,27,1.961516510637996,0.5077844613278487,0.6305249531433117,3.862891955198195,3.0293251514662507,0.4446452991035173,0.24787521363469,"[-0.9659498336208614, -0.8802160878471383]",1.3068433120986964,1,1.3068433120986964,27,43.427852079111446,moving,939,[],[],0.0,[],,17.37165010627572,0,0.0,[],0.0,0,0.0,,
341019,26,,58.72051320510408,58.72484653854579,28,1.942601419199021,0.5123063664259191,0.9555651518910716,3.791874445659317,2.999750149987507,0.303192490858901,-0.1414528082446163,"[-0.1698357799357737, -0.29078836315492396]",0.3367522298258951,1,0.3367522298258951,28,45.67665922898664,moving,931,[912],[912],1.0,[912],[51.44832600862249],71.46162162098433,0,0.0,[912],1.0,0,0.0,[51.44832600862249],[51.44832600862249]
337647,26,,58.19466525783925,58.83421166558034,29,1.9716708639515483,0.5092006226706172,0.8549660273248333,3.872090441701892,3.073687653684378,1.2472405861005176,0.9440480952416166,"[-0.525847947264829, 0.10936512703455037]",0.5371003580839597,1,0.5371003580839597,29,47.88128202085064,moving,931,[916],[916],1.0,[916],[45.41568155442343],48.91904422332393,0,0.0,[916],1.0,0,0.0,[45.41568155442343],[45.41568155442343]
335378,26,,57.803338918475326,58.53749909769999,30,1.968489105588601,0.4963422535677435,1.182119192438024,3.965991392912775,2.9765126488256306,0.8537983886257292,-0.3934421974747883,"[-0.39132633936392125, -0.2967125678803555]",0.4910953591901693,1,0.4910953591901693,30,50.09609656759104,moving,934,[],[],0.0,[],,17.57560537703813,0,0.0,[],0.0,0,0.0,,
346312,26,,57.141073519394666,58.30174693737776,37,1.990621861056214,0.4990013845287442,0.9206304891528932,3.989211097953471,3.037775151888757,0.6645621231694432,-2.3946782431385527,"[-0.0019068625351152946, -0.09335975571884347]",0.0933792274149339,1,0.0933792274149339,37,60.87601262042408,moving,944,[989],[],1.0,[989],[14.75516822004974],151.21690269925418,1,1.0,[],0.0,0,0.0,,
352745,26,,57.5295856487739,58.73899620532514,39,1.967525163533077,0.4968931420765647,0.9079846992780962,3.9596544949495542,3.010312650515626,0.1259167753839846,-2.262413071671822,"[0.13271224994178255, 0.1753855578010004]",0.2199377984107739,1,0.2199377984107739,39,62.1296116252188,moving,953,[1002],[],1.0,[1002],[1.6913130885629784],26.127477623672615,0,0.0,[],0.0,0,0.0,,
360839,26,,57.69461700729855,59.3342900440712,41,2.0076717102750816,0.5030159500659734,0.6738213051370923,3.991268487632975,3.0039751501987597,0.5724472013000181,-0.0302711308738097,"[0.147562808311676, 0.2077948552137059]",0.2548597344621418,1,0.2548597344621418,41,62.55778285911634,moving,959,[998],[],1.0,[998],[19.97034434825801],86.85501714607406,0,0.0,[],0.0,0,0.0,,
365104,26,,58.20984217546941,59.22148347499877,42,1.9484942451471912,0.5274481241369663,0.7638444243332111,3.694191250249307,3.0504501525225107,1.1688442667693022,0.5963970654692841,"[0.5152251681708648, -0.11280656907242559]",0.5274298967091151,1,0.5274298967091151,42,62.797736215962,moving,951,[994],[],1.0,[994],[26.465174846782958],62.807729337646705,0,0.0,[],0.0,0,0.0,,
366304,26,,58.50252101627882,59.57600045420395,43,1.9699594494952444,0.5031019729365663,0.8131605039208152,3.915626563729709,3.0610126530506285,1.096201672643359,-0.0726425941259432,"[0.2926788408094083, 0.35451697920517944]",0.4597207765614956,1,0.4597207765614956,43,63.386822122584775,moving,963,[],[],0.0,[],,174.77503355738077,1,0.0,[],0.0,1,0.0,,
371765,26,,57.98308820756705,58.8150288676351,48,2.032804303469158,0.4916310843275209,0.952320616500436,4.134816467615622,3.084250154212509,0.8553999115282219,-2.192599144163685,"[-0.22536182304805408, -0.18977281596736617]",0.2946212364506779,1,0.2946212364506779,48,68.53518525103017,moving,957,[],[],0.0,[],,62.69819109062053,0,0.0,[],0.0,0,0.0,,
379993,26,,57.60311155912586,58.86178718583085,49,1.9627420013542112,0.506964319248732,0.8238667959260378,3.871558464435504,3.075800153790004,0.8223186487855162,-0.0330812627427057,"[-0.3799766484411933, 0.04675831819574938]",0.3828427793247472,1,0.3828427793247472,49,69.50326230300297,moving,962,[950],[950],1.0,[950],[126.18408638814788],10.899576279396095,0,0.0,[950],1.0,0,0.0,[126.18408638814788],[53.815913611852125]
371583,26,,56.87698939443184,58.81248543365548,51,2.0158443975954654,0.5007881602591966,0.7289287254768859,4.025343563538144,3.073687653684384,2.543553676648349,2.2193671088771065,"[0.12030439409340232, 0.12381684870687337]",0.1726376530826384,1,0.1726376530826384,51,69.52249353118337,moving,959,[],[],0.0,[],,26.301638467705025,0,0.0,[],0.0,0,0.0,,
383010,26,,56.55411008932921,58.62467149576733,52,1.9912567710867848,0.5221807796664587,0.4647369571324014,3.8133475007615054,3.03566265178313,2.8686507919554907,0.3250971153071416,"[-0.3228793051026315, -0.18781393788815137]",0.3735306157848544,1,0.3735306157848544,52,68.78956670660868,moving,969,[],[],0.0,[],,14.243460223329729,0,0.0,[],0.0,0,0.0,,
388534,26,,55.998328371962,58.46590766103985,54,1.9684159065568363,0.507674002460709,0.4003132384789172,3.8773226460600174,3.0441126522056297,0.3434354499540687,0.2450822947501651,"[-0.2560045107153641, -0.02182708805762701]",0.2569333206878554,1,0.2569333206878554,54,64.68795713183806,moving,965,[987],[987],1.0,[987],[13.888099888007929],176.27015362546206,1,1.0,[950],1.0,1,1.0,[141.58090361406917],[38.41909638593083]
395013,26,,56.897490130662014,58.78736370997782,56,2.02565514621474,0.4947501979826219,0.5959863624784195,4.094298808721025,3.1180501559025045,0.4529507240070901,-2.475498768858649,"[0.07198016878037095, 0.06721108441180235]",0.0984808334929244,1,0.0984808334929244,56,57.52315812469097,moving,967,[1000],[1000],1.0,[1000],[15.980262492862693],19.453782293648057,0,0.0,[],0.0,0,0.0,,
395300,26,,57.32177505158455,59.13249145157601,57,1.9924602846249,0.5215605118829858,0.7617250051301228,3.820190062762874,3.1603001580150063,0.0682699045275226,-0.3846808194795674,"[0.42428492092253123, 0.3451277415981906]",0.5469285621933692,1,0.5469285621933692,57,53.42101876849227,moving,980,[1018],[1018],1.0,[1018],[26.335080819952765],1.6670463014874572,0,0.0,[],0.0,0,0.0,,
396201,26,,57.75654906297016,59.465611605697056,58,2.0012770006430123,0.4949859523241134,0.6587936868024499,4.043098579356429,3.075800153790006,0.029095446744173,-0.0391744577833495,"[0.43477401138561333, 0.33312015412104756]",0.5477202552927616,1,0.5477202552927616,58,49.66087592676949,moving,990,[1019],[],1.0,[1019],[16.39770852551314],,0,0.0,[],0.0,0,0.0,,
397396,26,,58.10206489047344,59.86976047809456,59,2.0601862547745498,0.493279278599653,0.595122471808307,4.176510841126581,3.096925154846258,0.2096682323377537,0.1805727855935806,"[0.34551582750327725, 0.4041488723975064]",0.5317118562863258,1,0.5317118562863258,59,46.27298583265647,moving,1003,[],[],0.0,[],,,0,0.0,[],0.0,0,0.0,,
303800,27,,122.64029789154172,125.63303563182508,0,1.5088890653022955,0.5013927457300738,0.2099897991053272,3.009395485180415,2.3406501170325047,,,"[0.0, 0.0]",0.0,0,0.0,0,0.0,moving,1958,[1973],[1973],1.0,[1973],[118.67968669627045],,0,0.0,[1953],1.0,0,0.0,[69.50427064002045],[69.50427064002045]
300972,27,,123.08953181283496,125.53747296598944,1,1.4893821489880854,0.5308241535319144,0.1082213097678481,2.8057919728751384,2.450500122525001,,,"[0.4492339212932279, -0.09556266583562945]",0.4592856835806035,1,0.4592856835806035,1,1.552705711231597,moving,1956,[1964],[1964],1.0,[1964],[143.75970096256626],,0,0.0,[],0.0,0,0.0,,
304903,27,,124.0425186482814,126.318973929071,2,1.5244849710367898,0.481402844024525,-0.2011409833691049,3.166755223737576,2.264600113230009,0.8964494653862881,,"[0.9529868354464526, 0.7815009630815695]",1.2324478341218603,1,1.2324478341218603,2,3.5724072281850017,moving,1979,[],[],0.0,[],,114.2232079898222,0,0.0,[],0.0,0,0.0,,
306283,27,,119.8184032695782,128.41797337704486,3,2.024693292930183,0.5508230106253418,2.925376153095116,3.675760187708165,3.3398626669931253,1.9935710616126985,1.09712159622641,"[-4.224115378703203, 2.0989994479738527]",4.716879202946737,1,4.716879202946737,3,6.366430039324191,moving,2015,[2018],[2018],1.0,[2018],[95.28724557611878],149.61267576173023,0,0.0,[2034],1.0,1,1.0,[37.51004731536756],[37.51004731536756]
303452,27,,120.90529729851988,126.756360496228,4,2.060646898486575,0.5063469192618938,0.4710443205084272,4.069634513606595,3.2722626636131262,2.611233794760902,0.6176627331482036,"[1.0868940289416713, -1.661612880816861]",1.9855215928933048,1,1.9855215928933048,4,9.851802948855624,moving,2003,[2032],[2032],1.0,[2032],[76.84159368243823],33.62266621888124,0,0.0,[],0.0,0,0.0,,
305599,27,,122.10510770897405,126.24242256503692,5,1.9987202297704991,0.5138656822437515,0.911148359721512,3.889577177139471,3.1455126572756367,0.5868262288185662,-2.024407565942336,"[1.1998104104541625, -0.5139379311910659]",1.3052498680908335,1,1.3052498680908335,5,14.437258084464602,moving,1975,[2023],[2023],1.0,[2023],[77.93576810897198],14.170715147667634,0,0.0,[],0.0,0,0.0,,
300144,27,,122.83614648174532,126.12641345215268,7,2.0675059875154327,0.5060528767682981,0.6024599918348588,4.085553274034766,3.179312658965628,3.100421572078724,2.865343454268585,"[-0.21537108727319776, 0.04608421321151468]",0.2202463619235598,1,0.2202463619235598,7,25.179751513801925,moving,1988,"[2009, 2030]","[2009, 2030]",2.0,"[2009, 2030]","[129.10193667829682, 97.62907178621985]",17.351269167003313,0,0.0,[],0.0,0,0.0,,
302721,27,,123.67259829719792,125.71177017657848,8,2.031058989871245,0.4911527448807781,0.8359546071052425,4.135289909383,3.069462653473124,2.892174477615756,-0.2082470944629673,"[0.8364518154526053, -0.4146432755742069]",0.9335848571784288,1,0.9335848571784288,8,31.41072132065765,moving,1978,"[2028, 2005]",[],2.0,"[2028, 2005]","[93.74201055757119, 97.12501634890182]",31.967255480161,0,0.0,[],0.0,0,0.0,,
300383,27,,124.12638336427672,125.75625511332971,9,2.0199166142090834,0.5182307763866459,0.9934785020707008,3.897716434930617,3.12861265643063,0.557933860955024,-2.334240616660732,"[0.4537850670787975, 0.044484936751231885]",0.4559603016727112,1,0.4559603016727112,9,37.86871553547213,moving,1971,[],[],0.0,[],,147.09719017226956,1,0.0,[],0.0,0,0.0,,
298934,27,,123.42663611015296,125.19961762370296,10,2.083903263621714,0.498679746974775,0.8113641465690242,4.17884078161114,3.1919876595993824,2.567330288938349,2.009396427983325,"[-0.6997472541237642, -0.5566374896267519]",0.8941428937880791,1,0.8941428937880791,10,45.023631641899016,moving,1982,[],[],0.0,[],,9.52739515996747,0,0.0,[],0.0,0,0.0,,
301672,27,,122.64791228748793,124.7684208337724,11,2.063099547896671,0.5079513057401999,0.7773476534017354,4.061608907354355,3.191987659599383,0.1662844146800243,-2.4010458742583247,"[-0.778723822665043, -0.4311967899305529]",0.8901356433895178,1,0.8901356433895178,11,52.21693032726855,moving,1964,[],[],0.0,[],,17.25617885694569,0,0.0,[],0.0,0,0.0,,
294555,27,,121.7249642577015,124.57698338928716,13,2.03440338660965,0.5183885177293525,0.8716221653924459,3.924476173817953,3.177200158860002,0.6507547970262858,0.2702551108995449,"[-0.08800235652238086, -0.08635524209324785]",0.1232949414634504,1,0.1232949414634504,13,67.54587669001663,moving,1975,[],[],0.0,[],,1.7852344340671766,0,0.0,[],0.0,0,0.0,,
332722,27,,120.97532150621124,124.44570663147464,14,2.0963641494033767,0.4949123410465844,0.6443703742443697,4.235829207593053,3.200437660021874,0.6025904670607073,-0.0481643299655785,"[-0.7496427514902706, -0.1312767578125289]",0.7610504858441869,1,0.7610504858441869,14,75.12741227966617,moving,1989,[1946],[],1.0,[1946],[79.85857111002862],77.49928221527338,0,0.0,[1946],1.0,0,0.0,[79.85857111002862],[79.85857111002862]
328950,27,,120.95359397216347,123.96123068593614,15,2.041890291625551,0.5282561986144505,0.5547278280821354,3.865340902730857,3.259587662979375,1.3526176425888672,0.7500271755281599,"[-0.021727534047741415, -0.4844759455384917]",0.4849629135729982,1,0.4849629135729982,15,83.11356777961275,moving,1974,[1940],[],1.0,[1940],[99.74927696825894],77.73886107132222,0,0.0,[1940],1.0,0,0.0,[99.74927696825894],[80.25072303174106]
320923,27,,120.37630209317491,123.86262198836128,16,2.0725756839168654,0.5017919235669801,0.3765175033575041,4.13034882902059,3.2279001613950107,1.3567990824450775,0.0041814398562103,"[-0.5772918789885608, -0.09860869757486057]",0.5856531300894356,1,0.5856531300894356,16,91.33648288485648,moving,1986,[1941],[1941],1.0,[1941],[111.1163997357181],42.03432787923022,0,0.0,[1941],1.0,0,0.0,[111.1163997357181],[68.8836002642819]
323850,27,,119.3259286143997,124.5276940743845,17,2.113901498223912,0.5089808499345356,-0.1499234095923227,4.153204385775611,3.3187376659368946,0.7336374203554065,-0.623161662089671,"[-1.050373478775228, 0.6650720860232155]",1.2432237628527076,1,1.2432237628527076,17,99.7876734118286,moving,2000,[2004],[2004],1.0,[2004],[116.26240944650536],130.88761706613334,1,1.0,[],0.0,0,0.0,,
326814,27,,119.38810515543764,124.11396208844596,19,2.101001424966668,0.52611477483038,2.76432398680641,3.993427908661247,3.3736626686831257,1.1603435984895276,-1.0621534279551164,"[0.02677383063354455, -0.008968038210099394]",0.0282358586930082,1,0.0282358586930082,19,117.74857860551408,moving,2003,[2009],[2009],1.0,[2009],[99.1623470457217],7.930716102484506,0,0.0,[],0.0,0,0.0,,
320632,27,,119.39751585497248,123.23848334696386,20,2.0964132355618985,0.5016031365972432,0.0733351039784337,4.179426089285384,3.282825164141243,1.2368378650699006,0.0764942665803729,"[0.009410699534853961, -0.8754787414820981]",0.8755293187853926,1,0.8755293187853926,20,127.25660143382132,moving,1998,[1984],[1984],1.0,[1984],[106.13170703797319],12.69547810583074,0,0.0,[],0.0,0,0.0,,
327271,27,,119.27019215005444,122.64353880398662,21,2.0923349717267112,0.5143827584377793,3.0761493886447537,4.06766155631129,3.191987659599371,0.2215778930616379,-1.015259972008263,"[-0.12732370491805511, -0.5949445429772453]",0.6084162514697181,1,0.6084162514697181,21,136.9277058921028,moving,1974,[1973],[1973],1.0,[1973],[65.9588852256114],26.37889778798471,0,0.0,[],0.0,0,0.0,,
325114,27,,118.82103206762784,122.0780272282134,22,2.1410970725090315,0.5108848595315433,0.0068069817593545,4.190958163200048,3.291275164563764,0.4603986194473595,0.2388207263857216,"[-0.44916008242660155, -0.5655115757732148]",0.7221828867945957,1,0.7221828867945957,22,146.8279024500795,moving,1986,[1999],[1999],1.0,[1999],[74.05460409907714],11.46038422689707,0,0.0,[],0.0,0,0.0,,
327622,27,,118.6516301593208,121.74553045596912,23,2.105148015866004,0.5029210439301863,3.1130979913173933,4.185841975143583,3.2110001605499963,0.2000214383029787,-0.2603771811443807,"[-0.16940190830703727, -0.33249677224428353]",0.3731636505488347,1,0.3731636505488347,23,156.84485180257846,moving,1968,[1986],[1986],1.0,[1986],[68.43798652796852],17.37996109265958,0,0.0,[],0.0,0,0.0,,
330465,27,,117.85303877587046,120.92941178154996,24,2.1080466770524526,0.5105350812144366,0.0773475777412256,4.129092700227242,3.2722626636131267,0.3033375449354217,0.103316106632443,"[-0.7985913834503293, -0.816118674419144]",1.1418396947281049,1,1.1418396947281049,24,167.1243849828205,moving,1960,[],[],0.0,[],,19.707623840180805,0,0.0,[],0.0,0,0.0,,
331558,27,,116.5685715100838,120.3053122251524,25,2.144502062596584,0.4948820889648654,0.2370695757038497,4.333359623263381,3.2849376642468764,0.3439629237556755,0.0406253788202538,"[-1.2844672657866596, -0.6240995563975673]",1.4280603674820955,1,1.4280603674820955,25,177.09881597613142,moving,1960,[1927],[],1.0,[1927],[13.397104264395068],8.811322493771337,0,0.0,[],0.0,0,0.0,,
330122,27,,114.91888069498444,119.79770773151672,26,2.13703977446005,0.4975281552536261,0.4299362261509372,4.295314248840141,3.181425159071254,0.1537865889713539,-0.1901763347843216,"[-1.6496908150993477, -0.5076044936356823]",1.7260191503521296,1,1.7260191503521296,26,187.13111272593545,moving,1945,[1927],[1927],1.0,[1927],[150.02850506792728],25.21252642167436,0,0.0,[1927],1.0,0,0.0,[150.02850506792728],[29.971494932072716]
334175,27,,114.25925527508475,119.1971687670442,27,2.171704257221332,0.4885059190660017,0.1156628754502533,4.44560479712,3.202550160127509,0.4400415988042684,0.2862550098329145,"[-0.6596254198996974, -0.6005389644725199]",0.892049742126289,1,0.892049742126289,27,196.60382300528465,moving,1956,[],[],0.0,[],,30.812340082845587,0,0.0,[],0.0,0,0.0,,
350990,27,,112.46583836277206,118.83219137178722,28,2.1292781589367507,0.4875758487154628,0.2329389472189349,4.367070609724447,3.1750876587543937,0.5377767846898671,0.0977351858855986,"[-1.7934169123126935, -0.3649773952569859]",1.8301783302229784,1,1.8301783302229784,28,205.8058760259356,moving,1934,[1885],[1885],1.0,[1885],[71.16751925025893],25.315724023692383,0,0.0,[1885],1.0,0,0.0,[71.16751925025893],[71.16751925025893]
347045,27,,111.5182698398428,118.12283266074706,29,2.121295987866888,0.4795119682305064,0.5414785526385468,4.423864529794506,3.107487655374383,0.4418427367396516,-0.0959340479502155,"[-0.9475685229292736, -0.7093587110401529]",1.1836705143640744,1,1.1836705143640744,29,214.4382099384567,moving,1919,[1879],[1879],1.0,[1879],[71.01644643528822],6.291345089548597,0,0.0,[1879],1.0,0,0.0,[71.01644643528822],[71.01644643528822]
340315,27,,110.75668431652852,117.4098987685728,30,2.085046714124599,0.4802238594695327,0.7961054305392318,4.3418224084654895,3.075800153790001,0.1098046861918146,-0.3320380505478368,"[-0.7615855233142668, -0.712933892174263]",1.0432100670203528,1,1.0432100670203528,30,222.5226245875236,moving,1909,[1872],[],1.0,[1872],[58.01312417631071],2.470026126586096,0,0.0,[1872],1.0,0,0.0,[58.01312417631071],[58.01312417631071]
353209,27,,109.81845544368257,116.60459707458406,31,2.073994905187342,0.5118555325417913,1.0607100140900454,4.051914599590671,3.170862658543121,0.0431100885192199,-0.0666945976725947,"[-0.9382288728459542, -0.8053016939887385]",1.2364401466237342,1,1.2364401466237342,31,230.0209287133023,moving,1891,[1854],[1854],1.0,[1854],[39.5868435238623],22.13567824576494,0,0.0,[1854],1.0,0,0.0,[39.5868435238623],[39.5868435238623]
354520,27,,109.41290255560756,115.81629332665234,32,2.0880228642658465,0.5118062456238812,1.2468124439774122,4.0797135285455335,3.134950156747511,0.3863404675506952,0.3432303790314752,"[-0.40555288807499323, -0.788303747931721]",0.886507723615066,1,0.886507723615066,32,236.44247006739437,moving,1881,[1848],[],1.0,[1848],[67.47273744435319],14.817421550410897,0,0.0,[1848],1.0,0,0.0,[67.47273744435319],[67.47273744435319]
355711,27,,109.2833240198418,115.22726525472848,33,2.1168020892738766,0.5040091712451562,1.321809985568322,4.199927719656986,3.2152251607612645,0.2586127927105779,-0.1277276748401172,"[-0.1295785357657877, -0.5890280719238774]",0.6031124824156486,1,0.6031124824156486,33,242.62368175822,moving,1865,[1829],[],1.0,[1829],[82.25083131367386],67.15794725463822,0,0.0,[1829],1.0,0,0.0,[82.25083131367386],[82.25083131367386]
352054,27,,109.55943273463146,115.03213985020692,34,2.117145026586723,0.5166622280254949,1.538230515056484,4.097735254767359,3.2490251624512583,1.172127298474223,0.9135145057636452,"[0.2761087147896717, -0.1951254045215478]",0.3380975389920813,1,0.3380975389920813,34,248.19558792932455,moving,1877,[],[],0.0,[],,74.59012081593991,0,0.0,[],0.0,0,0.0,,
357016,27,,109.40230119954214,114.59661781479,35,2.1214794947946904,0.5236196005346083,1.924420231260606,4.051566237453085,3.3018376650918686,1.3018431976985694,0.1297158992243463,"[-0.1571315350893201, -0.43552203541692336]",0.4630008235988637,1,0.4630008235988637,35,253.78821566680588,moving,1881,[],[],0.0,[],,45.35531380358288,0,0.0,[],0.0,0,0.0,,
356862,27,,109.97474123865068,113.39735749226232,36,2.1493589426210247,0.5162755343496804,1.9743217471194308,4.163201235806063,3.318737665936873,0.791599559147754,-0.5102436385508153,"[0.5724400391085425, -1.1992603225276781]",1.328876562952248,1,1.328876562952248,36,259.0758046536524,moving,1858,[],[],0.0,[],,9.481176444897224,0,0.0,[],0.0,0,0.0,,
357546,27,,110.55277202734352,112.57177058781974,37,2.1372848610156345,0.5105122572301937,2.2069305186164403,4.18654955046832,3.3081751654087475,0.1654777459259872,-0.6261218132217667,"[0.5780307886928426, -0.8255869044425737]",1.007826041270983,1,1.007826041270983,37,263.3064448405221,moving,1841,[],[],0.0,[],,32.55666353946198,0,0.0,[],0.0,0,0.0,,
359480,27,,111.18176039374504,112.3119327993268,38,2.110411214029103,0.5075875664254219,2.3735697512171905,4.157728348019294,3.3293001664650115,0.5682209722276103,0.4027432263016229,"[0.6289883664015292, -0.2598377884929448]",0.6805453999531322,1,0.6805453999531322,38,267.3811637691449,moving,1845,[],[],0.0,[],,32.37486537382576,0,0.0,[],0.0,0,0.0,,
359205,27,,112.19067046544184,110.88061962641552,39,2.136590024667023,0.49614108603733,2.7130906934027865,4.306416228762527,3.1877626593881336,0.5650479956631835,-0.0031729765644267,"[1.0089100716967891, -1.4313131729112882]",1.7511587397265274,1,1.7511587397265274,39,271.61518155321494,moving,1825,[1808],[1808],1.0,[1808],[24.817586370844893],37.05426757722276,0,0.0,[1808],1.0,0,0.0,[24.817586370844893],[24.817586370844893]
362780,27,,113.44040896118676,110.48018252233248,40,2.171348284114587,0.4771509252374102,2.686437393008801,4.550652988955676,3.1729751586487462,0.6467189711375375,0.0816709754743539,"[1.2497384957449071, -0.400437104083025]",1.3123247243244114,1,1.3123247243244114,40,274.2863820691697,moving,1822,[],[],0.0,[],,0.2853377821015275,0,0.0,[],0.0,0,0.0,,
361766,27,,114.46503963466456,110.15749143917375,41,2.202540708769214,0.4709177731318463,2.761850249582648,4.677123766472395,3.111712655585632,0.0049800837779652,-0.6417388873595723,"[1.024630673477816, -0.3226910831587162]",1.0742427808376225,1,1.0742427808376225,41,276.4650297292782,moving,1806,[],[],0.0,[],,16.386107844353706,0,0.0,[],0.0,0,0.0,,
370752,27,,115.96866361350574,109.14835094299649,42,2.174992957075437,0.4708153994087749,2.740585038547876,4.619630028683595,3.0758001537900173,0.2859915334708726,0.2810114496929073,"[1.5036239788411763, -1.0091404961772952]",1.8108698492081443,1,1.8108698492081443,42,279.3897672071382,moving,1787,[],[],0.0,[],,24.581745157513147,0,0.0,[],0.0,0,0.0,,
371885,27,,117.26004667310856,108.93721784233604,43,2.146058477982607,0.4739171695561019,-0.2114800300740033,4.528340849082823,3.139175156958756,0.4290323888847895,0.1430408554139169,"[1.291383059602822, -0.21113310066044733]",1.3085287130298824,1,1.3085287130298824,43,281.10835605473306,moving,1789,[1768],[1768],1.0,[1768],[21.751421360521107],10.299045915614537,0,0.0,[1768],1.0,0,0.0,[21.751421360521107],[21.751421360521107]
389212,27,,117.7390115641728,108.76681306400572,44,2.1345934051901465,0.4826494668993765,-0.2069942846441115,4.42265774973946,3.1856501592825097,0.1797522610415216,-0.2492801278432679,"[0.478964891064237, -0.1704047783303082]",0.5083750144823975,1,0.5083750144823975,44,284.06264115677897,moving,1807,[1778],[1778],1.0,[1778],[50.555848729324275],2.3339219706442265,0,0.0,[1778],1.0,0,0.0,[50.555848729324275],[50.555848729324275]
379793,27,,117.78870233188924,108.75138321779872,46,2.17136146064681,0.4763058111117417,2.7757193330731456,4.558754921714376,3.2173376608668827,3.119148971024814,3.025363581628989,"[-0.2788925436424279, 0.13749726760055125]",0.3109446084063223,1,0.3109446084063223,46,289.971900165238,moving,1804,[1833],[1833],1.0,[1833],[0.99401596153103],139.25939514669557,0,0.0,[1760],1.0,1,1.0,[60.80294186329506],[60.80294186329506]
382109,27,,117.03346791182004,109.95959238483324,47,1.601166294826667,0.5313339251942235,-0.5039183169159416,3.013484023707648,2.513875125693751,0.5540939991109837,-2.5650549719138303,"[-0.7552344200692005, 1.2082091670345108]",1.4248327693324183,1,1.4248327693324183,47,291.7355098021709,moving,1835,[],[],0.0,[],,138.3596621316712,0,0.0,[],0.0,0,0.0,,
377279,27,,116.85341392888914,108.89858794217928,48,2.195746761285125,0.4781085689581,2.7238969876489243,4.592569353170395,3.1729751586487542,2.414831656144586,1.8607376570336025,"[-0.18005398293088604, -1.0610044426539673]",1.076173714648677,1,1.076173714648677,48,296.09269347853404,moving,1809,[1836],[1836],1.0,[1836],[0.09486047543353493],172.88916609156718,0,0.0,[],0.0,0,0.0,,
384685,27,,117.11165992060845,109.75706603856712,49,1.6693397548888826,0.506132859262592,2.7320229043251745,3.2982244174405504,2.5476751273837444,3.017485189325169,0.6026535331805833,"[0.2582459917193063, 0.8584780963878416]",0.8964795782485958,1,0.8964795782485958,49,295.13661514984113,moving,1820,[],[],0.0,[],,161.1520089998077,0,0.0,[],0.0,0,0.0,,
383628,27,,116.6184897291269,109.06796532938247,50,2.182474284931293,0.4872924794715736,2.648333598148139,4.4787768678433055,3.257475162873756,2.8126331532501783,-0.2048520360749912,"[-0.4931701914815392, -0.6891007091846433]",0.8473940200194455,1,0.8473940200194455,50,294.5502941234809,moving,1810,[],[],0.0,[],,95.5970574113266,0,0.0,[],0.0,0,0.0,,
376372,27,,116.97906424630624,108.8598447042254,51,2.159699101540395,0.482337298862402,2.679561540372397,4.477570170571651,3.1750876587543817,1.6684834070457255,-1.1441497462044523,"[0.3605745171793302, -0.20812062515706486]",0.4163270073570469,1,0.4163270073570469,51,288.3067033819065,moving,1804,[1831],[1831],1.0,[1831],[2.210973863002824],102.93799910634256,0,0.0,[],0.0,0,0.0,,
387108,27,,117.2673666454865,109.79960098462796,52,1.6472995005098077,0.4943360036912781,2.6253450042356885,3.332347812437664,2.480075124003741,1.7966070098206284,0.1281236027749026,"[0.28830239918026734, 0.9397562804025625]",0.9829853203019656,1,0.9829853203019656,52,282.87126694438246,moving,1834,[],[],0.0,[],,115.02025326356892,0,0.0,[],0.0,0,0.0,,
384783,27,,115.85787952554212,109.6023867692022,53,2.183858584082647,0.4823567516494439,-0.5288824115568322,4.527475932729934,3.18776265938813,2.007482125927041,0.2108751161064124,"[-1.4094871199443872, -0.1972142154257739]",1.4232172666375036,1,1.4232172666375036,53,280.9863595526161,moving,1829,[1857],[1857],1.0,[1857],[11.194478201317139],53.98100446703679,0,0.0,[],0.0,0,0.0,,
390819,27,,114.66128864097028,110.84218290575788,54,2.1367182171455044,0.5016641523176095,2.3686286714242337,4.259260318430572,3.346200167310017,0.942146261483569,-1.0653358644434718,"[-1.1965908845718332, 1.2397961365556824]",1.7230566459808565,1,1.7230566459808565,54,274.07892027163444,moving,1833,[1850],[1850],1.0,[1850],[110.1576108945448],50.63133976103079,0,0.0,[],0.0,0,0.0,,
398696,27,,114.69039787549391,111.09196131688697,57,2.1613419512511194,0.50707387722715,2.425940381867062,4.262380785754655,3.4138001706900174,2.6887266251783357,2.017880831563,"[-0.04284050240670467, -0.2252882750448606]",0.2293253486188293,1,0.2293253486188293,57,250.9818146463646,moving,1842,[1861],[],1.0,[1861],[110.92450174492114],7.252879914847374,0,0.0,[],0.0,0,0.0,,
399792,27,,115.36530244838715,113.81909189774863,58,1.6813699323792208,0.5029297887592934,0.4458993041629486,3.343150415741111,2.585700129285014,3.086904142113652,0.3981775169353163,"[0.6749045728932259, 2.727130580861683]",2.809401606674128,1,2.809401606674128,58,218.167485720211,moving,1914,[1887],[1887],1.0,[1887],[131.03640253139272],,0,0.0,[],0.0,0,0.0,,
400392,27,,115.34113943598209,111.98009262298412,59,2.2123640794403125,0.5053961439233262,2.8025623254153724,4.37748507985441,3.390562669528125,2.912127590458663,-0.1747765516549884,"[-0.024163012405082895, -1.8389992747645323]",1.8391580094578508,1,1.8391580094578508,59,239.6805669620269,moving,1886,[],[],0.0,[],,,0,0.0,[],0.0,0,0.0,,
298082,29,,41.45850103645283,101.05262752629118,12,1.357240502853455,0.5457931682811751,-0.0440505400661411,2.4867304717787317,2.1970001098500043,2.962634403987887,1.357838719622437,"[-0.01303559904467022, 0.0011007281499502142]",0.0130819893331824,1,0.0130819893331824,12,0.2516856662327163,moving,1591,[1558],[],1.0,[1558],[96.21611671824121],,0,0.0,[],0.0,0,0.0,,
290977,29,,41.703042621877536,102.38701688528948,13,1.346614179947091,0.5077687545461335,-0.7540488445448879,2.652022535633874,2.0153251007662623,1.6678058302025751,-1.294828573785312,"[0.24454158542470594, 1.3343893589983082]",1.3566117898684005,1,1.3566117898684005,13,0.2606542743237978,moving,1616,[1602],[1602],1.0,[1602],[48.99897384394679],,0,0.0,[],0.0,0,0.0,,
390509,29,,41.29217279775433,100.88849519269104,54,1.4052916409447498,0.5174485123545065,-0.1579693702940283,2.715809606931438,2.2096751104837487,1.9603558023291408,0.6428323506500748,"[-0.034034750262627256, -0.015435223640338336]",0.0373712503706614,1,0.0373712503706614,54,1.398324002487343,moving,1676,[1688],[],1.0,[1688],[5.200740405782986],115.0306793315044,0,0.0,[],0.0,0,0.0,,
391826,29,,39.351778145269975,102.53776581402538,55,2.666164061783879,0.489476066333376,2.736491713938821,5.44697533784622,3.998962699948123,1.130246697091423,-0.8301091052377181,"[-1.9403946524843576, 1.6492706213343382]",2.546610490394329,1,2.546610490394329,55,1.6696774768370364,moving,1703,[],[],0.0,[],,,0,0.0,[],0.0,0,0.0,,
397807,29,,40.516593478671126,101.89823694624548,56,1.270162988369688,0.4752950741844115,2.895459063447726,2.672367245861405,1.850550092527508,2.9392229694810164,1.8089762723895937,"[1.164815333401151, -0.6395288677799016]",1.3288310402945431,1,1.3288310402945431,56,0.4741978119807549,moving,1698,[1681],[1681],1.0,[1681],[37.605991357401734],,0,0.0,[],0.0,0,0.0,,
303920,30,,52.05587849436606,127.9251899553118,0,1.5914801702645982,0.5120193584599315,2.14277727431828,3.108242186489792,2.488525124426257,,,"[0.0, 0.0]",0.0,0,0.0,0,0.0,moving,1984,[],[],0.0,[],,,0,0.0,[],0.0,0,0.0,,
301152,30,,51.87508817482493,128.3427019853089,1,1.5849136132957158,0.5201311336729665,1.731396506127958,3.047142366010017,2.53288762664438,,,"[-0.18079031954113134, 0.4175120299971269]",0.4549741034741495,1,0.4549741034741495,1,0.2250632039314261,moving,1980,[],[],0.0,[],,,0,0.0,[],0.0,0,0.0,,
304990,30,,51.810751226907925,129.18684558679726,2,1.5954206549598842,0.5461259633843663,1.5897679297742648,2.9213418916635883,2.575137628756892,0.3325739275080326,,"[-0.06433694791700617, 0.8441436014883266]",0.8465917923066335,1,0.8465917923066335,2,0.6227937724838011,moving,2010,[],[],0.0,[],,53.836622101399485,0,0.0,[],0.0,0,0.0,,
306288,30,,52.102023515472176,129.4358072314564,3,1.546466063978989,0.5532425110952454,0.9965294011958568,2.7952769951055902,2.520212626010628,0.939626313821372,0.6070523863133395,"[0.2912722885642509, 0.24896164465914694]",0.3831728677722936,1,0.3831728677722936,3,1.0752946324785286,moving,2020,[],[],0.0,[],,64.11911357385635,0,0.0,[],0.0,0,0.0,,
305695,30,,51.90060388301519,130.206812401711,5,1.5978202366258365,0.5209737097350723,0.7306179215112564,3.0669882313991748,2.53288762664438,2.497478599163236,1.267400263214954,"[0.12452147010701253, -0.07809672476778928]",0.14698535619941,1,0.14698535619941,5,1.8035656809934035,moving,2041,[],[],0.0,[],,,0,0.0,[],0.0,0,0.0,,
301096,30,,52.51478800228937,130.27017106107726,9,1.5927831797979706,0.5273369159369146,0.4767992985061671,3.0204279876141187,2.475850123792496,0.1748666247137629,-1.5814532070474534,"[0.19885688454911588, 0.13644157731300766]",0.2411646005371473,1,0.2411646005371473,9,5.00328749025825,moving,2056,[],[],0.0,[],,,0,0.0,[],0.0,0,0.0,,
297567,33,,117.20166248698447,63.12052283230979,2,2.808998726361355,0.5339571578211723,-0.3046780004233976,5.260719301570104,4.704537735226882,1.3865472762169182,,"[0.04746790283222424, 0.11580862657451974]",0.1251592577014023,1,0.1251592577014023,2,0.6303064770242655,moving,967,[],[],0.0,[],,,0,0.0,[],0.0,0,0.0,,
290952,33,,117.6361414710235,62.19057043544453,4,2.856349053761432,0.5417649215770782,-0.3464275534050313,5.272303429034492,4.5799002289950135,1.1160754642051958,-0.9755035120566288,"[-0.11152085963517777, -0.22791503306012117]",0.2537364073769571,1,0.2537364073769571,4,1.385661642412216,moving,965,[],[],0.0,[],,,0,0.0,[],0.0,0,0.0,,
288492,33,,116.98611564140305,62.68906226086142,9,2.847955047472038,0.5678642824009359,2.5995119546041465,5.015203695204875,4.75101273755063,0.1891000772356912,-1.373881793794513,"[-0.04242303615062326, 0.036730440684806354]",0.0561145192364433,1,0.0561145192364433,9,2.816818893070955,moving,965,[],[],0.0,[],,9.126485967563802,0,0.0,[],0.0,0,0.0,,
286540,33,,116.347164227749,63.36497930248127,10,2.8683630183218334,0.54213622162259,-0.7535196226380941,5.290852933118817,4.740450237022504,0.0999009937103724,-0.0891990835253187,"[-0.6389514136540413, 0.6759170416198472]",0.9301197536675716,1,0.9301197536675716,10,3.1699438377276232,moving,975,[],[],0.0,[],,12.961007874493475,0,0.0,[],0.0,0,0.0,,
330266,33,,115.85449160968987,64.2037589414411,14,2.8101897842903387,0.5533994874921241,2.245231489645417,5.078049126907319,4.67918773395938,0.4888525748956898,-0.0818910419740469,"[0.07420969566528868, 0.12595634113597498]",0.1461919245481667,1,0.1461919245481667,14,5.1195521707165055,moving,986,[976],[976],1.0,[976],[90.27678905217778],143.18780195740263,0,0.0,[],0.0,0,0.0,,
310986,33,,116.46851360607852,63.94616254155934,20,2.8224649053650976,0.532820146917887,2.035221037087303,5.297218811435199,4.674962733748142,3.0426403222261658,2.894282035713362,"[-0.04552227957972832, 0.1141641754444862]",0.1229053981444849,1,0.1229053981444849,20,7.734879934247985,moving,1001,[],[],0.0,[],,115.97583372403297,0,0.0,[],0.0,0,0.0,,
318109,33,,116.44153292895548,64.42624265008128,21,2.82609511508185,0.5382180816248004,1.9041965953350528,5.250836438921354,4.715100235755018,0.3232818395996423,-2.719358482626524,"[-0.02698067712303498, 0.48008010852193905]",0.4808376727508507,1,0.4808376727508507,21,8.263840557812358,moving,997,[],[],0.0,[],,3.115423798131715,0,0.0,[],0.0,0,0.0,,
326858,33,,116.43976551890208,65.42652783587812,25,2.938969214763394,0.5293037569678458,1.6403781722246535,5.552519089604592,4.649612732480637,2.355168826803275,1.2941405231644811,"[0.06009908163228772, -0.13931019891116136]",0.1517208988034006,1,0.1517208988034006,25,9.795497806545985,moving,1023,[],[],0.0,[],,145.62328546020726,0,0.0,[],0.0,1,0.0,,
341621,33,,116.10442157641708,64.93447976787739,28,2.868342753705692,0.5671335587456484,1.8772521539279552,5.05761422415157,4.736225236811256,0.6074801269187171,-0.5395666249794842,"[-0.0033928878355311554, -0.004308642376386729]",0.0054841669369276,1,0.0054841669369276,28,11.63570803467901,moving,1011,[],[],0.0,[],,106.1421462209846,0,0.0,[],0.0,0,0.0,,
338473,33,,115.81318322805714,65.2867470272917,29,2.8510132027127444,0.5378470117931892,1.986635577166316,5.300788403020829,4.7404502370225,1.7837015682567232,1.176221441338006,"[-0.2912383483599257, 0.3522672594143046]",0.4570689199789047,1,0.4570689199789047,29,12.310701038749686,moving,1019,[],[],0.0,[],,14.562310093362342,0,0.0,[],0.0,0,0.0,,
350524,33,,115.31263618636068,66.35919290116209,36,2.866603168060086,0.5524102254677818,1.885748466099354,5.189265216140128,4.727775236388757,2.8261879044121057,-0.1974715978112988,"[-0.19444096461137406, 0.1564602376520412]",0.2495738261219209,1,0.2495738261219209,36,16.956796212428475,moving,1044,[],[],0.0,[],,1.4361444795448413,0,0.0,[],0.0,0,0.0,,
356390,33,,115.0774915390593,66.89782971477021,38,2.7677177776559465,0.5746493148786356,2.0669128554979848,4.816359657960232,4.658062732903144,0.5434037649431839,-0.1214625707751952,"[-0.1444673078208325, 0.14846450531304356]",0.2071533547081628,1,0.2071533547081628,38,18.03840878111582,moving,1063,[1052],[1052],1.0,[1052],[50.9061411137705],105.15609956469773,0,0.0,[1130],1.0,0,0.0,[58.57043438516149],[58.57043438516149]
360959,33,,115.69697709878156,66.9896147699828,41,2.7725136749740966,0.539949157531854,-0.5938465673557454,5.134768035656271,4.613700230685009,1.4884399207435828,0.5856726059303111,"[-0.0231448418271043, -0.057795270854654746]",0.0622573452402572,1,0.0622573452402572,41,18.319497228072635,moving,1081,[1122],[],1.0,[1122],[84.9877234374524],120.18087875953891,0,0.0,[1122],1.0,0,0.0,[84.9877234374524],[84.9877234374524]
365572,33,,115.35726275185128,67.41503507873777,42,2.8519196265199,0.5574997712303863,-0.3876877133750266,5.115552998749746,4.69186273459313,2.0868386505854843,0.5983987298419016,"[-0.339714346930279, 0.4254203087549797]",0.5444155367101937,1,0.5444155367101937,42,18.62869188741812,moving,1087,[],[],0.0,[],,147.16587871523564,0,0.0,[1115],1.0,1,1.0,[102.57438388778783],[77.42561611221217]
366929,33,,115.91826600447536,67.22670327298438,43,2.888339102657374,0.5322278564268733,-0.2747004535689455,5.426884496516811,4.687637734381887,2.5685291301714965,0.4816904795860122,"[0.56100325262409, -0.1883318057533927]",0.5917715087034371,1,0.5917715087034371,43,18.87470978781134,moving,1092,[],[],0.0,[],,8.626805981148228,0,0.0,[],0.0,0,0.0,,
387151,33,,117.09627741552109,67.02046382014109,44,2.850506181392289,0.5756599313300605,3.033846363354977,4.951718933791697,4.780587739029375,0.1505661683017683,-2.417962961869728,"[1.1780114110457305, -0.20623945284329182]",1.1959287589413734,1,1.1959287589413734,44,19.39614893212535,moving,1103,[],[],0.0,[],,0.7982655958229737,0,0.0,[],0.0,0,0.0,,
366881,33,,117.7454605167606,66.89746330000611,45,2.842794787512111,0.561009632916914,0.2299166002524326,5.067283377526481,4.862975243148756,0.013932362952529,-0.1366338053492392,"[0.6491831012395011, -0.12300052013497975]",0.660732795378292,1,0.660732795378292,45,20.131899333387647,moving,1101,[],[],0.0,[],,31.36742954322958,0,0.0,[],0.0,0,0.0,,
379361,33,,118.55145829628334,67.20104089145379,50,2.8522572724208195,0.5611092939871648,0.5420083843136552,5.0832472443168335,4.839737741986895,0.6113400327880067,-0.5758922497820755,"[0.04578298514535106, 0.029410424278339065]",0.0544155748389314,1,0.0544155748389314,50,22.16483505549174,moving,1088,[],[],0.0,[],,170.37973520135026,1,0.0,[1105],1.0,1,1.0,[71.49236389667806],[71.49236389667806]
383658,33,,118.1657195700662,67.12593143021601,52,2.890987840150367,0.5533906024452266,0.4490014545017293,5.224136129844219,4.856637742831881,1.7053446240592556,-0.9399263510441972,"[0.009666580157229987, -0.04552417276258325]",0.0465391563917275,1,0.0465391563917275,52,21.831200751507488,moving,1101,[],[],0.0,[],,5.294366209378158,0,0.0,[],0.0,0,0.0,,
380633,33,,116.45114322274968,66.62413538827543,53,1.5481999030982472,0.4963969023582075,0.1504049741121081,3.1188750287185365,2.3512126175606296,1.4953144635700597,-0.2100301604891961,"[-1.7145763473164948, -0.5017960419405796]",1.7864969405191842,1,1.7864969405191842,53,21.72812230397607,moving,1099,[1111],[1111],1.0,[1111],[24.754037151917714],178.72028586441888,1,1.0,[],0.0,1,0.0,,
388925,33,,117.9626346221644,67.10339404912725,54,2.837354494855698,0.5715030367735484,0.343941468032285,4.96472339127739,4.920012746000633,3.1192574284395795,1.62394296486952,"[1.5114913994146946, 0.4792586608518121]",1.585652898495148,1,1.585652898495148,54,22.301954962938613,moving,1099,[],[],0.0,[],,3.734750003316435,0,0.0,[],0.0,0,0.0,,
390961,33,,118.3549658497793,67.20018001982197,55,2.8173150756407663,0.5574675708367266,0.4404884405023764,5.053773928790403,4.886212744310639,0.0651836842967562,-3.054073744142823,"[0.39233122761491757, 0.09678597069472517]",0.404093202473326,1,0.404093202473326,55,22.59122864101568,moving,1101,[1142],[1142],1.0,[1142],[108.542760114376],7.109698892415893,0,0.0,[1142],1.0,0,0.0,[108.542760114376],[71.457239885624]
395502,33,,118.81518293565118,67.3765418694179,56,2.852103174925974,0.5736756085723425,0.5032344200022205,4.971630538770439,4.871425243571258,0.1240876544980604,0.0589039702013041,"[0.46021708587187504, 0.17636184959593493]",0.492852176744001,1,0.492852176744001,56,22.0445506476766,moving,1092,[],[],0.0,[],,18.641519741424258,0,0.0,[],0.0,0,0.0,,
395761,33,,119.51547818237404,67.40498737425145,57,2.776095616041313,0.5509857331654898,0.694295769026816,5.038416512333734,4.797487739874393,0.3253558970633745,0.2012682425653141,"[0.7002952467228454, 0.02844550483354169]",0.7008727269111318,1,0.7008727269111318,57,20.96678122374285,moving,1100,[],[],0.0,[],,140.9946202112963,0,0.0,[],0.0,0,0.0,,
396640,33,,118.51794180085948,66.5276606845926,58,1.5241559339669395,0.5318366733153235,0.5144354447543812,2.8658345887766083,2.302625115131252,2.460820350286057,2.135464453222683,"[-0.9975363815145499, -0.8773266896588439]",1.328450583511817,1,1.328450583511817,58,19.65663785294967,moving,1101,[1133],[1133],1.0,[1133],[27.418531224961185],,0,0.0,[],0.0,0,0.0,,
397806,33,,119.57893713157186,67.34686404645836,59,2.8682105400297933,0.577411692995142,0.6461789510968388,4.967357909140792,4.875650243782528,3.0777243311888287,0.6169039809027712,"[1.0609953307123874, 0.8192033618657604]",1.3404496409360749,1,1.3404496409360749,59,24.880946368800437,moving,1110,[],[],0.0,[],,,0,0.0,[],0.0,0,0.0,,
283508,34,,75.6506967382896,22.78005129413947,0,1.3875463891475524,0.5264522588277071,0.674623112753357,2.63565473579183,2.1864376093218723,,,"[0.0, 0.0]",0.0,0,0.0,0,0.0,moving,382,[],[],0.0,[],,,0,0.0,[],0.0,0,0.0,,
281021,34,,74.69165506594535,21.984620078235206,1,1.322688873530627,0.5305342645665081,0.6617051849490436,2.49312619725208,2.0913751045687525,,,"[-0.9590416723442416, -0.7954312159042622]",1.2459822424608518,1,1.2459822424608518,1,1.326917736741464,moving,363,[345],[345],1.0,[345],[45.494271961453464],,0,0.0,[345],1.0,0,0.0,[45.494271961453464],[45.494271961453464]
290976,34,,74.57692595683449,21.259097891214054,2,1.361800998941714,0.5244275848587927,0.7566103630894624,2.5967379258060816,2.1336251066812584,0.7215481060959665,,"[-0.11472910911086842, -0.7255221870211486]",0.7345374138444712,1,0.7345374138444712,2,3.14769355296387,moving,355,[346],[],1.0,[346],[59.03624346792651],12.099480424432151,0,0.0,[346],1.0,0,0.0,[59.03624346792651],[59.03624346792651]
289506,34,,74.61916692649618,20.482535836405805,3,1.3814366416925992,0.5180010876030302,0.7525736059617691,2.6668605042606828,2.192775109638756,0.2111757711869441,-0.5103723349090223,"[0.042240969661691, -0.7765620548082524]",0.7777100516812002,1,0.7777100516812002,3,4.991329110384835,moving,341,[372],[372],1.0,[372],[0.3191932410745437],118.89548543075333,1,1.0,[328],1.0,1,1.0,[61.24226256824754],[61.24226256824754]
295515,34,,75.66019269385254,21.13326863009293,5,1.3494163359003628,0.5318996459781704,0.7119676109747535,2.5369754353168794,2.158975107948757,0.626860838643687,-1.3126564355431878,"[0.14079274761448346, 0.2454024121032532]",0.2829221476783508,1,0.2829221476783508,5,6.947896353072924,moving,353,[380],[380],1.0,[380],[0.8539388994006174],66.71306024701819,0,0.0,[],0.0,0,0.0,,
291007,34,,75.5474312811344,21.86827394572216,6,1.356572273250224,0.5215478585277586,0.60990328589166,2.601050413819353,2.144187607209381,0.6731021290848426,0.0462412904411555,"[-0.1127614127181431, 0.7350053156292233]",0.743604700228156,1,0.743604700228156,6,5.800601542917963,moving,363,[386],[],1.0,[386],[5.898063321703205],8.786521931930784,0,0.0,[],0.0,0,0.0,,
282670,34,,75.10234826011869,23.279158989644216,7,1.313572324365812,0.5448309070830405,0.0167692719111247,2.4109724820835168,2.1315126065756256,0.1533537375108845,-0.519748391573958,"[-0.44508302101570507, 1.4108850439220575]",1.479424044268381,1,1.479424044268381,7,5.382755329835818,moving,391,"[395, 324]","[395, 324]",2.0,"[395, 324]","[3.2020205833221267, 71.3716717490747]",,0,0.0,[],0.0,0,0.0,,
283459,34,,76.80900371584764,24.3788946675846,8,1.4532929764119118,0.5061002874998124,3.0310780979825047,2.871551374908971,2.156862607843128,1.303964233774344,1.1506104962634596,"[1.7066554557289493, 1.0997356779403837]",2.0302934285231737,1,2.0302934285231737,8,3.897975187069053,moving,408,[],[],0.0,[],,,0,0.0,[],0.0,0,0.0,,
300344,35,,108.93771348329884,79.92224270799191,2,1.58097820411214,0.5286779955831898,0.6223987234227641,2.9904369338620715,2.539225126961256,0.2693314975032374,,"[0.10466660058246191, 0.10740409790282968]",0.1499691219011741,1,0.1499691219011741,2,1.0018440219132814,moving,1236,[1265],[1265],1.0,[1265],[26.760599153348863],,0,0.0,[],0.0,0,0.0,,
294062,35,,108.93921670877792,80.41843260984345,4,1.6526579391761698,0.5367747382431101,0.7244538773699766,3.0788668345037995,2.6786501339324964,2.288450351980968,1.1016374499031614,"[0.2547883870340968, -0.07974632164851414]",0.2669767742405787,1,0.2669767742405787,4,3.140283187757261,moving,1262,[],[],0.0,[],,,0,0.0,[],0.0,0,0.0,,
303853,35,,108.27035095577806,80.32097412215568,5,1.5919733679335122,0.5745506012084596,0.552256740605328,2.770814902264647,2.7145626357281403,2.6935721793888137,0.4051218274078456,"[-0.6688657529998778, -0.09745848768777421]",0.6759286592226147,1,0.6759286592226147,5,4.333142659677613,moving,1251,[1277],[],1.0,[1277],[26.411030635405652],133.09653538984463,0,0.0,[],0.0,0,0.0,,
301084,35,,108.55047899938435,80.09724354252077,6,1.6124572964519976,0.5475498428932616,0.6960122928549544,2.9448593902095728,2.642737632136882,2.322972765549947,-0.3705994138388666,"[0.28012804360629673, -0.2237305796349034]",0.3585067545785729,1,0.3585067545785729,6,5.474431992030264,moving,1243,[],[],0.0,[],,99.66607422316456,0,0.0,[],0.0,0,0.0,,
291089,35,,108.2441436484074,79.82411179791679,7,1.5943394108098827,0.5359327506807946,0.6791621088533392,2.97488707078378,2.6004876300243884,1.7395011477312945,-0.5834716178186525,"[-0.3063353509769655, -0.2731317446039867]",0.4104172232845474,1,0.4104172232845474,7,6.571803027470763,moving,1248,[1287],[1287],1.0,[1287],[20.19059162454046],166.72062063844365,0,0.0,[1245],1.0,1,1.0,[84.25978516188859],[84.25978516188859]
293200,35,,108.62470546742854,80.36760844739948,9,1.599736185713897,0.5566835021194286,0.7336440748835176,2.873690669156378,2.7124501356225044,0.8871781013841379,-1.6477323834296236,"[0.2825027066764676, 0.13565156416424884]",0.313383353322632,1,0.313383353322632,9,8.52998607929495,moving,1261,[1295],[],1.0,[1295],[18.122758103850032],38.22350270557525,0,0.0,[],0.0,0,0.0,,
290380,35,,109.15181787060374,80.52651619188428,10,1.5997390040090391,0.5304503514019644,0.7800481099763351,3.015812883865525,2.63217513160875,0.1548611487685782,-0.7323169526155596,"[0.5271124031751953, 0.15890774448480727]",0.5505444185879813,1,0.5505444185879813,10,9.399101165119085,moving,1273,[1309],[1309],1.0,[1309],[21.752729991256857],21.40705573487604,0,0.0,[],0.0,0,0.0,,
293737,35,,109.80862159025114,81.043062737581,12,1.6069457210732871,0.5502167144981188,0.860104250485535,2.92056871180125,2.731462636573128,0.0627379646491352,-0.3279176820664041,"[0.1846415769480103, 0.13201839507301827]",0.2269831900725328,1,0.2269831900725328,12,10.739310644210407,moving,1266,[],[],0.0,[],,103.55955185761204,0,0.0,[],0.0,0,0.0,,
320611,35,,109.95001280506855,80.73457764185815,18,1.6187007895333616,0.5307382773028368,0.7152888082655625,3.0499039898901774,2.6258376312918843,2.291728844266596,-0.0093931591813296,"[0.19735280317806314, 0.2109681018801126]",0.2888869483606639,1,0.2888869483606639,18,15.467571974034737,moving,1288,[1318],[1318],1.0,[1318],[33.61795204548012],93.28025161014412,0,0.0,[],0.0,0,0.0,,
317627,35,,110.41108479153108,80.97874551405486,19,1.6112299622298225,0.5611159378099994,0.848646338365194,2.87147424205834,2.7040001351999985,0.3317110196617816,-1.9600178246048143,"[0.4610719864624997, 0.2441678721967122]",0.5217330030902257,1,0.5217330030902257,19,16.6693041865588,moving,1290,[1317],[],1.0,[1317],[34.654431591031],17.195765284779775,0,0.0,[],0.0,0,0.0,,
321652,35,,111.44681533616549,82.01809490952391,23,1.5955812687797624,0.5624301765265044,1.5256944576018858,2.8369410735282106,2.6427376321368814,0.893488844785022,-0.3778679804005131,"[0.20112523586438158, 0.21095855755893922]",0.2914701931739357,1,0.2914701931739357,23,20.646902598684587,moving,1301,[1347],[1347],1.0,[1347],[2.7693581529839832],17.445207335509412,0,0.0,[],0.0,0,0.0,,
327101,35,,111.64891783662254,82.40707793566654,24,1.6331947057303182,0.5637448651240727,1.502046180895687,2.897045821199407,2.7145626357281265,0.2823623574345242,-0.6111264873504978,"[0.2021025004570589, 0.3889830261426255]",0.4383528434013745,1,0.4383528434013745,24,21.65793018637859,moving,1303,[1346],[1346],1.0,[1346],[17.355602945431585],41.7577881092659,0,0.0,[],0.0,0,0.0,,
325057,35,,111.50040963831604,82.9895749152533,26,1.6322854514590477,0.520438378252775,1.2695227075074949,3.136366416594767,2.600487630024383,0.5038168390819527,-0.3320268918406921,"[0.019503342550535763, 0.13158161575447025]",0.1330191789750658,1,0.1330191789750658,26,23.995543505478608,moving,1322,[1369],[1369],1.0,[1369],[25.709953780811276],70.45689417131209,0,0.0,[],0.0,0,0.0,,
336268,35,,112.00482549519715,83.32783896265863,30,1.6025489193471096,0.5181200454211109,1.3464542403635913,3.0930069845968045,2.581475129073752,0.246546655863288,-1.0958924131007604,"[0.14993078812311467, -0.1638290939224305]",0.2220792949436368,1,0.2220792949436368,30,29.935387664618904,moving,1327,[1384],[],1.0,[1384],[19.695058868863725],43.0956803982378,0,0.0,[],0.0,0,0.0,,
348402,35,,112.2311896744652,84.3037984038916,31,1.6725129785914896,0.5293225750526672,1.2878296615771916,3.159723498331949,2.718787635939361,2.172551268527349,1.926004612664061,"[0.22636417926804597, 0.9759594412329733]",1.0018670433682673,1,1.0018670433682673,31,31.62789120835082,moving,1337,[1395],[1395],1.0,[1395],[28.094841901364347],0.5393600747235168,0,0.0,[],0.0,0,0.0,,
348956,35,,112.3233275503616,84.7187564135094,32,1.6155708098880182,0.544054522665814,1.4795527320460289,2.9695016631272155,2.6638626331931343,0.009413609157728,-2.163137659369621,"[0.09213787589639821, 0.4149580096177914]",0.4250641574170411,1,0.4250641574170411,32,33.05317675380803,moving,1352,[1410],[1410],1.0,[1410],[14.62944863381054],4.49194297014545,0,0.0,[],0.0,0,0.0,,
350869,35,,112.51167789695567,85.33440449025295,33,1.6647133805566252,0.5370983065984494,1.8320819923245173,3.0994575110459515,2.71878763593937,0.0783991946408727,0.0689855854831446,"[0.1883503465940919, 0.6156480767435539]",0.6438155073156839,1,0.6438155073156839,33,34.397252250902504,moving,1359,[1416],[1416],1.0,[1416],[35.34197030801583],18.74472683661876,0,0.0,[],0.0,0,0.0,,
346976,35,,112.49781950596874,85.79222168319676,34,1.623384963590898,0.546647539236949,1.5582011638491735,2.9697105485134694,2.6237251311862497,0.3271572006859907,0.248758006045118,"[-0.01385839098695385, 0.45781719294380707]",0.4580268956684687,1,0.4580268956684687,34,35.523198421708166,moving,1381,[1432],[1432],1.0,[1432],[9.599085834279833],8.076555367608968,0,0.0,[],0.0,0,0.0,,
353436,35,,112.61173449377436,86.81704643099316,35,1.6233781768079734,0.5510604729729768,-1.5165653881156644,2.945916567105298,2.6807626340381354,0.140962483384414,-0.1861947173015767,"[0.11391498780561449, 1.0248247477964014]",1.0311364546667483,1,1.0311364546667483,35,36.65289083108605,moving,1406,[1462],[1462],1.0,[1462],[15.728552941009383],8.340213489041297,0,0.0,[],0.0,0,0.0,,
354342,35,,112.5771763670858,87.8078987776942,36,1.6446795724345322,0.5578046131835954,1.5192475439734858,2.948486860027462,2.7610376380518757,0.145564185702974,0.0046017023185599,"[-0.03455812668853753, 0.9908523467010468]",0.9914548083917856,1,0.9914548083917856,36,37.26663764576157,moving,1424,[1480],[],1.0,[1480],[13.007554131027348],17.89133050070907,0,0.0,[],0.0,0,0.0,,
358542,35,,112.89177557386894,88.91275976221466,38,1.6412465263225586,0.5161805675546175,1.2585169678441104,3.179597663077266,2.638512631925622,1.0232734912934982,0.8931905796840582,"[0.21925023456635984, 0.10653337674321506]",0.2437622319345546,1,0.2437622319345546,38,36.10412784184182,moving,1455,[],[],0.0,[],,175.45180831398204,1,0.0,[1502],1.0,1,1.0,[4.398705354995542],[4.398705354995542]
357543,35,,112.7311825934904,88.11238850559037,39,1.651905193456645,0.5324277813474013,1.2903866042811631,3.1025901565019973,2.6321751316087485,2.221117955553858,1.1978444642603596,"[-0.16059298037855285, -0.8003712566242882]",0.8163236207394764,1,0.8163236207394764,39,34.66993912517174,moving,1438,[],[],0.0,[],,8.752060260112284,0,0.0,[],0.0,0,0.0,,
362195,35,,112.67342194426868,86.83724412358093,40,1.6614879641078797,0.5213874610031785,1.1536973617088429,3.1866665165117016,2.6469626323481275,0.1527522678719274,-2.0683656876819305,"[-0.05776064922171997, -1.2751443820094437]",1.2764519135356258,1,1.2764519135356258,40,33.774490369847314,moving,1430,[],[],0.0,[],,12.142023016168784,0,0.0,[],0.0,0,0.0,,
361322,35,,112.35227638861772,85.61620122933645,41,1.6124893684461992,0.5859871113054331,1.072307584863766,2.751748865011681,2.627950131397488,0.2119182794850658,0.0591660116131383,"[-0.3211455556509435, -1.2210428942444764]",1.2625688961396446,1,1.2625688961396446,41,33.360479697894846,moving,1399,[1396],[1396],1.0,[1396],[41.61336121466694],14.710583580908434,0,0.0,[1396],1.0,0,0.0,[41.61336121466694],[41.61336121466694]
367108,35,,111.792579955324,84.62476934814109,42,1.6851358159959358,0.5301888365558216,1.116582743043004,3.178369101361707,2.737800136890006,0.2567481183766908,0.0448298388916249,"[-0.5596964332937375, -0.9914318811953677]",1.138506597474216,1,1.138506597474216,42,33.6595443052636,moving,1378,[],[],0.0,[],,19.33894470162563,0,0.0,[],0.0,0,0.0,,
375093,35,,111.62850226127163,83.70431570135143,48,1.627621508525242,0.555167012897972,0.3588778291232333,2.9317691266076085,2.659637632981881,1.6272126755386254,-1.056203953170629,"[0.02634674827999106, 0.023055387821003137]",0.0350100278849656,1,0.0350100278849656,48,46.98455076999706,moving,1384,[],[],0.0,[],,99.50461123218824,0,0.0,[],0.0,0,0.0,,
382111,35,,112.03879623721966,83.70000016196529,49,1.6857053015926995,0.5318614327688547,0.387180688629352,3.169444516435359,2.735687636784372,0.729390404176132,-0.8978222713624934,"[0.4102939759480222, -0.004315539386141154]",0.4103166710961541,1,0.4103166710961541,49,50.81813813973176,moving,1387,[],[],0.0,[],,23.539418911089413,0,0.0,[],0.0,0,0.0,,
381033,35,,113.07038581988364,84.13654155914195,50,1.6820490911683894,0.504175878266985,0.3725078329010198,3.336234761865511,2.5878126293906254,0.4108403640047333,-0.3185500401713986,"[1.031589582663969, 0.4365413971766543]",1.1201542119323424,1,1.1201542119323424,50,54.39679362188248,moving,1392,[],[],0.0,[],,40.63062153723798,0,0.0,[],0.0,0,0.0,,
374186,35,,113.24300635976972,84.48378739976661,51,1.6839805070723597,0.5012632172844161,0.6410549412360076,3.3594735241003555,2.594150129707508,0.7091381229565176,0.2982977589517842,"[0.17262053988608272, 0.3472458406246659]",0.3877854105322859,1,0.3877854105322859,51,56.73939902541153,moving,1389,[],[],0.0,[],,,0,0.0,[],0.0,0,0.0,,
385004,35,,113.76149431753446,84.7870464841913,52,1.7066791177985632,0.5081404587029861,0.671339099327545,3.35867591050477,2.6427376321368845,0.5802246458559437,-0.1289134771005738,"[0.5184879577647479, 0.3032590844246812]",0.6006628294086083,1,0.6006628294086083,52,58.56642519052332,moving,1402,[],[],0.0,[],,,0,0.0,[],0.0,0,0.0,,
304984,36,,79.1276933012881,127.9138114705543,2,1.6872674137415098,0.5033837579448803,3.097361759680836,3.351851121756421,2.613162630658142,0.9817940549091536,,"[-0.051263105307171486, -0.14763443937545162]",0.1562812645694871,1,0.1562812645694871,2,3.090486093403655,moving,2008,[1971],[1971],1.0,[1971],[25.434446194160692],,0,0.0,[1971],1.0,0,0.0,[25.434446194160692],[25.434446194160692]
303548,36,,78.42012495447571,128.12469078537003,4,1.744924142972377,0.5197138636863935,2.869569783431982,3.3574708409651,2.67653763382689,0.7476316716049076,-0.6246565381863531,"[-0.1056731869925045, 0.12869899739081347]",0.1665240354379914,1,0.1665240354379914,4,10.732272819533945,moving,2028,[],[],0.0,[],,,0,0.0,[],0.0,0,0.0,,
305665,36,,77.66242531320479,128.45050448839655,5,1.7316125659296076,0.5448712318322472,3.13532128998416,3.1780216402812944,2.7568126378406457,0.4772272924382302,-0.2704043791666774,"[-0.7576996412709178, 0.3258137030265118]",0.8247807681207932,1,0.8247807681207932,5,16.175949890753575,moving,2024,[],[],0.0,[],,22.96719760501013,0,0.0,[],0.0,0,0.0,,
305123,36,,76.35373838287703,128.45737257015514,6,1.764763975289292,0.4931315961610518,0.6024559017079764,3.5786876951866167,2.6680876334043857,0.4008532181635829,-0.0763740742746473,"[-1.3086869303277666, 0.0068680817585971]",1.3087049522935854,1,1.3087049522935854,6,22.591184813048333,moving,2015,[],[],0.0,[],,22.191611564181247,0,0.0,[],0.0,0,0.0,,
300423,36,,75.3061467424462,128.03643622268316,7,1.7171126981005542,0.5333834748363439,1.1197055634128308,3.219283646962272,2.7124501356225075,0.3873166881186117,-0.0135365300449711,"[-1.0475916404308236, -0.4209363474719794]",1.128997632293175,1,1.128997632293175,7,29.96783504330005,moving,2018,[],[],0.0,[],,26.377642088003363,0,0.0,[],0.0,0,0.0,,
299464,36,,74.27398389276813,126.87924094641603,10,1.7201852836779197,0.5631059230604061,0.7802682990129571,3.05481653314698,2.8223001411149964,1.7260517809836935,0.3776569719687217,"[-0.10053148354005259, -0.29246651747207864]",0.3092624177377677,1,0.3092624177377677,10,57.237036290232325,moving,2009,[],[],0.0,[],,6.9018848066197185,0,0.0,[],0.0,0,0.0,,
301914,36,,73.95651580360057,126.42296656232044,11,1.754348287826868,0.4951593753843384,0.6038854680039194,3.5429972147152777,2.674425133721252,0.2768061370400583,-1.4492456439436352,"[-0.3174680891675621, -0.4562743840956074]",0.555852769374705,1,0.555852769374705,11,67.92621481918803,moving,1993,[],[],0.0,[],,25.10147348685147,0,0.0,[],0.0,0,0.0,,
302726,36,,73.39768310775392,126.09942673097538,12,1.7530943006705333,0.5078474252432056,0.4677889269949067,3.4520098232869554,2.69977513498876,0.4381033594476349,0.1612972224075765,"[-0.5588326958466467, -0.3235398313450588]",0.6457336946559471,1,0.6457336946559471,12,79.37761440674028,moving,1996,[],[],0.0,[],,7.335446680559721,0,0.0,[],0.0,0,0.0,,
294741,36,,71.84812490802483,125.45016678184184,13,1.773930046668113,0.5160863585684138,0.4713648705539006,3.4372736601464657,2.79695013984751,0.1280276966802558,-0.3100756627673791,"[-1.5495581997290913, -0.6492599491335369]",1.6800800861555811,1,1.6800800861555811,13,90.9521498119786,moving,1992,[],[],0.0,[],,12.401957633966155,0,0.0,[],0.0,0,0.0,,
332736,36,,71.29599966321796,125.06161556730932,14,1.7947277760843523,0.5303765711270585,0.3090550918711692,3.383874540820172,2.824412641220624,0.2164549944055386,0.0884272977252827,"[-0.5521252448068736, -0.3885512145325123]",0.6751402315576672,1,0.6751402315576672,14,102.33181425258456,moving,2005,[],[],0.0,[],,13.483626020542882,0,0.0,[],0.0,0,0.0,,
328997,36,,70.68872242452048,124.372331377206,15,1.7691941676644276,0.5330131943406743,0.4755831955821015,3.3192314682807846,2.849762642488127,0.2353336691660814,0.0188786747605428,"[-0.6072772386974776, -0.6892841901033364]",0.9186393957187148,1,0.9186393957187148,15,113.95627086005132,moving,1984,[],[],0.0,[],,1.249190220989688,0,0.0,[],0.0,0,0.0,,
327608,36,,70.097634484712,123.671179525522,18,1.776466618890463,0.5248808008630933,0.6956589327262963,3.3845143811115044,2.811737640586882,0.4112831315785895,0.0154359959652711,"[-0.0031895392030492076, -0.1384204232224704]",0.1384571656701653,1,0.1384571656701653,18,151.69260655212855,moving,1996,[],[],0.0,[],,37.002235120132944,0,0.0,[],0.0,0,0.0,,
320532,36,,70.0765049954391,123.28471490848864,20,1.7680486171137573,0.5130827845479148,0.9392714173537704,3.4459324505919886,2.8223001411150115,1.780748783615493,1.007077112182435,"[-0.24462569337504192, -0.1468623910818394]",0.2853248881073909,1,0.2853248881073909,20,179.72134127715526,moving,1988,[1982],[1982],1.0,[1982],[75.85177795247166],36.481474120515344,0,0.0,[1982],1.0,0,0.0,[75.85177795247166],[75.85177795247166]
327224,36,,69.83892819470924,122.9976454721667,21,1.7654986512619302,0.528149488912229,0.8363753491357685,3.3428010219192528,2.8434251421712498,0.3387741788352158,-1.441974604780277,"[-0.23757680072985465, -0.2870694363219428]",0.3726279612632834,1,0.3726279612632834,21,193.6128102509365,moving,1967,[],[],0.0,[],,5.349842636165288,0,0.0,[],0.0,0,0.0,,
325025,36,,69.42895378376552,122.5871093928014,22,1.7648889216138388,0.5403378150409499,0.8507991157055895,3.266269493798218,2.87088764354438,0.0933723684646752,-0.2454018103705406,"[-0.4099744109437182, -0.41053607936528635]",0.5801886676670525,1,0.5801886676670525,22,207.2291661238748,moving,1974,[],[],0.0,[],,2.6665650210554843,0,0.0,[],0.0,0,0.0,,
327601,36,,69.01905366700444,122.13654364851666,23,1.7745678169423194,0.5210818381409519,0.7554475423826169,3.405545323309275,2.7927251396362625,0.0465403393359706,-0.0468320291287045,"[-0.4099001167610794, -0.45056574428474505]",0.6091203457803825,1,0.6091203457803825,23,220.38967156256777,moving,1965,[],[],0.0,[],,38.90773999113866,0,0.0,[],0.0,0,0.0,,
351441,36,,67.50044279119753,121.9015032949977,28,1.8066189479870989,0.5177969030722075,-0.0896903863314145,3.489049349789493,2.84553764227688,0.0761974043791757,-0.1133869900867084,"[-0.21750128094133458, 0.08419479725782253]",0.2332285812168122,1,0.2332285812168122,28,284.51080241798775,moving,1993,[],[],0.0,[],,16.7895646399257,0,0.0,[],0.0,0,0.0,,
347627,36,,66.98365381638278,121.9740552403697,29,1.8089304420310663,0.5200184863061467,-0.1489843581850326,3.4785887226441945,2.860325143016261,0.2298583563065802,0.1536609519274044,"[-0.5167889748147445, 0.07255194537199827]",0.521856904972365,1,0.521856904972365,29,299.8650099421541,moving,1994,[],[],0.0,[],,3.371599287567628,0,0.0,[],0.0,0,0.0,,
356479,36,,66.0257964631839,122.16655159038524,33,1.7665666949051697,0.5351237258812986,0.0680622536046479,3.301230368726036,2.742025137101256,0.0052416607500546,-1.36808627135962,"[-0.020355619219586174, 0.0809168791961099]",0.0834379564266205,1,0.0834379564266205,33,366.3421206454045,moving,2011,[2010],[2010],1.0,[2010],[151.48875370589127],6.830279955186061,0,0.0,[2010],1.0,0,0.0,[151.48875370589127],[28.51124629410873]
357672,36,,65.47149066695452,122.21049607446108,35,1.8122405844448788,0.5148396452526257,-0.2143083399836105,3.5200097761617286,2.824412641220644,0.3421302344755341,-0.9510520553566402,"[-0.07396598190490522, 0.028969502542068426]",0.0794367582211892,1,0.0794367582211892,35,407.0731071308024,moving,2029,[2026],[2026],1.0,[2026],[22.844553127664938],13.831894990297108,0,0.0,[2026],1.0,0,0.0,[22.844553127664938],[22.844553127664938]
357698,36,,64.79297457579817,122.43574457032686,36,1.787707010095756,0.5124907847520188,2.722626719990947,3.4882715226982697,2.799062639953145,0.0527708912238356,-0.2893593432516984,"[-0.6785160911563537, 0.22524849586577034]",0.7149272486399503,1,0.7149272486399503,36,430.5762641804748,moving,2024,[],[],0.0,[],,22.685704857289583,0,0.0,[],0.0,0,0.0,,
358632,36,,63.63489007126292,123.44424328218176,37,1.8002465411755064,0.5277205701963696,2.62399398972191,3.411363215395637,2.873000143650006,0.3959402428953928,0.3431693516715571,"[-1.1580845045352461, 1.008498711854898]",1.5356527509361075,1,1.5356527509361075,37,454.69801103805486,moving,2042,[],[],0.0,[],,0.7621280597135003,0,0.0,[],0.0,0,0.0,,
360261,36,,62.636668857735295,124.29044634305843,38,1.8183462364739595,0.5092768565188518,2.4687627302701056,3.5704474161720525,2.815962640798136,0.0133016439638365,-0.3826385989315563,"[-0.9982212135276285, 0.8462030608766753]",1.308627223992236,1,1.308627223992236,38,479.93147033717247,moving,2058,[],[],0.0,[],,8.381517918736842,0,0.0,[],0.0,0,0.0,,
360054,36,,61.542710806134096,124.97155519205792,39,1.8142728257291327,0.5242974760472093,2.65917819742948,3.4603882502111647,2.8265251413262487,0.1462850839968604,0.1329834400330238,"[-1.0939580516011986, 0.6811088489994859]",1.288663448247251,1,1.288663448247251,39,506.4075935242834,moving,2081,[],[],0.0,[],,15.74480300241147,0,0.0,[],0.0,0,0.0,,
363047,36,,60.59985728421632,126.00598071422812,40,1.7956736297528548,0.5231281327958857,2.620823322583683,3.432569416895596,2.8561001428049977,0.2747986524699688,0.1285135684731084,"[-0.942853521917776, 1.0344255221701957]",1.3996459997834585,1,1.3996459997834585,40,534.4302403382028,moving,2098,[],[],0.0,[],,9.3048823887366,0,0.0,[],0.0,0,0.0,,
362442,36,,59.16677111334343,127.13966229846328,41,1.826325027650077,0.4962523583363081,2.3323338478707933,3.68023445525348,2.752587637629385,0.1624008341942885,-0.1123978182756802,"[-1.4330861708728904, 1.1336815842351626]",1.827284845770104,1,1.827284845770104,41,564.362510145986,moving,2091,[],[],0.0,[],,13.296504229573406,0,0.0,[],0.0,0,0.0,,
374552,36,,58.277061993917656,128.26393684390587,43,1.7943747551016302,0.5006442541189057,2.259835779262542,3.584131327462428,2.780050139002508,0.0248118632329908,-0.2104634432601946,"[-0.11814104848300389, 0.14283529874606415]",0.1853624285138195,1,0.1853624285138195,43,631.9654316091573,moving,2119,[2147],[2147],1.0,[2147],[105.84233178990829],14.64166788701776,0,0.0,[2159],1.0,0,0.0,[117.40405073667475],[62.59594926332525]
390173,36,,57.87752958712433,128.56502304015982,44,1.798352910222068,0.5006469736227526,2.3408804398043426,3.592057887035512,2.75258763762938,0.2339409780607696,0.2091291148277787,"[-0.3995324067933268, 0.30108619625394795]",0.5002789638319197,1,0.5002789638319197,44,672.577910294104,moving,2140,[2176],[2176],1.0,[2176],[120.44623440651091],4.935845866396956,0,0.0,[2176],1.0,0,0.0,[120.44623440651091],[59.55376559348909]
373131,36,,57.10620180218608,129.25800510410912,45,1.764990328574012,0.5157066815855853,2.4618926223178765,3.4224693834630857,2.8201876410093787,0.086146761739579,-0.1477942163211906,"[-0.7713277849382507, 0.6929820639493016]",1.0369043797637187,1,1.0369043797637187,45,716.4297877386914,moving,2159,[2179],[2179],1.0,[2179],[113.22756582194629],20.54964238442696,0,0.0,[2179],1.0,0,0.0,[113.22756582194629],[66.77243417805371]
381775,36,,56.09217210631744,129.65514896431725,46,1.792134556679616,0.5133042758990166,0.0333830619326566,3.491368844611351,2.790612639530657,0.3586589197156287,0.2725121579760497,"[-1.0140296958686363, 0.3971438602081321]",1.0890268453093594,1,1.0890268453093594,46,763.3777405191285,moving,2161,[],[],0.0,[],,33.19558966001545,0,0.0,[],0.0,0,0.0,,
383731,36,,54.69388725947618,129.36283241805424,47,1.8305189765107528,0.4438609214591703,-0.1528629765462741,4.124082315003119,2.54556262727815,0.5793723367082546,0.2207134169926258,"[-1.398284846841264, -0.2923165462630095]",1.4285130297358268,1,1.4285130297358268,47,812.8379086773634,moving,2171,[],[],0.0,[],,9.809457418381427,0,0.0,[],0.0,0,0.0,,
379466,36,,52.8764500204181,129.29941756151618,48,1.8169801632270808,0.5033387456567893,0.1020080394483363,3.6098555473931695,2.786387639319394,0.1712073297849388,-0.4081650069233158,"[-1.81743723905808, -0.0634148565380599]",1.818543252701128,1,1.818543252701128,48,858.7308550738682,moving,2155,[],[],0.0,[],,4.651471424212873,0,0.0,[],0.0,0,0.0,,
386059,36,,51.862138653741184,129.34641903100055,49,1.8516655997544809,0.4969458552711424,0.2234123911948144,3.72609124336932,2.8349751417487443,0.0811834914149445,-0.0900238383699943,"[-1.014311366676914, 0.04700146948437123]",1.0153997669409225,1,1.0153997669409225,49,902.3872484346208,moving,2160,[],[],0.0,[],,20.711427299299505,0,0.0,[],0.0,0,0.0,,
385144,36,,50.7246835676795,128.97555667879436,50,1.81541631197896,0.5039194723339222,0.3169356630403238,3.6025921037954545,2.792725139636272,0.3614825991602134,0.2802991077452689,"[-1.137455086061685, -0.37086235220618846]",1.1963874611059335,1,1.1963874611059335,50,947.8319100810672,moving,2146,[],[],0.0,[],,7.44802409718852,0,0.0,[],0.0,0,0.0,,
378585,36,,49.95411472403056,128.8312050951476,51,1.8191638067100304,0.4961568287807241,0.2708584673172034,3.6665096622382825,2.7800501390025096,0.1299925432638178,-0.2314900558963956,"[-0.7705688436489382, -0.1443515836467668]",0.783973036847436,1,0.783973036847436,51,996.5197549452156,moving,2147,[2122],[2122],1.0,[2122],[153.66321765307544],1.6552240073793705,0,0.0,[2122],1.0,0,0.0,[153.66321765307544],[26.336782346924565]
388050,36,,48.414571503461865,128.58860232053564,52,1.8803554404458385,0.4942370120979131,0.1927403092589033,3.804562172436656,2.8349751417487385,0.0288891087868249,-0.1011034344769928,"[-1.5395432205686959, -0.242602774611953]",1.5585408028821222,1,1.5585408028821222,52,1051.3422713159034,moving,2155,[],[],0.0,[],,25.50760268266916,0,0.0,[],0.0,0,0.0,,
386148,36,,47.51434918169242,127.97075937212554,53,1.8520039374642023,0.4918108872065,0.3493013280162573,3.76568308193346,2.737800136890023,0.4451916511031151,0.4163025423162902,"[-0.9002223217694478, -0.6178429484101002]",1.0918471218591277,1,1.0918471218591277,53,1102.8123647137245,moving,2138,[],[],0.0,[],,1.74680990289041,0,0.0,[],0.0,0,0.0,,
391354,36,,46.51425440960837,127.23854596171002,54,1.8241364950426096,0.4973843063744508,0.3320637581563523,3.667458887754545,2.765262638263136,0.03048758421188,-0.414704066891235,"[-1.0000947720840472, -0.7322134104155253]",1.2394861965920303,1,1.2394861965920303,54,1151.8846170736508,moving,2119,[2094],[2094],1.0,[2094],[146.1645120260909],13.127707219133097,0,0.0,[2094],1.0,0,0.0,[146.1645120260909],[33.835487973909096]
392241,36,,45.63985340501743,126.86591069279494,55,1.840272240056037,0.4870511320995988,0.1346563122017134,3.778396391612766,2.7525876376293854,0.2291217142117012,0.1986341299998211,"[-0.8744010045909363, -0.3726352689150758]",0.950491536242722,1,0.950491536242722,55,1189.8692400009768,moving,2130,[2105],[2105],1.0,[2105],[144.84723456787972],33.312629862058856,0,0.0,[2105],1.0,0,0.0,[144.84723456787972],[35.152765432120276]
399508,36,,44.54524953634734,127.0634692649222,56,1.808255679881818,0.4889494954657082,3.010398629459785,3.698246335563788,2.678650133932512,0.5814150735911114,0.3522933593794102,"[-1.0946038686700916, 0.1975585721272637]",1.1122890895484383,1,1.1122890895484383,56,1219.2151643950344,moving,2138,[],[],0.0,[],,117.15816289724852,0,0.0,[2156],1.0,0,0.0,[132.68807192057525],[47.311928079424746]
399874,36,,45.75129297008392,128.64153642163805,57,1.7303509329634708,0.5213299906550136,1.4112900355918083,3.3191087487397555,2.756812637840624,2.0447956881448457,1.4633806145537342,"[1.2060434337365749, 1.5780671567158464]",1.986161301396325,1,1.986161301396325,57,1241.1097622143857,moving,2150,[2129],[],1.0,[2129],[79.54317569267009],139.78633675948177,0,0.0,[2129],1.0,0,0.0,[79.54317569267009],[79.54317569267009]
400376,36,,43.61377308827457,128.1716763409435,58,1.8571274973322909,0.4833361580985468,2.6422605577084357,3.842310297326532,2.720900136044995,2.4397318257545377,0.394936137609692,"[-2.1375198818093466, -0.4698600806945592]",2.188551973465684,1,2.188551973465684,58,1304.7455504726038,moving,2162,[],[],0.0,[],,,0,0.0,[],0.0,0,0.0,,
400748,36,,42.653716585815,129.33737691224377,59,1.848574186072089,0.4838392825176654,-0.3685010058573192,3.820636837201403,2.731462636573134,1.0982116346617503,-1.3415201910927874,"[-0.9600565024595724, 1.1657005713002775]",1.5101543993395845,1,1.5101543993395845,59,1344.7603308678426,moving,2195,[],[],0.0,[],,,0,0.0,[],0.0,0,0.0,,
306281,37,,62.812372431806175,128.54291142989055,3,2.661150076763969,0.506293022519835,0.3669253596786612,5.256146062450848,4.062337703116883,2.766648540454029,0.5529740808056602,"[-0.15157032389753056, 0.23316385928427508]",0.2780988104302849,1,0.2780988104302849,3,0.8140447383409277,moving,2013,[],[],0.0,[],,,0,0.0,[],0.0,0,0.0,,
299928,37,,61.886813330285946,127.9251995832716,10,2.695508830226979,0.5071081015482025,0.1497101534763106,5.3154521136569945,4.051775202588761,0.6656946305729219,0.6231484668677245,"[-0.09143458863253073, 0.021857986513623473]",0.0940109332622002,1,0.0940109332622002,10,2.664675445415104,moving,2039,[],[],0.0,[],,,0,0.0,[],0.0,0,0.0,,
295285,37,,61.177695528411846,128.05664443267287,13,2.656083571986925,0.5203471053739436,3.121815192658083,5.104445752759882,4.083462704173131,1.1046226966484245,0.9283906574850268,"[-0.03525498501834079, 0.06900852013146164]",0.0774925146022361,1,0.0774925146022361,13,3.5142114759798107,moving,2045,[],[],0.0,[],,156.75517262728437,0,0.0,[2022],1.0,0,0.0,[117.1363128877945],[62.8636871122055]
332795,37,,64.55030432530504,128.81938260337202,14,1.9169366495279487,0.5138427948507938,-0.0166035806057517,3.7305897226496607,3.012425150621235,1.8206938351270705,0.7160711384786458,"[3.3726087968931893, 0.7627381706991514]",3.4577824705904816,1,3.4577824705904816,14,3.803616553484229,moving,2064,[],[],0.0,[],,178.97725237187723,0,0.0,[2060],1.0,0,0.0,[172.70399933795477],[7.2960006620452305]
328327,37,,60.87964051273419,127.92007697135205,23,2.719832951389099,0.4990629020251974,-0.1081217604386951,5.449880045886031,4.032762701638138,3.079985542278556,2.505417576056609,"[0.1436174748999548, -0.05102354454521674]",0.1524118800966541,1,0.1524118800966541,23,7.828158288297347,moving,2073,[],[],0.0,[],,179.47789231612245,0,0.0,[],0.0,0,0.0,,
334318,37,,61.48291319371848,128.06206315479037,27,2.719039184681743,0.4987625945077273,0.0034802280123071,5.451569974619693,4.21655021082753,0.9887135873066052,0.6980993318666675,"[0.1997308392636441, 0.01013208022783374]",0.1999876676265386,1,0.1999876676265386,27,9.08432266347324,moving,2104,[],[],0.0,[],,11.48408165301989,0,0.0,[],0.0,0,0.0,,
348952,37,,62.0379395632465,128.0791177853149,29,2.64934029851888,0.508374779910451,0.2127498101005794,5.211392073748337,4.12360020618,0.6276741813979627,0.4253162505428752,"[0.15243969116332323, 0.07858862217531737]",0.1715051922752898,1,0.1715051922752898,29,9.60829988631101,moving,2096,[],[],0.0,[],,16.282550617112335,0,0.0,[],0.0,0,0.0,,
341761,37,,62.72815488125548,128.3039492860364,30,2.649870667584542,0.5355589558821938,0.2350074123842731,4.947859873278694,4.165850208292501,0.1610994169877176,-0.4665747644102451,"[0.6902153180089741, 0.2248315007214785]",0.725910730690008,1,0.725910730690008,30,9.884296498616893,moving,2109,[],[],0.0,[],,35.18176791500865,0,0.0,[],0.0,0,0.0,,
362528,37,,63.78511597372002,129.71806969176694,41,2.68705132916473,0.5108671939016163,0.4874604659148075,5.259784463048154,4.201762710088122,0.6475944887955312,0.5631307320248733,"[0.19691025289967, 0.1311953198199376]",0.2366133124734695,1,0.2366133124734695,41,10.579647512553075,moving,2134,[],[],0.0,[],,26.140735661472647,0,0.0,[],0.0,0,0.0,,
373000,37,,64.26505985904659,129.96349596751864,42,2.7230121699554903,0.5531455592480131,0.5316428264151327,4.9227768793034405,4.351750217587528,0.1150298381085526,-0.5325646506869786,"[0.47994388532656984, 0.24542627575169718]",0.539054904338799,1,0.539054904338799,42,10.184936033404268,moving,2133,[],[],0.0,[],,12.262659255532304,0,0.0,[],0.0,0,0.0,,
374718,37,,64.59013340909883,130.23000407430064,43,2.7180853262989446,0.5221431842167135,0.5903472958571906,5.205632111001211,4.301050215052527,0.2140237790591953,0.0989939409506427,"[0.32507355005223815, 0.2665081067819983]",0.4203562583381982,1,0.4203562583381982,43,9.908574511954548,moving,2142,[],[],0.0,[],,28.853649596885237,0,0.0,[],0.0,0,0.0,,
385193,37,,65.1540042820129,130.33443604498956,50,2.7246934952206585,0.5367330594189959,0.5592213072186991,5.07644060190757,4.379212718960652,2.9485882799757013,2.764357777255162,"[-0.2204593167113984, -0.13808727779033347]",0.2601353620952011,1,0.2601353620952011,50,6.513385451158586,moving,2157,[],[],0.0,[],,166.93585915021754,1,0.0,[],0.0,1,0.0,,
378628,37,,64.414443625269,130.01199466592766,51,2.78485222781216,0.5198014567773956,0.5585088584157025,5.357530633094723,4.3475252173762655,0.1484352313777409,-2.80015304859796,"[-0.7395606567439046, -0.3224413790618996]",0.8067951462018194,1,0.8067951462018194,51,5.713231876336881,moving,2153,[],[],0.0,[],,0.3072695914188174,0,0.0,[],0.0,0,0.0,,
392272,37,,63.55352884252851,129.64212588260676,55,2.71139652419814,0.525508781771837,0.7988533249756216,5.1595646319291415,4.366537718326898,0.190660371489846,-0.1521038345279448,"[-0.16494031196898362, -0.1266485345401236]",0.2079547013500453,1,0.2079547013500453,55,5.2944777388433,moving,2161,[],[],0.0,[],,162.52062257408554,1,0.0,[],0.0,0,0.0,,
400428,37,,64.38909390183038,130.3615575186998,58,2.6845849752348108,0.5124126571325358,0.6947412705318557,5.239107461274989,4.165850208292516,0.0410396608129661,0.0391961075959961,"[0.14673526965469819, 0.11819723652746461]",0.1884192826739514,1,0.1884192826739514,58,6.356269659326935,moving,2190,[],[],0.0,[],,,0,0.0,[],0.0,0,0.0,,
400758,37,,64.67864545719586,130.51755948989074,59,2.7456524917469145,0.5073250037672112,0.6062722128877882,5.41201886632572,4.195425209771255,0.1839125700958175,0.1428729092828513,"[0.2895515553654775, 0.15600197119093195]",0.3289022928318128,1,0.3289022928318128,59,7.023936340494747,moving,2206,[],[],0.0,[],,,0,0.0,[],0.0,0,0.0,,
285243,38,,55.8405456055272,24.630164399191106,4,2.685213083318501,0.5366128168050279,1.8674857560725855,5.004004748351254,4.396112719805638,3.029373055314932,0.6755973971780405,"[0.038947853824190304, -0.016240819077975033]",0.0421983355339285,1,0.0421983355339285,4,0.4294347626844067,moving,399,[],[],0.0,[],,,0,0.0,[],0.0,0,0.0,,
307135,38,,56.53898634668456,23.23273512570829,16,1.4433710205675545,0.5528615201529535,2.105890151300356,2.6107279453419627,2.266712613335627,0.0198457388131646,-0.2783027218541801,"[0.013170274342698463, -0.03233937437464007]",0.034918351352907,1,0.034918351352907,16,0.5508231511675091,moving,396,[426],[426],1.0,[426],[22.68878525904121],,0,0.0,[],0.0,0,0.0,,
311532,38,,56.12631827558744,24.20422900016773,18,2.652535460551956,0.5371882913612166,1.9960997472436224,4.937813245762529,4.448925222446261,2.781822414324991,-0.3388948265349407,"[0.012355907399111743, -0.012809182194061464]",0.0177972918202766,1,0.0177972918202766,18,0.5861787584604251,moving,396,[],[],0.0,[],,178.96380760644269,0,0.0,[],0.0,0,0.0,,
307417,38,,56.61041552568961,23.119520735744185,20,1.4815991878124235,0.564942553720831,-1.0707845152735969,2.622566096418651,2.4103626205181263,0.9756492957311136,0.6449042011771748,"[-0.012425283818593869, -0.020775297307906726]",0.0242074504275961,1,0.0242074504275961,20,0.6056917582708029,moving,397,[430],[430],1.0,[430],[21.11016209718003],179.2268154318929,0,0.0,[],0.0,0,0.0,,
312774,38,,56.1578846652701,24.17141403043397,21,2.702020066999627,0.5232308399649213,1.9782344080272565,5.164107045335434,4.400337720016881,2.196314383777479,1.2206650880463652,"[-0.4525308604195075, 1.051893294689787]",1.1451042236606042,1,1.1451042236606042,21,0.6279330841061671,moving,391,[],[],0.0,[],,177.46900051117845,0,0.0,[],0.0,0,0.0,,
308345,38,,56.581821832747714,23.052254573845435,22,1.5285761209568645,0.5103273616625489,2.1486733386361454,2.9952854496710817,2.2899501144975045,3.0974183791435563,0.9011039953660775,"[0.4239371674776109, -1.1191594565885374]",1.1967625542439446,1,1.1967625542439446,22,0.7148060744211759,moving,392,[420],[],1.0,[420],[20.155863406035614],179.41567585837402,0,0.0,[],0.0,0,0.0,,
312392,38,,56.18947624750349,24.120785194214243,23,2.688687128010038,0.5514359730383341,2.000962483240268,4.875792040181478,4.478500223925011,3.13139427341953,0.0339758942759735,"[-0.3923455852442217, 1.0685306203688079]",1.1382850016258583,1,1.1382850016258583,23,0.7322881218801012,moving,389,[],[],0.0,[],,176.02527691311127,0,0.0,[],0.0,0,0.0,,
373299,38,,56.665573431229504,23.05830124494932,50,1.4980243201942944,0.5201858611318052,-0.878112924350298,2.879786691885352,2.3174126158706256,0.4465549838480472,-1.020247085271539,"[-0.02739119729353945, -0.0198263799628009]",0.0338136515567744,1,0.0338136515567744,50,2.058798480293606,moving,393,[425],[425],1.0,[425],[3.4391197784349714],,0,0.0,[],0.0,0,0.0,,
367986,38,,57.505663202347854,24.98589523249065,51,2.4361528286293184,0.4925323257488553,-1.5235049032380783,4.946178557773535,3.734900186745008,2.608334617745765,2.161779633897717,"[0.8400897711183504, 1.9275939875413322]",2.1027052585522243,1,2.1027052585522243,51,2.317427997236152,moving,405,[],[],0.0,[],,,0,0.0,[],0.0,0,0.0,,
300115,40,,66.99966678403297,64.57476018135387,3,1.8309661570510152,0.5285408743103032,0.717452752773647,3.464190275615403,2.93848764692438,3.0454587655706296,0.2872550016727557,"[-0.21566761467236972, 0.20740125360174488]",0.2992119650248717,1,0.2992119650248717,3,1.7064053619980062,moving,983,[950],[],1.0,[950],[13.666032734759483],,0,0.0,[],0.0,0,0.0,,
286702,40,,66.77903369276682,64.74747614561723,10,1.8647180614401495,0.5091334622775178,0.991322058738334,3.662532910523433,2.902575145128762,0.8220839254738795,-0.5643981900253453,"[0.12184400137637397, -0.10732449183402082]",0.1623715098742283,1,0.1623715098742283,10,15.353495327449428,moving,996,[965],[],1.0,[965],[1.1597561410129487],,0,0.0,[],0.0,0,0.0,,
315259,40,,67.30642381676165,64.48127474348932,19,1.8854500411301471,0.5162340407245756,0.5611771331079929,3.652316376664677,2.930037646501874,2.834444495758487,2.745004903868711,"[-0.06593778133240846, -0.02398908177822534]",0.0701659964056871,1,0.0701659964056871,19,40.93929025987693,moving,1027,[989],[989],1.0,[989],[19.77586808905565],122.54756970679978,0,0.0,[],0.0,0,0.0,,
311191,40,,66.85003213721602,64.21061271639115,20,1.8890133417323396,0.5217056413428213,0.5372477414150612,3.6208413174720455,2.946937647346873,0.1863640159353642,-2.648080479823123,"[-0.4563916795456322, -0.2706620270981688]",0.5306140763976893,1,0.5306140763976893,20,43.12157218770507,moving,1027,[991],[],1.0,[991],[19.764293897961977],1.938554610284013,0,0.0,[],0.0,0,0.0,,
313377,40,,65.88360336277857,63.59235330549708,22,1.838846262199742,0.5122286422969158,0.5737418671793547,3.589893477947776,2.873000143650009,0.0887466104904538,0.0477006258843535,"[-0.08247349697042239, -0.043735529696299125]",0.0933524196812601,1,0.0933524196812601,22,47.07129279551598,moving,1013,[982],[],1.0,[982],[8.67581297746733],9.3684481130249,0,0.0,[],0.0,0,0.0,,
318961,40,,65.25671668516982,63.028358206521965,23,1.892979768379901,0.5060862844331175,0.5441027426716516,3.740428908284453,2.946937647346875,0.2450450519380647,0.1562984414476109,"[-0.626886677608752, -0.5639950989751128]",0.8432540413370615,1,0.8432540413370615,23,49.48667935882349,moving,1004,[971],[],1.0,[971],[10.190213377879132],6.6448031546382635,0,0.0,[],0.0,0,0.0,,
324476,40,,64.84827988312647,62.73882449269956,24,1.8411463945754492,0.5629176504287249,0.5463348101179164,3.270720669663156,2.9089126454456324,0.1159736931953436,-0.1290713587427211,"[-0.4084368020433544, -0.2895337138224079]",0.500649970241883,1,0.500649970241883,24,52.168361646912,moving,992,[959],[],1.0,[959],[10.324163401084775],14.38600904233975,0,0.0,[],0.0,0,0.0,,
326439,40,,63.542727170520855,62.23907702993802,25,1.849418233806249,0.532101134638685,0.4812896978397238,3.4756893256054933,2.934262646713132,0.251083224010509,0.1351095308151653,"[-1.3055527126056106, -0.49974746276153326]",1.3979325491340624,1,1.3979325491340624,25,55.148933714765874,moving,995,[956],[],1.0,[956],[23.498565675952108],18.861843839688397,0,0.0,[],0.0,0,0.0,,
322038,40,,62.866706552510855,61.67567802656661,26,1.9038056952670048,0.5130670900467594,0.4632023392903455,3.710636936571975,2.9406001470300045,0.3292012779995827,0.0781180539890737,"[-0.6760206180099999, -0.5633990033714156]",0.8800126777351146,1,0.8800126777351146,26,57.858336509624834,moving,986,[958],[],1.0,[958],[8.743245259222363],0.0350453336919669,0,0.0,[],0.0,0,0.0,,
333231,40,,61.86383227760815,60.84091647252271,27,1.856282203249651,0.5370967593734576,0.5215867869950559,3.456141134448605,2.976512648825631,0.0006116564603849,-0.3285896215391978,"[-1.0028742749027089, -0.8347615540439008]",1.30483089454972,1,1.30483089454972,27,60.415511263336334,moving,970,[939],[],1.0,[939],[7.283159199563812],50.39076363981808,0,0.0,[],0.0,0,0.0,,
341347,40,,61.286110835601,60.94922001011423,28,1.8526007676650704,0.5439859095702947,0.542886151989916,3.405604327377665,2.921587646079381,0.8794847381090674,0.8788730816486824,"[-0.5777214420071459, 0.10830353759152445]",0.5877854377318774,1,0.5877854377318774,28,62.26538129536147,moving,971,[931],[],1.0,[931],[27.937662832161195],32.21332557105453,0,0.0,[],0.0,0,0.0,,
338009,40,,60.96246090280148,60.82110725530096,29,1.899925243528469,0.5119889785859009,0.4422234629292665,3.710871372223693,2.9469376473468816,0.5622285942317842,-0.3172561438772832,"[-0.32364993279951904, -0.128112754813273]",0.3480835488025525,1,0.3480835488025525,29,63.86447090947384,moving,971,[931],[],1.0,[931],[24.290962408350936],37.60991038152118,0,0.0,[],0.0,0,0.0,,
335459,40,,59.99388514764269,61.09910530105911,30,1.9006144437358283,0.502536645993299,0.593241430628429,3.78204148670418,2.911025145551263,0.6564167675375349,0.0941881733057506,"[-0.9685757551587884, 0.2779980457581459]",1.0076814511177454,1,1.0076814511177454,30,65.39458148989786,moving,985,[934],[934],1.0,[934],[35.20933881020365],73.61490744011905,0,0.0,[],0.0,0,0.0,,
346854,40,,59.717986514348986,60.66435006630083,37,1.9838927341697716,0.5010053065499209,0.6145140400557519,3.959823794744763,2.961725148086263,0.6210776684858634,-1.1608568161887416,"[0.005656205562488026, -0.0579838340695531]",0.0582590565901181,1,0.0582590565901181,37,65.85952963022162,moving,989,[],[],0.0,[],,165.59911844481755,1,0.0,[],0.0,1,0.0,,
355360,40,,59.99193923654892,60.92160545297266,38,1.915429967973297,0.5005568866930071,0.6780583202487834,3.8265979729653288,2.974400148720009,2.227531759244962,1.6064540907590985,"[0.2739527221999367, 0.25725538667183656]",0.3758063703191204,1,0.3758063703191204,38,63.8262034871528,moving,990,[],[],0.0,[],,,0,0.0,[],0.0,0,0.0,,
353106,40,,59.78177931237355,61.457704612623054,39,1.9546440440626267,0.4947102455349155,0.9235033592174366,3.951088665950567,2.930037646501879,1.1904260711686834,-1.0371056880762786,"[-0.21015992417537177, 0.5360991596503908]",0.5758207209776782,1,0.5758207209776782,39,63.66191288834507,moving,1002,[],[],0.0,[],,,0,0.0,[],0.0,0,0.0,,
301778,41,,64.87896590769827,129.92605086722085,1,2.4159744692668257,0.5122036336721116,0.0752233452766821,4.716824150477264,3.844750192237504,,,"[-0.2735079741463693, -0.173003439602752]",0.3236306568235371,1,0.3236306568235371,1,0.7903155985005395,moving,2022,[],[],0.0,[],,,0,0.0,[],0.0,0,0.0,,
305015,41,,63.73192430682512,129.50585830188973,2,2.4207807321915222,0.5155482594705889,0.315327986764882,4.695546319324977,3.726450186322499,0.2128540470521261,,"[-1.147041600873159, -0.4201925653311207]",1.2215834912494552,1,1.2215834912494552,2,1.9817074001205848,moving,2019,[],[],0.0,[],,,0,0.0,[],0.0,0,0.0,,
303605,41,,61.79332869122594,129.144751467721,4,2.3451672764902853,0.5263783999602029,0.0531278127661324,4.455287824628809,3.698987684949389,0.4812942222783257,0.2778636031953607,"[-0.12551190436533233, -0.09132223937527328]",0.1552191661552369,1,0.1552191661552369,4,6.1511998964484365,moving,2041,[],[],0.0,[],,5.415069226759351,0,0.0,[],0.0,0,0.0,,
305667,41,,60.83688423696577,128.8710958143575,5,2.335312196104278,0.5244917760812308,0.0849982528566152,4.45252395290674,3.7074376853718847,0.3503365951410815,-0.1309576271372441,"[-0.9564444542601649, -0.2736556533635053]",0.9948233062724412,1,0.9948233062724412,5,8.89591382530872,moving,2026,[],[],0.0,[],,1.8196722349664445,0,0.0,[],0.0,0,0.0,,
332767,41,,58.42655378515023,128.2635562839448,14,2.2999752090185166,0.5543132823595384,0.9227668772039592,4.149233442915604,3.7412376870618695,1.0636194040340703,-0.030920996046525,"[-0.12154719220168886, -0.2561710218147937]",0.2835441982297465,1,0.2835441982297465,14,50.36662127390127,moving,2039,[2019],[2019],1.0,[2019],[53.12399536425018],47.84195277146568,0,0.0,[2019],1.0,0,0.0,[53.12399536425018],[53.12399536425018]
329133,41,,58.06093924298881,127.57625248992876,15,2.3282471632440207,0.5213351758278173,1.0316285742770988,4.465931460594512,3.775037688751884,0.0458621284247747,-1.0177572756092954,"[-0.3656145421614241, -0.6873037940160458]",0.7784988752135477,1,0.7784988752135477,15,57.07692890366386,moving,2015,[],[],0.0,[],,12.875275490282084,0,0.0,[],0.0,0,0.0,,
321183,41,,57.65487637265457,127.10725304024622,16,2.389770907935736,0.5507205352990224,1.1045684240027112,4.339353183258678,3.842637692131883,0.2247159494067495,0.1788538209819748,"[-0.4060628703342388, -0.46899944968254204]",0.6203608131294305,1,0.6203608131294305,16,64.04128604589927,moving,2017,[],[],0.0,[],,9.742086459844424,0,0.0,[],0.0,0,0.0,,
323945,41,,56.73617425791317,126.35338278847028,17,2.3796284749331797,0.5486613097139743,0.78299453012323,4.33715378285689,3.878550193927505,0.1700314847382337,-0.0546844646685158,"[-0.9187021147414001, -0.7538702517759504]",1.188416565074324,1,1.188416565074324,17,71.21669086654721,moving,2011,[],[],0.0,[],,0.446993468642363,0,0.0,[],0.0,0,0.0,,
327511,41,,56.302208844317775,126.0029080198218,21,2.379599699317855,0.4990886196821636,0.8286532481056059,4.767890121063597,3.730675186533753,1.4454378198583924,-0.659977210914994,"[0.31788716820336305, 0.015718810215304302]",0.318275560957699,1,0.318275560957699,21,99.94365532362706,moving,2007,[],[],0.0,[],,10.551287409029731,0,0.0,[],0.0,0,0.0,,
325432,41,,56.08068245582598,125.74375407781784,22,2.394590080644809,0.5023703753580349,0.8279029503270264,4.766582979615799,3.7687001884350058,2.3274815344555466,0.8820437145971542,"[-0.22152638849179596, -0.25915394200396236]",0.3409321141435802,1,0.3409321141435802,22,107.55990072114244,moving,2022,[],[],0.0,[],,1.4892652866650755,0,0.0,[],0.0,0,0.0,,
327916,41,,55.32902135293818,124.90933920071674,23,2.3697630303255157,0.5137760652667346,0.7207273534787231,4.612443417532923,3.7201126860056215,0.0259925826879627,-2.301488951767584,"[-0.7516611028877946, -0.8344148771010822]",1.123050577989304,1,1.123050577989304,23,115.48264419611913,moving,2008,[1987],[],1.0,[1987],[18.448567976341053],12.279654516275649,0,0.0,[1987],1.0,0,0.0,[18.448567976341053],[18.448567976341053]
330832,41,,54.52295714169123,124.32997281342966,24,2.4034924300185123,0.549423921806492,0.4510336330135442,4.374568224324652,3.89333769466688,0.2143204023164022,0.1883278196284394,"[-0.8060642112469552, -0.5793663872870809]",0.992675638550307,1,0.992675638550307,24,123.23338706523856,moving,2012,[],[],0.0,[],,150.30031885035237,1,0.0,[],0.0,1,0.0,,
331781,41,,54.67792191065211,124.66855037088308,25,2.447187544171465,0.5328931679803979,0.6978207649358935,4.592266689111471,3.859537692976883,2.623235430735958,2.408915028419556,"[0.1549647689608804, 0.3385775574534051]",0.3723558003176704,1,0.3723558003176704,25,130.61432165067615,moving,2023,[],[],0.0,[],,10.819473970853563,0,0.0,[],0.0,0,0.0,,
330432,41,,55.11722780183451,125.28642283337652,26,2.3311524550601885,0.5387377804969339,1.0095273138509482,4.327063256840692,3.770812688540635,0.1888354441251812,-2.434399986610777,"[0.43930589118239993, 0.617872462493466]",0.7581266687930863,1,0.7581266687930863,26,138.55467905627825,moving,2027,[],[],0.0,[],,170.7875633516444,1,0.0,[2079],1.0,1,1.0,[29.955197568597598],[29.955197568597598]
351680,41,,54.47619536342606,124.63694787674967,28,2.362025519786799,0.5036500150322613,0.8864055761661028,4.6898152472714605,3.709550185477513,0.0547171394262715,-2.9088136123814885,"[-0.19464806267760082, -0.21257095128498804]",0.2882260877060714,1,0.2882260877060714,28,154.95222476380366,moving,2022,[2012],[2012],1.0,[2012],[44.584820458855134],13.399526454586557,0,0.0,[2012],1.0,0,0.0,[44.584820458855134],[44.584820458855134]
347678,41,,53.84045477739031,123.5882751485452,29,2.435687028388068,0.5040787800593957,1.1995697531628526,4.831957076433708,3.734900186745005,0.1964232655511509,0.1417061261248793,"[-0.6357405860357517, -1.0486727282044654]",1.2263280897104485,1,1.2263280897104485,29,163.04224911339864,moving,2000,[],[],0.0,[],,25.117663216836533,0,0.0,[],0.0,0,0.0,,
354158,41,,53.76166986256001,122.8520373305588,31,2.4576135660915117,0.5115707356402907,1.4736624885983336,4.804054248755102,3.802500190124999,0.3993144323665409,0.0669568251455602,"[0.03740787822285796, -0.19805004639557922]",0.2015519045566854,1,0.2015519045566854,31,178.1758084018608,moving,1995,[],[],0.0,[],,23.078524945702423,0,0.0,[],0.0,0,0.0,,
355182,41,,53.46823735332659,122.32671129699924,32,2.3778357240305694,0.5144385237143656,1.377805220430148,4.622196072840819,3.726450186322508,0.6960823628528068,0.2967679304862659,"[-0.2934325092334191, -0.5253260335595513]",0.6017225930696233,1,0.6017225930696233,32,185.58670313383104,moving,1981,[],[],0.0,[],,30.1153403133068,0,0.0,[],0.0,0,0.0,,
356305,41,,53.48738342938042,121.14576987261007,33,2.457435294981104,0.5203071131192392,1.3678561176911788,4.723047663616951,3.971500198575008,0.5256118438257957,-0.170470519027011,"[0.01914607605382912, -1.1809414243891752]",1.1810966175832496,1,1.1810966175832496,33,192.9631066150075,moving,1962,[],[],0.0,[],,9.355011945069531,0,0.0,[],0.0,0,0.0,,
352759,41,,53.33766899163225,120.1351017053717,34,2.414930243078535,0.5324221894628475,1.491897167297356,4.535743045410863,3.9060126953006313,0.1632757600048622,-0.3623360838209334,"[-0.14971443774817317, -1.0106681672383786]",1.0216969008170842,1,1.0216969008170842,34,199.90295467038067,moving,1958,[],[],0.0,[],,1.6205731613060046,0,0.0,[],0.0,0,0.0,,
357397,41,,53.229737743794495,119.52590063309272,35,2.503669298827905,0.5148174781390069,1.6375320364282318,4.863217363711735,3.887000194350015,0.0282843374342429,-0.1349914225706193,"[-0.10793124783775454, -0.6092010722789638]",0.6186882096223056,1,0.6186882096223056,35,206.928109935764,moving,1959,[],[],0.0,[],,11.46546675050078,0,0.0,[],0.0,0,0.0,,
357313,41,,53.253620572543134,118.56157071474018,36,2.509580162862381,0.5305977068279563,1.6903876530485744,4.729722971976773,3.897562694878139,0.2001101450741766,0.1718258076399337,"[0.023882828748639895, -0.9643299183525471]",0.9646256169824992,1,0.9646256169824992,36,214.10520855978103,moving,1941,[],[],0.0,[],,6.338030889245901,0,0.0,[],0.0,0,0.0,,
359810,41,,53.30823887543805,118.16059613625904,38,2.4413684387079666,0.5296229945267182,1.6657361978863112,4.609634521041939,3.914462695723132,0.4024810990586473,0.241318424765665,"[-0.011215098707076265, -0.050976035773416584]",0.0521951593750044,1,0.0521951593750044,38,226.5365428190069,moving,1945,[],[],0.0,[],,8.534705287297594,0,0.0,[],0.0,0,0.0,,
359672,41,,53.75272473047135,116.63973034751164,39,2.440840576182425,0.5215382977951502,2.052115820758391,4.680079270307276,3.829962691498137,0.5008966398268251,0.0984155407681777,"[0.4444858550332995, -1.5208657887473862]",1.584487432170698,1,1.584487432170698,39,232.24061676937885,moving,1924,[],[],0.0,[],,21.61036133113304,0,0.0,[],0.0,0,0.0,,
362867,41,,54.4170561861848,115.78641458960055,40,2.4187273904201985,0.5475888888971772,-0.8989165601587785,4.417049796776231,3.859537692976888,0.3771719577739337,-0.1237246820528913,"[0.6643314557134516, -0.8533157579110906]",1.0814268656500692,1,1.0814268656500692,40,236.67298360483628,moving,1912,[],[],0.0,[],,1.8841963237638644,0,0.0,[],0.0,0,0.0,,
362016,41,,55.010544853515846,114.97007533800124,41,2.436080343281927,0.5212802452453249,2.244504380246916,4.673264267161052,3.789825189491266,0.0328854296036457,-0.3442865281702879,"[0.5934886673310444, -0.8163392515993024]",1.0092762614626822,1,1.0092762614626822,41,240.7680056331814,moving,1890,[],[],0.0,[],,8.67725947514745,0,0.0,[],0.0,0,0.0,,
371527,41,,55.85776450609717,114.11378356426778,42,2.449797245438788,0.5296988517852933,2.5020417217766946,4.624886833682966,3.84052519202625,0.1514467478911826,0.1185613182875368,"[0.8472196525813231, -0.8562917737334743]",1.204581562819072,1,1.204581562819072,42,244.0447332115376,moving,1879,[],[],0.0,[],,14.295143337792885,0,0.0,[],0.0,0,0.0,,
372915,41,,56.67456408716379,113.62280710941587,43,2.4103310351688525,0.5067013202066365,2.6548643922212856,4.756906956914779,3.8764376938218894,0.2494973182890267,0.0980505703978441,"[0.8167995810666184, -0.49097645485190355]",0.9530054747217072,1,0.9530054747217072,43,246.5165979290866,moving,1881,[],[],0.0,[],,52.68701741431796,0,0.0,[],0.0,0,0.0,,
389520,41,,58.85253974777163,114.48851773534004,44,2.156399609114131,0.4821850661863596,2.81155540320337,4.472141010440802,3.2194501609725044,0.9195619269354376,0.6700646086464109,"[2.177975660607842, 0.8657106259241658]",2.343722011254359,1,2.343722011254359,44,247.55604744413185,moving,1917,[1924],[1924],1.0,[1924],[149.22855590912766],126.27769935836643,0,0.0,[1924],1.0,0,0.0,[149.22855590912766],[30.771444090872336]
370879,41,,58.45527923915429,112.96348391154572,45,2.399011647469945,0.5226717987330942,3.0342110539880665,4.589900685831753,3.8722126936106296,2.203961625647024,1.284399698711586,"[-0.3972605086173431, -1.525033823794331]",1.575926418150184,1,1.575926418150184,45,251.7129451202828,moving,1900,[1884],[1884],1.0,[1884],[139.9787149279763],137.2080227721888,0,0.0,[1884],1.0,0,0.0,[139.9787149279763],[40.02128507202369]
380462,41,,60.66822427092537,114.37912164652816,46,2.139496729600488,0.4738274859612952,-0.1415887695113964,4.515349558626604,3.08847515442376,2.3947317575260545,0.1907701318790309,"[2.212945031771085, 1.4156377349824538]",2.6270051218729247,1,2.6270051218729247,46,251.22922788466775,moving,1918,[],[],0.0,[],,168.08985848209943,0,0.0,[],0.0,0,0.0,,
377842,41,,59.68830898574712,113.4155731565369,48,2.425152120075816,0.514214402729912,0.0293269303923806,4.716227525329764,3.815175190758756,2.1202679646468776,-0.8330286310785908,"[0.030451017993307516, -0.008228671237205276]",0.0315432326681769,1,0.0315432326681769,48,257.0593207898896,moving,1895,[1914],[1914],1.0,[1914],[162.39689733661467],,0,0.0,[1885],1.0,0,0.0,[30.68558736979],[30.68558736979]
376806,41,,60.68816438571241,113.3648640205874,51,2.440774891260621,0.5519367284259361,0.4160331048240475,4.422200526899972,3.8933376946668736,0.6331119405229684,-0.2797573923166938,"[0.011687882396678617, -0.070229897396473]",0.0711958220911713,1,0.0711958220911713,51,267.5883332561686,moving,1876,[],[],0.0,[],,,0,0.0,[],0.0,0,0.0,,
287765,42,,98.7009353815541,52.253923738205685,0,2.065827280423759,0.5366415965982163,2.869935914404394,3.8495474326237225,3.3588751679437663,,,"[0.0, 0.0]",0.0,0,0.0,0,0.0,moving,807,[],[],0.0,[],,,0,0.0,[],0.0,0,0.0,,
295601,42,,98.00692581567344,52.57386144296958,2,2.0061412584586686,0.5405177471475442,-0.4388867227896763,3.711517834605079,3.284937664246879,0.1050211617330341,,"[-0.06287968562487833, 0.021965804734229266]",0.0666059414910248,1,0.0666059414910248,2,0.7652537477989143,moving,808,[],[],0.0,[],,,0,0.0,[],0.0,0,0.0,,
289547,42,,97.4499766962369,52.83539492878549,4,2.0551876073350392,0.5261767531464719,2.75742182695746,3.9058882686193774,3.282825164141258,0.0755895276606927,0.0058124860462059,"[-0.23944707240083574, 0.12509885593303238]",0.2701566660978119,1,0.2701566660978119,4,2.619737136086832,moving,828,[],[],0.0,[],,4.200205026724569,0,0.0,[],0.0,0,0.0,,
300514,42,,96.95478452421678,53.02502258413297,5,2.052536263705383,0.5218862301218804,2.8203962854363054,3.9329189873931663,3.3124001656200117,0.1157336523410729,0.0401441246803802,"[-0.49519217202012555, 0.18962765534747916]",0.5302583661787826,1,0.5302583661787826,5,3.873150474964613,moving,824,[],[],0.0,[],,7.590583995965379,0,0.0,[],0.0,0,0.0,,
318652,42,,96.47773852304006,53.28451522099366,15,2.016656206050165,0.5304775907197596,2.4710121766092987,3.801586044971168,3.2955001647750106,0.0141388568574266,-3.122021584258844,"[0.1243065247631705, -0.1001548011318647]",0.1596342578786273,1,0.1596342578786273,15,31.52554216016231,moving,838,[],[],0.0,[],,57.69509167867126,0,0.0,[],0.0,0,0.0,,
309769,42,,96.45121467847308,53.68804619341787,16,2.034137972424889,0.5237729859964596,2.220820751812145,3.883625209412077,3.289162664458138,2.314643248639139,2.300504391781712,"[-0.02652384456698087, 0.4035309724242069]",0.4044017310005477,1,0.4044017310005477,16,36.226007301724856,moving,852,[],[],0.0,[],,37.79746825372579,0,0.0,[],0.0,0,0.0,,
311214,42,,95.72480310600366,54.50743007298256,17,2.065128743971564,0.5154499822186711,2.129251000484364,4.006458075878771,3.259587662979386,0.6596902699455465,-1.6549529786935924,"[-0.7264115724694165, 0.8193838795646897]",1.0950176778061496,1,1.0950176778061496,17,41.37090932102642,moving,850,[],[],0.0,[],,18.235836828753193,0,0.0,[],0.0,0,0.0,,
316207,42,,95.03638518337188,54.90819680090533,18,2.096654455802357,0.5124012993035272,2.222897003276346,4.0918211149194965,3.280712664035633,0.3182753945181752,-0.3414148754273712,"[-0.6884179226317713, 0.4007667279227718]",0.7965759263312998,1,0.7965759263312998,18,46.86784103085945,moving,873,[],[],0.0,[],,18.478718082960896,0,0.0,[],0.0,0,0.0,,
313944,42,,94.11855089664915,55.952387051450216,19,2.091141744089324,0.5182212040411074,2.1416672679521382,4.035229990171236,3.263812663190629,0.3225144720954662,0.0042390775772909,"[-0.9178342867227371, 1.0441902505448866]",1.390234892820932,1,1.390234892820932,19,52.69820754073848,moving,888,[],[],0.0,[],,17.183173293958934,0,0.0,[],0.0,0,0.0,,
309963,42,,93.4438403945287,56.36587662392999,20,2.0360953242873063,0.5180118925146106,-1.2251898317596397,3.930595713552808,3.278600163930013,0.2999029499203356,-0.0226115221751305,"[-0.6747105021204476, 0.4134895724797758]",0.7913329818863449,1,0.7913329818863449,20,58.57584680449918,moving,891,[],[],0.0,[],,42.07451953505021,0,0.0,[],0.0,0,0.0,,
317063,42,,93.34088984977645,56.71513579152387,21,2.0797546326176617,0.5125644004257208,1.9729328670856865,4.05754795083365,3.249025162451253,0.7343388970812998,0.4344359471609642,"[-0.10295054475226095, 0.3492591675938783]",0.3641164385373943,1,0.3641164385373943,21,64.64884735591565,moving,890,[],[],0.0,[],,13.554959209335792,0,0.0,[],0.0,0,0.0,,
311963,42,,93.15396760209325,57.03917135848607,22,2.066221188664054,0.5145075601509971,2.040893387245179,4.01591997609843,3.234237661711868,0.2365786681764368,-0.4977602289048629,"[-0.18692224768319932, 0.3240355669622019]",0.3740841821508294,1,0.3740841821508294,22,71.02144201190828,moving,901,[],[],0.0,[],,4.190330909886835,0,0.0,[],0.0,0,0.0,,
318053,42,,92.93225528984476,57.49804081176355,23,2.070977366238042,0.5332750439629181,-1.0574770560309223,3.883507000155158,3.2638126631906315,0.073135071125615,-0.1634435970508218,"[-0.22171231224848498, 0.4588694532774795]",0.5096248861209023,1,0.5096248861209023,23,77.76379352783948,moving,904,[],[],0.0,[],,1.9682568959590323,0,0.0,[],0.0,0,0.0,,
322940,42,,92.67612707759822,58.07820662106979,24,2.0718185344943123,0.5286402843417107,1.9677649214362865,3.91914614883019,3.3102876655143767,0.0343525633595685,-0.0387825077660464,"[-0.25612821224653715, 0.5801658093062372]",0.6341876909847497,1,0.6341876909847497,24,84.72428687013284,moving,910,[],[],0.0,[],,18.640124116943095,0,0.0,[],0.0,0,0.0,,
325518,42,,92.3456888981804,58.439318084799474,25,2.081830208312298,0.5077226777949766,1.7420602387222892,4.100329371446673,3.287050164352511,0.325331538821036,0.2909789754614674,"[-0.3304381794178113, 0.36111146372968506]",0.4894802137512336,1,0.4894802137512336,25,91.83908609395353,moving,926,[],[],0.0,[],,27.291314139970577,0,0.0,[],0.0,0,0.0,,
321496,42,,92.21741536736512,58.91245376289724,26,2.045972034400141,0.5362598394569523,1.887925569536156,3.815262460213337,3.320850166042503,0.4763232889385215,0.1509917501174854,"[-0.12827353081529225, 0.47313567809776913]",0.4902157367903008,1,0.4902157367903008,26,99.24116517522168,moving,935,[],[],0.0,[],,16.28827063244266,0,0.0,[],0.0,0,0.0,,
341166,42,,92.23597214716924,59.8622845653401,28,2.0934763267623824,0.5157443856255229,2.351370984861324,4.059135465378455,3.327187666359385,0.6554800164691741,0.5531616034533895,"[0.13349532231470107, 0.24845080323200364]",0.2820439730016114,1,0.2820439730016114,28,113.98618010645455,moving,949,[],[],0.0,[],,47.92348752055301,0,0.0,[],0.0,0,0.0,,
335424,42,,91.56310482836292,60.49405520291212,30,2.0856893777803003,0.5127460797832736,2.3189740472749314,4.067684688417072,3.272262663613132,0.2681741184320139,-0.9783304519369924,"[-0.1883393653399139, 0.11525598351843769]",0.2208068347525591,1,0.2208068347525591,30,129.84263881980633,moving,965,[],[],0.0,[],,42.60649831470234,0,0.0,[],0.0,0,0.0,,
344182,42,,91.5372302013606,60.8465902962396,32,2.0984556371438026,0.51969067516271,2.0364751881394354,4.037893572915845,3.299725164986252,1.7665655515734062,0.1857278833556912,"[-0.19911262432110277, 0.07572926563273086]",0.2130276011161683,1,0.2130276011161683,32,146.8574228666058,moving,966,[],[],0.0,[],,9.72219012938125,0,0.0,[],0.0,0,0.0,,
346279,42,,91.60510344620847,61.548342900309976,33,2.114176894772131,0.5125651030425818,2.203271304283805,4.124699247417345,3.289162664458129,1.3037773549913063,-0.4627881965820999,"[0.06787324484787405, 0.7017526040703785]",0.7050273006669578,1,0.7050273006669578,33,155.99258226414278,moving,974,[],[],0.0,[],,52.07371994077312,0,0.0,[],0.0,0,0.0,,
348631,42,,90.96254522399384,62.1570584363938,35,2.126542425237321,0.5258544657561922,-0.9940656450070507,4.043975213140577,3.3609876680493693,0.2037809121030865,-0.7161206420817018,"[-0.028052288851924345, 0.03931878822220369]",0.0483000829926233,1,0.0483000829926233,35,173.88872069526118,moving,997,[],[],0.0,[],,32.28725155585119,0,0.0,[],0.0,0,0.0,,
349741,42,,90.84489896533704,62.61988448560692,36,2.0748923890641686,0.5138265863741607,2.1255339410624923,4.038118003402151,3.322962666148123,0.3707816214231069,0.1670007093200203,"[-0.11764625865677658, 0.4628260492131204]",0.4775443372150516,1,0.4775443372150516,36,183.1131252447565,moving,1001,[],[],0.0,[],,26.54804282280269,0,0.0,[],0.0,0,0.0,,
355787,42,,90.25811503214064,63.29943874436048,38,2.0749695933830807,0.551621559054695,-1.0939288735198271,3.7615817571360384,3.3842251692112537,0.0862696601291365,-0.403498269228174,"[-0.16710151419624708, 0.21871177052302926]",0.275241266186589,1,0.275241266186589,38,201.0483441711972,moving,1023,[],[],0.0,[],,14.986941966340508,0,0.0,[],0.0,0,0.0,,
353528,42,,89.97775400214057,63.87879647692733,39,2.071128612743648,0.5286388008077197,-1.0613445355937183,3.91785205622274,3.314512665725632,0.2017189941276955,0.1154493339985589,"[-0.28036103000007984, 0.579357732566848]",0.6436285337271065,1,0.6436285337271065,39,210.07988934570045,moving,1036,[],[],0.0,[],,18.722163279806335,0,0.0,[],0.0,0,0.0,,
361047,42,,89.64290271600771,64.21900527558083,40,2.0819453872926146,0.5103155151303904,2.182437556504349,4.079721908436701,3.2617001630850004,0.3267633923285812,0.1250443982008857,"[-0.3348512861328601, 0.3402087986534994]",0.4773545961924823,1,0.4773545961924823,40,218.90372581198653,moving,1043,[],[],0.0,[],,7.874842679540705,0,0.0,[],0.0,0,0.0,,
373105,42,,88.8332938875303,65.3063488549041,46,2.1003669151858,0.5241321639558891,-1.0168447362395372,4.007323075411504,3.2955001647750057,0.0151245174707907,-2.8088809274057844,"[-0.0991109194168871, 0.13879534093065615]",0.1705494679315,1,0.1705494679315,46,248.53432143823707,moving,1063,[],[],0.0,[],,6.989906413636499,0,0.0,[],0.0,0,0.0,,
376359,42,,88.5211101912992,65.85409730215267,47,2.155264969804791,0.5102138095500633,1.9066906507349068,4.224238798446932,3.371550168577507,0.1020898147740547,0.0869652973032639,"[-0.3121836962311022, 0.5477484472485656]",0.6304657180654059,1,0.6304657180654059,47,252.82265402156605,moving,1066,[],[],0.0,[],,33.938086759795496,0,0.0,[],0.0,0,0.0,,
395410,42,,88.03503469563235,66.09519033162373,56,2.1227976048718853,0.5213092455503883,2.459469110701671,4.072050559223588,3.358875167943765,2.218430539927445,0.7814663592949127,"[-0.16917054355415928, 0.22946757109789928]",0.2850860203376854,1,0.2850860203376854,56,299.48042030410613,moving,1070,[1107],[],1.0,[1107],[133.9190758133393],,0,0.0,[1119],1.0,1,1.0,[2.3527061757898338],[2.3527061757898338]
395663,42,,87.37462512479202,65.7405540304985,57,2.1337814391054613,0.5193073573600834,-0.689926936583323,4.10889891865313,3.333525166676253,1.42832114260262,-0.7901093973248257,"[-0.6604095708403293, -0.3546363011252254]",0.74960503422355,1,0.74960503422355,57,309.039425970256,moving,1077,[1122],[1122],1.0,[1122],[127.1731705194371],,0,0.0,[1122],1.0,0,0.0,[127.1731705194371],[52.82682948056291]
283698,43,,77.41086360193815,24.376495609412288,0,1.3231348045550306,0.521939544353819,0.6982857650279065,2.535034600976866,2.112500105625003,,,"[0.0, 0.0]",0.0,0,0.0,0,0.0,moving,403,[382],[382],1.0,[382],[0.39405004232713736],,0,0.0,[],0.0,0,0.0,,
281230,43,,76.45895494474127,23.51842524549485,1,1.3138010196908356,0.5285714659816932,0.6996277535588881,2.485569320793299,2.1589751079487502,,,"[-0.9519086571968813, -0.8580703639174381]",1.2815673377079233,1,1.2815673377079233,1,1.0341631505232471,moving,391,[363],[363],1.0,[363],[3.3433761443271237],,0,0.0,[],0.0,0,0.0,,
291221,43,,76.270395587802,22.91821605272778,2,1.3402226871839378,0.5304110545013203,0.7340500172713657,2.526762358759628,2.1061626053081306,0.5328038660327556,,"[-0.1885593569392654, -0.6002091927670712]",0.6291309133808706,1,0.6291309133808706,2,3.0223900731780327,moving,381,[355],[],1.0,[355],[2.11371767429236],16.981665829616542,0,0.0,[],0.0,0,0.0,,
289933,43,,76.26422587020583,22.14768255571444,3,1.2951244194438365,0.5455776189004613,0.7788541748204503,2.3738591441012304,2.0892626044631344,0.296385981200223,-0.2364178848325326,"[-0.006169717596165469, -0.7705334970133393]",0.7705581973055781,1,0.7705581973055781,3,5.944723469426314,moving,372,[397],[],1.0,[397],[1.2223418239165937],133.9873111026948,1,1.0,[328],1.0,1,1.0,[61.561455809322084],[61.561455809322084]
285183,43,,76.95898244793204,22.80764017722326,4,1.3466882237632256,0.5094104774513687,0.901648511163654,2.643620976350625,2.042787602139376,2.3385197346359785,2.042133753435756,"[0.6947565777262099, 0.6599576215088199]",0.9582435830629986,1,0.9582435830629986,4,9.143464309693313,moving,392,[419],[],1.0,[419],[8.629012056075538],43.26258935180475,0,0.0,[],0.0,0,0.0,,
295780,43,,77.3332851664658,22.80937765774302,5,1.3399051185373303,0.5172609319929298,0.7458711044193647,2.590385307807559,2.1082751054137563,0.7550746271272323,-1.583445107508746,"[0.3743027185337553, 0.001737480519761192]",0.3743067511284243,1,0.3743067511284243,5,12.780022147381326,moving,380,[411],[],1.0,[411],[12.312964768960143],72.6176572520685,0,0.0,[],0.0,0,0.0,,
282699,43,,77.5110442415468,23.38660523977865,7,1.2918179793927298,0.5355136378934144,3.1038611818182376,2.4122970695469865,2.0723626036181275,0.1922723402526954,-1.0442201668005429,"[0.013384646444990267, 0.09680736023575776]",0.0977282648790674,1,0.0977282648790674,7,20.29708370735688,moving,395,[396],[396],1.0,[396],[115.10406105918062],44.605113234820145,0,0.0,[],0.0,0,0.0,,
283434,43,,79.15539954832897,24.271203731780027,8,1.3240309298834216,0.5118439126938805,3.0745803734989128,2.586786512542325,2.02800010140001,0.9398537223451108,0.7475813820924152,"[1.644355306782174, 0.884598492001377]",1.8671954549521077,1,1.8671954549521077,8,24.28312220941196,moving,405,[368],[],1.0,[368],[118.45813047582757],25.76420773748653,0,0.0,[368],1.0,0,0.0,[118.45813047582757],[61.54186952417243]
282956,43,,81.37885045966928,24.368837551478546,9,1.3317667215479962,0.5585100329024855,0.1004473636969865,2.384499190868644,2.146300107315005,0.4496702541869388,-0.4901834681581719,"[2.223450911340308, 0.09763381969851892]",2.225593475432781,1,2.225593475432781,9,28.39764700874282,moving,409,[],[],0.0,[],,63.453280938081974,0,0.0,[],0.0,0,0.0,,
280828,43,,81.73627012320586,25.17039422859447,10,2.731798667580247,0.5216680990645427,0.1581879937259902,5.236660383256939,4.235562711778137,1.1074686735624866,0.6577984193755477,"[0.35741966353657517, 0.8015566771159257]",0.8776342760579278,1,0.8776342760579278,10,31.951304118097816,moving,413,[],[],0.0,[],,33.96944780337136,0,0.0,[],0.0,0,0.0,,
283245,43,,83.47620299324697,26.257545973658317,11,1.3230781836264636,0.5234413782062801,0.2914100667530881,2.527653026133251,2.0977126048856256,0.5928787092531865,-0.5145899643093,"[1.739932870041116, 1.0871517450638422]",2.051649411825732,1,2.051649411825732,11,35.13369879321004,moving,433,[418],[418],1.0,[418],[0.608293317089732],91.0320330218577,0,0.0,[431],1.0,0,0.0,[130.02384696666456],[49.976153033335436]
283297,43,,82.80911301248162,27.283591529777983,12,1.3278183404953254,0.5057081243484669,0.548117218568613,2.6256614765800546,2.085037604251877,1.5888087010156198,0.9959299917624332,"[-0.6670899807653541, 1.0260455561196693]",1.2238376222646703,1,1.2238376222646703,12,37.587827789173225,moving,442,[421],[421],1.0,[421],[2.632434868986479],62.14500454196087,0,0.0,[462],1.0,1,1.0,[5.088260197537636],[5.088260197537636]
279914,43,,82.36534398352418,27.24339930651184,13,1.294052150906183,0.5580652946585059,0.4399212491213438,2.3188185384257696,2.049125102456258,1.0846349429240572,-0.5041737580915626,"[-0.4437690289574334, -0.04019222326614624]",0.4455854192777173,1,0.4455854192777173,13,40.04067907594504,moving,449,[433],[],1.0,[433],[3.832269746194811],15.67164156848518,0,0.0,[],0.0,0,0.0,,
327534,43,,81.32921338708556,26.848841286910883,14,1.3118467753513967,0.5404318159107666,0.1583328397978798,2.427404783970014,2.127287606364379,0.2735217445624641,-0.8111131983615931,"[-1.0361305964386247, -0.3945580196009537]",1.1087121554793593,1,1.1087121554793593,14,44.40705441784876,moving,450,[446],[],1.0,[446],[4.812321185821133],56.81595548806411,0,0.0,[431],1.0,0,0.0,[25.691469075108074],[25.691469075108074]
315035,43,,80.9567948033418,27.11911294306063,15,1.356005312467624,0.5216640412103601,0.5020692253960113,2.5993842882507927,2.13573760678688,0.9916254909332576,0.7181037463707935,"[-0.3724185837437659, 0.2702716561497489]",0.4601547235828841,1,0.4601547235828841,15,50.97378627890383,moving,446,[429],[429],1.0,[429],[1.1306909512379661],35.57552777325417,0,0.0,[429],1.0,0,0.0,[1.1306909512379661],[1.1306909512379661]
307280,43,,80.26339957250863,27.12387660777958,16,1.3384904452086972,0.507844839563221,0.6798977786626907,2.635628721480924,2.082925104146254,0.620910092777972,-0.3707153981552855,"[-0.6933952308331612, 0.004763664718947069]",0.6934115939640233,1,0.6934115939640233,16,60.39174291276512,moving,452,[],[],0.0,[],,158.8462062595935,1,0.0,[],0.0,1,0.0,,
308442,43,,81.36964714466549,27.543220983012095,17,1.315778869696426,0.5024110480098402,0.7415515536829791,2.618929012227166,2.008987600449379,2.7723893035319302,2.1514792107539584,"[1.1062475721568603, 0.41934437523251944]",1.1830610279871872,1,1.1830610279871872,17,72.681202075193,moving,450,[],[],0.0,[],,9.917140175196472,0,0.0,[],0.0,0,0.0,,
312542,43,,81.97085941281883,27.89987282245567,18,1.3088654722255846,0.512306069466433,0.7646342566816382,2.5548506063743663,2.0512376025618795,0.1730867484389792,-2.599302555092951,"[0.6012122681533327, 0.3566518394435718]",0.6990398600627565,1,0.6990398600627565,18,86.79223625899401,moving,460,[484],[484],1.0,[484],[111.84654041684216],42.594010804407645,0,0.0,[484],1.0,0,0.0,[111.84654041684216],[68.15345958315784]
310251,43,,83.07344802278297,27.66718537636461,19,1.2935564606445804,0.5332480541819394,0.7969978016783595,2.4258062462675776,2.0322251016112487,0.7434057301669443,0.570318981727965,"[1.102588609964144, -0.23268744609105596]",1.1268740348375417,1,1.1268740348375417,19,100.61750309831696,moving,455,[],[],0.0,[],,34.941001234145936,0,0.0,[],0.0,0,0.0,,
307606,43,,84.65604357326626,28.339749785365264,20,1.3156335055360562,0.5171411678605536,0.4251890823271838,2.544051000578656,2.0977126048856247,0.6098355154792433,-0.133570214687701,"[1.5825955504832905, 0.6725644090006497]",1.7195788905031086,1,1.7195788905031086,20,114.97560637891937,moving,468,[],[],0.0,[],,13.980426868047532,0,0.0,[],0.0,0,0.0,,
313361,43,,85.04938740080638,28.63620655710848,21,1.3316169091618244,0.5011338916508824,0.1475977176705059,2.6572078467394946,2.013212600660625,0.2440044796817101,-0.3658310357975332,"[0.39334382754012154, 0.29645677174321605]",0.4925504889616111,1,0.4925504889616111,21,125.52176279850651,moving,472,[481],[481],1.0,[481],[18.533734551783596],34.712297668567295,0,0.0,[481],1.0,0,0.0,[18.533734551783596],[18.533734551783596]
308636,43,,85.45351831073282,28.652384682551965,22,1.3551832317191257,0.4964272545818338,3.0623406073007984,2.729872744115683,2.0026501001325,0.6058438852488507,0.3618394055671405,"[0.40413090992643674, 0.01617812544348496]",0.404454600790787,1,0.404454600790787,22,131.98080564846828,moving,472,[478],[478],1.0,[478],[140.29856506989995],13.420843347423103,0,0.0,[478],1.0,0,0.0,[140.29856506989995],[39.70143493010005]
312980,43,,85.95022201845613,28.554679505033917,23,1.2429969383815738,0.5498546456446742,0.0235794928679222,2.260591864099335,1.945612597280631,0.2342379048069175,-0.3716059804419331,"[0.49670370772331296, -0.0977051775180513]",0.5062221597084824,1,0.5062221597084824,23,139.3842554145689,moving,470,[479],[479],1.0,[479],[22.436086181281127],52.720510995064174,0,0.0,[461],1.0,0,0.0,[23.231809734020402],[23.231809734020402]
318064,43,,86.3400884869035,28.900723062194285,24,1.3073247437429374,0.5121664269180242,0.0381839476207401,2.5525389307725628,1.998425099921255,0.9201465001977536,0.685908595390836,"[0.38986646844736583, 0.34604355716037105]",0.521288793925041,1,0.521288793925041,24,146.2819456213033,moving,467,[457],[457],1.0,[457],[141.9567119833884],70.53719126747012,0,0.0,[457],1.0,0,0.0,[141.9567119833884],[38.0432880166116]
320709,43,,86.69403233976044,28.70497198199101,25,1.312136954444913,0.4964643833492084,0.3674872919684624,2.642962916278262,1.9604000980200051,1.231106232726343,0.3109597325285893,"[0.3539438528569434, -0.19575108020326937]",0.4044684615343505,1,0.4044684615343505,25,152.01710009211453,moving,470,[],[],0.0,[],,,0,0.0,[],0.0,0,0.0,,
313872,43,,87.40618383308544,28.83390334256733,26,1.295544043244338,0.4833604578384842,0.3600508332173763,2.6802855348114685,1.8801250940062515,0.6842919211802825,-0.5468143115460604,"[0.7121514933249955, 0.12893136057631693]",0.7237285714859414,1,0.7237285714859414,26,151.09556359042162,moving,468,[],[],0.0,[],,,0,0.0,[],0.0,0,0.0,,
294073,45,,11.929729051610757,80.20136558573346,4,1.83092132909766,0.519790965909457,2.7483939756442504,3.522418528175402,2.875112643755622,0.5097680286617112,-0.0117993688336149,"[0.031324903280292915, -0.03389825482780395]",0.0461556198733203,1,0.0461556198733203,4,0.7953040631659174,moving,1263,[],[],0.0,[],,,0,0.0,[],0.0,0,0.0,,
291424,45,,10.849804130447746,82.15506778754873,7,2.1351285314655755,0.5029902124266474,2.3322037439309087,4.244870931314489,3.3208501660425056,2.6826885776013425,0.0132086810754192,"[0.038829266034696275, 0.08199963831427226]",0.0907284552081908,1,0.0907284552081908,7,0.9826539578951294,moving,1285,[1272],[1272],1.0,[1272],[37.02430732293039],,0,0.0,[1334],1.0,0,0.0,[12.279780479648025],[12.279780479648025]
292334,45,,12.078387830651591,80.1325109296072,8,1.817613420942114,0.498482868233366,2.725723566191144,3.646290648631065,2.7610376380518824,2.1534718411138485,-0.529216736487494,"[1.2285837002038473, -2.022556857941538]",2.3664644835731057,1,2.3664644835731057,8,0.9380665889966636,moving,1263,[1213],[1213],1.0,[1213],[50.22667075261384],178.5348618571341,0,0.0,[],0.0,0,0.0,,
293431,45,,10.703840463062964,82.27019388457835,9,2.187474103103341,0.5122672434068481,2.290251724728112,4.270181494634482,3.386337669316884,3.1160211690002235,0.962549327886375,"[-1.3745473675886277, 2.1376829549711545]",2.5414698270329774,1,2.5414698270329774,9,1.1597180398286595,moving,1282,[1275],[1275],1.0,[1275],[38.16159664147645],179.925575178696,0,0.0,[1331],1.0,0,0.0,[11.551144697741321],[11.551144697741321]
292781,45,,12.13532471245226,80.03759365554765,12,1.8418739629886651,0.5083951370644212,-0.3052910019234642,3.6229181373056143,2.9194751459737502,2.2621657461334057,1.3505329038242126,"[0.008184933672799488, 0.003157932908663952]",0.0087730085765232,1,0.0087730085765232,12,1.229316724605739,moving,1251,[],[],0.0,[],,164.95461375194353,0,0.0,[],0.0,0,0.0,,
286575,45,,10.136331221946188,81.85575312597399,13,2.1767729570417145,0.5099848078495226,2.646757338999218,4.268309415373798,3.424362671218125,2.0353080440655256,-0.2268577020678801,"[-1.9989934905060736, 1.8181594704263375]",2.7021618817137205,1,2.7021618817137205,13,1.2864254575029883,moving,1285,[1277],[1277],1.0,[1277],[16.489220934519977],166.64338091359858,0,0.0,[],0.0,0,0.0,,
362017,45,,13.262367781996865,80.12787544717766,40,1.842750281355965,0.5529621244912348,2.9037226005790613,3.3325072364611388,3.0546751527337523,0.6821608250904985,0.2227409488758409,"[0.09976064541925744, -0.028890641252544924]",0.1038597878220924,1,0.1038597878220924,40,5.292112943065309,moving,1316,[1290],[],1.0,[1290],[94.14663916040584],123.7429268669572,0,0.0,[],0.0,0,0.0,,
361242,45,,13.1708235887287,81.21534845975334,41,2.108147095269494,0.4909517916041169,2.8279944003726687,4.294000208007013,3.145512657275628,1.936667007651508,1.254506182561009,"[-0.0915441932681631, 1.0874730125756855]",1.0913193356674096,1,1.0913193356674096,41,5.555347622296572,moving,1328,[1324],[],1.0,[1324],[92.29487502547366],155.84582586652502,0,0.0,[],0.0,0,0.0,,
380708,45,,13.782957676021525,80.10948337944657,50,1.8824262412501145,0.5148064049326346,-0.1344167345344043,3.6565711366711535,2.987075149353755,0.518644305209757,-0.1929287162368855,"[0.09289571202324787, 0.02525136121251137]",0.0962665287386582,1,0.0962665287386582,50,7.638211601423768,moving,1331,[1291],[1291],1.0,[1291],[59.48746275928073],,0,0.0,[],0.0,0,0.0,,
373877,45,,12.64771560709826,81.45705045062522,51,2.14620572476654,0.5138548348849102,2.834310322342832,4.176677106185509,3.352537667626883,2.005472110030974,1.4868278048212162,"[-1.1352420689232652, 1.347567071178645]",1.7620191731017476,1,1.7620191731017476,51,6.887529972490233,moving,1349,[],[],0.0,[],,,0,0.0,[],0.0,0,0.0,,
283902,46,,80.38227893753495,26.70393948212931,0,2.740211199091151,0.5267890847953859,0.6248709991590272,5.201723570554802,4.419350220967504,,,"[0.0, 0.0]",0.0,0,0.0,0,0.0,moving,427,[403],[403],1.0,[403],[3.49948390339145],,0,0.0,[],0.0,0,0.0,,
281370,46,,79.31520240481471,25.99448377222293,1,2.7318164783394465,0.5178261688454582,0.7301753623056968,5.2755473606718,4.339075216953751,,,"[-1.067076532720236, -0.7094557099063827]",1.2813975694533724,1,1.2813975694533724,1,2.2115309172502045,moving,411,[391],[391],1.0,[391],[8.545281895300832],,0,0.0,[],0.0,0,0.0,,
291508,46,,79.3635263822161,25.07469322664188,2,2.816053415238323,0.5301364646913679,0.5474813064561741,5.3119406092500325,4.358087717904386,1.0365358156639777,,"[0.04832397740138106, -0.9197905455810549]",0.9210590939414168,1,0.9210590939414168,2,6.103021483652633,moving,411,[381],[381],1.0,[381],[4.607500627993886],23.738565875218768,0,0.0,[],0.0,0,0.0,,
290528,46,,79.13735501461157,24.477129972394003,3,2.767978899981233,0.5187728084930884,0.6515245617985885,5.335628341858459,4.360200218010007,0.4143161342241391,-0.6222196814398384,"[-0.22617136760452183, -0.5975632542478735]",0.6389329623297021,1,0.6389329623297021,3,12.104312226294647,moving,397,[442],[442],1.0,[442],[113.98383525067865],170.01959298037747,1,1.0,[],0.0,0,0.0,,
285389,46,,79.63456650699408,25.31414579414427,4,2.691183047556732,0.5217760057701736,0.7029066557611318,5.157736304076267,4.256687712834386,2.967401690408227,2.553085556184088,"[0.4972114923825046, 0.837015821750267]",0.9735577815504902,1,0.9735577815504902,4,19.607434138945905,moving,419,[],[],0.0,[],,52.91517385720829,0,0.0,[],0.0,0,0.0,,
296056,46,,80.04069308801287,25.359508527427565,5,2.723405174067354,0.5106081609512899,0.7853667821915578,5.333649914630246,4.2820377141018815,0.9235440080735124,-2.043857682334715,"[0.4061265810187962, 0.04536273328329443]",0.4086521471630219,1,0.4086521471630219,5,28.6201251945822,moving,411,[],[],0.0,[],,6.450911770163064,0,0.0,[],0.0,0,0.0,,
291426,46,,80.52426608236823,25.35885344782345,6,2.7008132719823017,0.5058296060002017,0.6539995817925717,5.339373654576527,4.229225211461256,0.112589650145009,-0.8109543579285033,"[0.48357299435535595, -0.0006550796041189244]",0.4835734380619895,1,0.4835734380619895,6,38.67412388771782,moving,407,[386],[],1.0,[386],[9.462322208025626],93.39097363366838,0,0.0,[434],1.0,0,0.0,[14.644089065245424],[14.644089065245424]
282716,46,,80.50025653832819,24.962737295716483,7,2.7144617650393155,0.5067397924915815,0.9407969702326529,5.356717205279297,4.239787711989379,1.629979981550719,1.51739033140571,"[-0.024009544040040964, -0.3961161521069627]",0.3968431228647374,1,0.3968431228647374,7,50.25315014903404,moving,396,[],[],0.0,[],,4.903242725949483,0,0.0,[],0.0,0,0.0,,
283096,46,,80.25737936186022,23.312362506135763,8,2.675541545610985,0.5278109195287138,0.7826929168773782,5.069128823632514,4.334850216742508,0.0855777295922779,-1.544402251958441,"[-0.2428771764679709, -1.6503747895807201]",1.668150553437147,1,1.668150553437147,8,62.17416991262614,moving,368,[],[],0.0,[],,40.96619672757307,0,0.0,[],0.0,0,0.0,,
282621,46,,79.2112273755671,22.41373724959744,9,2.7910804601585677,0.5283913568071851,0.2676694155706452,5.282222020102154,4.364425218221265,0.7149950149158766,0.6294172853235986,"[-1.0461519862931112, -0.8986252565383239]",1.379116140908223,1,1.379116140908223,9,76.41281805580917,moving,373,[377],[377],1.0,[377],[96.42736669501775],80.43526057600567,0,0.0,[377],1.0,0,0.0,[96.42736669501775],[83.57263330498225]
280651,46,,78.79670203508583,22.758779487184,10,2.825277943960935,0.5113854623980395,0.0756141778103475,5.524752171703046,4.322175216108768,1.4038601317508843,0.688865116835008,"[-0.4145253404812763, 0.34504223758655783]",0.5393379308187555,1,0.5393379308187555,10,91.78532887988206,moving,387,[],[],0.0,[],,44.08953370547857,0,0.0,[],0.0,0,0.0,,
282746,46,,78.74098681700744,23.276937811360096,11,2.742251352718975,0.5179016426731792,0.5564483757509653,5.294926925824538,4.229225211461252,0.7695075288296225,-0.634352602921262,"[-0.055715218078390194, 0.518158324176099]",0.5211451184060979,1,0.5211451184060979,11,108.40331352121194,moving,381,[418],[418],1.0,[418],[21.68271257454387],67.97876349920726,0,0.0,[418],1.0,0,0.0,[21.68271257454387],[21.68271257454387]
282843,46,,80.15980841729589,24.03637787723532,12,2.805234882329384,0.5280899584989465,0.3745709015228007,5.312039809094344,4.446812722340629,1.1864532444957094,0.4169457156660869,"[1.418821600288453, 0.7594400658752214]",1.609286782118603,1,1.609286782118603,12,126.35475097931236,moving,391,[],[],0.0,[],,24.6395625640944,0,0.0,[],0.0,0,0.0,,
279654,46,,81.56443712335319,24.12275250263946,13,2.740431953185386,0.5029179232357764,0.1930792289346992,5.449064005421467,4.263025213151255,0.4300414929945788,-0.7564117515011306,"[1.404628706057295, 0.08637462540414376]",1.4072819112721862,1,1.4072819112721862,13,144.2741734327725,moving,404,[392],[392],1.0,[392],[49.9122619850304],31.804405900738622,0,0.0,[392],1.0,0,0.0,[49.9122619850304],[49.9122619850304]
327320,46,,82.73164935511578,24.94989630245517,14,2.779947382227074,0.5001276258149426,0.33685217211812,5.558475954407108,4.269362713468134,0.5550915996085972,0.1250501066140183,"[1.1672122317625906, 0.8271437998157047]",1.4305772469705262,1,1.4305772469705262,14,162.45575797655405,moving,415,[],[],0.0,[],,6.261121189420764,0,0.0,[],0.0,0,0.0,,
314852,46,,84.16849578740174,25.74839147623384,15,2.7998392268942216,0.5090266684902912,0.1725333850397794,5.500378271335353,4.347525217376262,0.1092771796217758,-0.4458144199868213,"[1.4368464322859609, 0.7984951737786723]",1.6438133143762788,1,1.6438133143762788,15,180.57652524325505,moving,426,[],[],0.0,[],,10.23409894984328,0,0.0,[],0.0,0,0.0,,
307275,46,,86.102431386338,26.40781300768336,16,2.7887432540087547,0.5193779218012212,0.082881097389855,5.369391221593119,4.328512716425622,0.1786187226496567,0.0693415430278808,"[1.9339355989362588, 0.6594215314495244]",2.0432678867373664,1,2.0432678867373664,16,198.70365442770088,moving,450,[],[],0.0,[],,45.10788645277236,0,0.0,[],0.0,0,0.0,,
308376,46,,88.10019871261866,25.421328913420595,17,2.7879017243964466,0.5095457196346417,2.7896241109324715,5.471347549333648,4.317950215897507,0.7872811372166281,0.6086624145669713,"[1.9977673262806661, -0.9864840942627673]",2.2280541192233265,1,2.2280541192233265,17,217.8385168272095,moving,429,[],[],0.0,[],,4.5947091762584416,0,0.0,[],0.0,0,0.0,,
311689,46,,90.09817625408488,24.62683720898796,18,2.7487708870197376,0.5264999684975195,2.6526685971485464,5.220837704632623,4.32006271600313,0.080192803297309,-0.707088333919319,"[1.9979775414662129, -0.7944917044326338]",2.1501468146653715,1,2.1501468146653715,18,237.34684133906444,moving,414,[],[],0.0,[],,6.072857629190091,0,0.0,[],0.0,0,0.0,,
310007,46,,91.14361000216094,24.076621536873457,19,2.800331391130797,0.500651273520595,2.799581575440534,5.59337714541058,4.157400207870005,0.1059913606342239,0.0257985573369149,"[1.0454337480760643, -0.5502156721145042]",1.1813843605942915,1,1.1813843605942915,19,256.36696625745054,moving,408,[399],[],1.0,[399],[125.1806993612421],59.24537987677673,0,0.0,[399],1.0,0,0.0,[125.1806993612421],[54.819300638757895]
307515,46,,93.64112888423853,25.60634653962985,20,2.105290308563751,0.505335716927547,2.859403671906572,4.166122120486487,3.194100159705008,1.03402694544455,0.928035584810326,"[2.4975188820775713, 1.529725002756397]",2.9287640994781503,1,2.9287640994781503,20,274.89208497651845,moving,438,[],[],0.0,[],,96.76162316853838,0,0.0,[],0.0,0,0.0,,
312981,46,,94.0536508876081,24.710520411510505,21,2.7961389856511927,0.5121694043468167,0.0606034039134853,5.459402615463107,4.233450211672507,1.6888089138650146,0.6547819684204648,"[0.4125220033695882, -0.8958261281193494]",0.9862448251247574,1,0.9862448251247574,21,292.3083067510764,moving,422,[],[],0.0,[],,68.97058404929771,0,0.0,[],0.0,0,0.0,,
308458,46,,95.59842184534244,24.81031722130809,22,2.720925920225263,0.5216708642626845,3.092082150109002,5.215790466026785,4.292600214630014,1.203763778683717,-0.4850451351812976,"[1.544770957734329, 0.09979680979758498]",1.5479911870244,1,1.5479911870244,22,308.4498645405991,moving,424,[],[],0.0,[],,18.429846751033455,0,0.0,[],0.0,0,0.0,,
312613,46,,96.36878691027796,24.607734160840177,23,2.7241368018773646,0.5166509010897256,2.932089614114412,5.272683733119571,4.311612715580639,0.3216615064435092,-0.8821022722402078,"[0.7703650649355325, -0.2025830604679122]",0.7965564824051543,1,0.7965564824051543,23,322.32812436972443,moving,419,[421],[421],1.0,[421],[42.64621141748182],17.664367830462396,0,0.0,[421],1.0,0,0.0,[42.64621141748182],[42.64621141748182]
317445,46,,97.12063524178753,24.13063585249564,24,2.726338213977135,0.5219197557951639,2.630196301825337,5.223673148420025,4.3369627168481255,0.3083013789249443,-0.0133601275185648,"[0.7518483315095636, -0.4770983083445408]",0.8904486000993753,1,0.8904486000993753,24,334.442827256589,moving,402,[399],[399],1.0,[399],[47.35916613258163],3.553412754723631,0,0.0,[399],1.0,0,0.0,[47.35916613258163],[47.35916613258163]
320077,46,,98.3448109065626,23.45640202714502,25,2.789967475666114,0.5046742061258234,-0.4939082774958016,5.528254548778208,4.301050215052513,0.0620187522522926,-0.2462826266726517,"[1.2241756647750748, -0.6742338253506155]",1.3975683559219636,1,1.3975683559219636,25,345.3300499645953,moving,396,[393],[393],1.0,[393],[71.07535558394875],17.583144943216563,0,0.0,[393],1.0,0,0.0,[71.07535558394875],[71.07535558394875]
313038,46,,99.67571544129956,22.05746557502503,26,2.7068998178135004,0.5123887632334442,2.5147861599395727,5.282902382034162,4.3285127164256325,0.3068837721145223,0.2448650198622296,"[1.330904534736959, -1.3989364521199903]",1.9308884166759783,1,1.9308884166759783,26,353.7088561864893,moving,363,[],[],0.0,[],,133.8889743078566,0,0.0,[],0.0,0,0.0,,
332358,46,,99.75983876319556,23.954849289025457,27,2.075515106615,0.508180508920555,1.9580752713363303,4.084208406622439,3.1180501559025053,2.336803433790201,2.0299196616756787,"[0.08412332189598715, 1.8973837140004228]",1.8992476645874423,1,1.8992476645874423,27,359.25288721330463,moving,391,[361],[361],1.0,[361],[40.033350784681986],173.33515335636602,0,0.0,[361],1.0,1,1.0,[40.033350784681986],[40.033350784681986]
337060,46,,99.94052127321216,21.450268158126796,28,2.7588677004013995,0.5209369622181644,2.2486771742059424,5.295972258628112,4.275700213785003,3.025269135517884,0.6884657017276834,"[0.1806825100166236, -2.5045811308986607]",2.5110899646726166,1,2.5110899646726166,28,363.8447015385887,moving,346,[335],[335],1.0,[335],[65.75968154651952],10.844611013949184,0,0.0,[335],1.0,0,0.0,[65.75968154651952],[65.75968154651952]
335659,46,,99.87583501122778,20.90114180016992,29,2.721810730735702,0.5296124339696818,-1.1350584477196162,5.139250055619945,4.298937714946886,0.1892741682914905,-2.835994967226393,"[-0.06468626198439154, -0.5491263579568724]",0.5529232039736554,1,0.5529232039736554,29,366.68537873236056,moving,335,[],[],0.0,[],,81.68084948164207,0,0.0,[],0.0,0,0.0,,
334666,46,,98.9039915848304,20.87398293391023,30,2.790650309825005,0.5022358950313274,-1.3197741208496858,5.556453326879266,4.203875210193747,1.4255997592805312,1.2363255909890407,"[-0.9718434263973705, -0.027158866259689773]",0.9722228393986088,1,0.9722228393986088,30,368.6400522268504,moving,338,[],[],0.0,[],,55.8679772806147,0,0.0,[],0.0,0,0.0,,
339313,46,,98.69037043262432,21.17090962018125,31,2.772756233512203,0.4931996417727441,1.7599051973937945,5.621975359807399,4.229225211461257,0.9750801499761208,-0.4505196093044105,"[-0.21362115220607336, 0.29692668627102137]",0.3657860764022325,1,0.3657860764022325,31,369.4425501052378,moving,343,[],[],0.0,[],,159.3431587323531,1,0.0,[396],1.0,1,1.0,[40.020541397265106],[40.020541397265106]
337766,46,,99.18230426350802,19.34467260122617,32,2.788024844564497,0.5138242978235528,1.655233086835311,5.426027644807691,4.263025213151259,2.7810627604075133,1.8059826104313927,"[0.49193383088368137, -1.82623701895508]",1.8913330070005736,1,1.8913330070005736,32,368.8908379899687,moving,314,[],[],0.0,[],,58.64701778969023,0,0.0,[],0.0,0,0.0,,
339867,46,,98.72145944652944,18.860248512194115,33,2.809249377115436,0.5010132231893163,1.4115006058009183,5.607136193397261,4.222887711144377,1.023583556905771,-1.7574792035017424,"[-0.4608448169785788, -0.484424089032057]",0.6686139718631059,1,0.6686139718631059,33,364.2927608185026,moving,300,[294],[294],1.0,[294],[79.39996432569637],27.536354449711716,0,0.0,[276],1.0,0,0.0,[62.08775039262615],[62.08775039262615]
337931,46,,98.48517987098906,18.038124637151867,34,2.8447414931923154,0.4976065219385872,1.2110622541129914,5.716849293111562,4.326400216320015,0.4806000491436576,-0.5429835077621132,"[-0.23627957554037948, -0.8221238750422479]",0.8554038249458694,1,0.8554038249458694,34,358.8526841589703,moving,289,[284],[284],1.0,[284],[42.09897925858051],13.025265732369824,0,0.0,[284],1.0,0,0.0,[42.09897925858051],[42.09897925858051]
341985,46,,97.91663175266112,17.014964687882554,35,2.784672000760602,0.5355062420003585,1.1315830440968409,5.200073841079032,4.334850216742508,0.2273337729770439,-0.2532662761666137,"[-0.5685481183279393, -1.0231599492693135]",1.1705140941667576,1,1.1705140941667576,35,352.4577126886108,moving,280,[],[],0.0,[],,5.058428768304245,0,0.0,[],0.0,0,0.0,,
342025,46,,97.58741729304552,16.52905355103794,36,2.769366746712453,0.522499773137848,1.0901738940979508,5.300225739967599,4.465825223291257,0.0882862369845104,-0.1390475359925335,"[-0.32921445961559925, -0.4859111368446136]",0.5869342325419569,1,0.5869342325419569,36,345.1064682844826,moving,275,[],[],0.0,[],,2.672168392635134,0,0.0,[],0.0,0,0.0,,
339667,46,,96.8586839283142,15.337360950948614,37,2.7295692609182987,0.5069078420922659,1.013482439382487,5.38474459115089,4.317950215897511,0.0466381366192076,-0.0416481003653027,"[-0.7287333647313119, -1.1916926000893255]",1.3968477261248902,1,1.3968477261248902,37,336.44032094534623,moving,263,[246],[246],1.0,[246],[49.85100713523467],10.14620673002209,0,0.0,[246],1.0,0,0.0,[49.85100713523467],[49.85100713523467]
347500,46,,95.93227808691128,14.29364830390247,38,2.7250113679423023,0.5244895132232009,0.7553052618912424,5.195549766469116,4.269362713468134,0.1770847140268928,0.1304465774076851,"[-0.926405841402925, -1.043712647046144]",1.395551458237757,1,1.395551458237757,38,326.68516241854144,moving,250,[224],[224],1.0,[224],[23.799932105447482],1.6194355609733972,0,0.0,[239],1.0,0,0.0,[18.76825384446468],[18.76825384446468]
345911,46,,94.70241452101402,12.826551739103948,39,2.777626060493191,0.5037098669845633,0.8764404024648784,5.514337205902528,4.368650218432503,0.0282644825628671,-0.1488202314640256,"[-1.2298635658972614, -1.4670965647985224]",1.9144024449329229,1,1.9144024449329229,39,318.0052457785528,moving,225,[],[],0.0,[],,9.533657410817078,0,0.0,[],0.0,0,0.0,,
349820,46,,93.99121887123276,12.21927668495835,40,2.8095863244880563,0.5159613712906613,0.8501210692893485,5.445342385729311,4.364425218221256,0.1663937115759069,0.1381292290130397,"[-0.7111956497812457, -0.6072750541455978]",0.9351910198752482,1,0.9351910198752482,40,306.7523837791035,moving,205,[],[],0.0,[],,8.239007987768487,0,0.0,[],0.0,0,0.0,,
359365,46,,93.5923112570045,11.96754276203348,41,2.714521232186345,0.5166268914920747,0.8149967887918104,5.254316561699898,4.311612715580626,0.1437978164846999,-0.022595895091207,"[-0.39890761422827836, -0.2517339229248705]",0.4716961443985329,1,0.4716961443985329,41,299.4843284176104,moving,200,[163],[163],1.0,[163],[77.14976071480046],13.44029355328549,0,0.0,[163],1.0,0,0.0,[77.14976071480046],[77.14976071480046]
363284,46,,93.12351463777044,11.487239516205523,42,2.759995517374524,0.5125085339836045,0.9912988099818468,5.385267433347399,4.347525217376248,0.234577374939415,0.0907795584547151,"[-0.46879661923405536, -0.4803032458279546]",0.6711642706209475,1,0.6711642706209475,42,290.48045212341884,moving,190,[161],[],1.0,[161],[68.71894896489928],96.3194993506553,0,0.0,[161],1.0,0,0.0,[68.71894896489928],[68.71894896489928]
363827,46,,93.38214400122024,11.285278615465362,43,2.7622068912650124,0.4990911024903738,1.0409989792641756,5.534474322387441,4.225000211250017,1.6810923975414995,1.4465150226020844,"[0.25862936344981335, -0.20196090074016304]",0.3281422756461496,1,0.3281422756461496,43,280.5504348823782,moving,180,[],[],0.0,[],,96.81789508001714,0,0.0,[],0.0,0,0.0,,
383707,46,,94.08475749020236,12.44689498040769,44,2.8158555027865395,0.5081760084514126,0.7340487135932757,5.541102798944447,4.38555021927751,1.6897910439967043,0.0086986464552047,"[0.7026134889821094, 1.1616163649423275]",1.3575780987484436,1,1.3575780987484436,44,268.0744779071389,moving,215,[],[],0.0,[],,161.57943181390033,0,0.0,[],0.0,1,0.0,,
363997,46,,93.18376851664316,11.679783265615468,45,2.751501522092485,0.5319411691351641,0.8424479574230728,5.17256734718598,4.404562720228132,2.820093088654233,1.1303020446575285,"[-0.900988973559194, -0.7671117147922217]",1.1833180102773355,1,1.1833180102773355,45,258.25228702603334,moving,204,[],[],0.0,[],,11.98048903566535,0,0.0,[],0.0,0,0.0,,
367121,46,,91.7488991113057,10.902950567849208,46,2.791755849117592,0.5086608760287018,0.7195366387605726,5.488442262188184,4.292600214629999,0.2090989796714519,-2.610994108982781,"[-1.4348694053374658, -0.7768326977662596]",1.6316615000337225,1,1.6316615000337225,46,250.2686481049824,moving,195,[],[],0.0,[],,5.798333700523392,0,0.0,[],0.0,0,0.0,,
370341,46,,90.62470426594696,10.13810854989495,47,2.795532883975501,0.5099510299137995,0.612646767884456,5.4819634043058,4.294712714735638,0.1012000142034833,-0.1078989654679686,"[-1.124194845358744, -0.7648420179542583]",1.3597048807588772,1,1.3597048807588772,47,244.8212683722144,moving,191,[],[],0.0,[],,9.031594459773222,0,0.0,[],0.0,0,0.0,,
366594,46,,88.62555404540997,9.197478703193966,48,2.8653983659646403,0.4971133157456003,0.5020615801365749,5.764074860209576,4.252462712623132,0.1576310600279213,0.0564310458244379,"[-1.9991502205369898, -0.9406298467009844]",2.209385913048649,1,2.209385913048649,48,239.9430615618568,moving,169,[],[],0.0,[],,7.317136329175506,0,0.0,[],0.0,0,0.0,,
373902,46,,87.92525980362758,8.971552399624144,49,2.7967160133344904,0.5001438448007329,0.187693901748159,5.591823317247375,4.305275215263758,0.1277081207614042,-0.029922939266517,"[-0.7002942417823874, -0.22592630356982113]",0.7358360685086671,1,0.7358360685086671,49,237.22048945617232,moving,176,[145],[],1.0,[145],[96.01102343819817],1.3556224153302792,0,0.0,[145],1.0,0,0.0,[96.01102343819817],[83.98897656180183]
371317,46,,87.29673679276569,8.78507798649009,50,2.822060410729991,0.510747493696489,0.0197347549853375,5.5253534193689,4.301050215052511,0.0236600745613514,-0.1040480462000527,"[-0.6285230108618975, -0.18647441313405366]",0.655601923377742,1,0.655601923377742,50,234.41881648605167,moving,174,[],[],0.0,[],,57.29804472178672,0,0.0,[],0.0,0,0.0,,
366928,46,,86.74114335748934,9.264198745405448,51,2.856580683322753,0.506712034284472,-0.1927595645095998,5.637483402888843,4.311612715580632,1.0000395353501366,0.9763794607887852,"[-0.5555934352763501, 0.4791207589153572]",0.7336489398518911,1,0.7336489398518911,51,231.6012290019134,moving,174,[184],[184],1.0,[184],[107.11643519880296],112.73583007046987,0,0.0,[188],1.0,0,0.0,[132.9848146490026],[47.0151853509974]
378190,46,,88.4410010886914,10.111384932919364,52,1.624393290727599,0.5077704360033441,0.3832206893928056,3.199070240310133,2.509650125482501,1.9676114196985304,0.9675718843483938,"[1.6998577312020586, 0.8471861875139162]",1.8992737408393168,1,1.8992737408393168,52,226.9579509352051,moving,196,[178],[178],1.0,[178],[143.71473287486117],162.62104353091246,0,0.0,[178],1.0,0,0.0,[143.71473287486117],[36.28526712513883]
374589,46,,84.20552755669925,9.432055244011668,53,2.789642361662436,0.518665077898813,2.940462430014286,5.378504319133418,4.288375214418761,2.8382726426434477,0.8706612229449169,"[-4.235473531992142, -0.6793296889076963]",4.289606609753092,1,4.289606609753092,53,216.9061030852913,moving,176,[],[],0.0,[],,46.39933019902144,0,0.0,[],0.0,0,0.0,,
386244,46,,83.64428645324631,9.85940888846053,54,2.836434833849568,0.5127714032496679,2.799682368260722,5.5315776501454215,4.27781271389063,0.8098210826929599,-2.028451559950488,"[-0.561241103452943, 0.42735364444886237]",0.705423783004799,1,0.705423783004799,54,205.8430282689413,moving,173,[],[],0.0,[],,18.910138817050623,0,0.0,[],0.0,0,0.0,,
388681,46,,81.50299611540919,10.570770991849662,55,2.808288851089698,0.4885539381581962,2.8205712693557654,5.748165415832468,4.161625208081255,0.330044184366719,-0.4797768983262409,"[-2.1412903378371198, 0.7113621033891313]",2.2563599786055453,1,2.2563599786055453,55,195.18958190681843,moving,190,[203],[203],1.0,[203],[55.396929607204804],0.0555289834255249,0,0.0,[203],1.0,0,0.0,[55.396929607204804],[55.396929607204804]
392584,46,,80.1464921308368,11.019958441496104,56,2.8661948362392216,0.4751016676430455,-0.5021285853678379,6.032803148130934,4.2081002104050125,0.0009691635910607,-0.3290750207756583,"[-1.3565039845723845, 0.44918744964644297]",1.4289410152559243,1,1.4289410152559243,56,188.20730282599575,moving,195,[207],[207],1.0,[207],[69.48805267787647],8.895333689749812,0,0.0,[207],1.0,0,0.0,[69.48805267787647],[69.48805267787647]
392744,46,,78.90222088790165,11.659891164513532,57,2.8356245157837465,0.489645784315761,2.641838304884789,5.791175185437967,4.258800212940009,0.1552528609497099,0.1542836973586492,"[-1.244271242935156, 0.6399327230174272]",1.399187198334768,1,1.399187198334768,57,189.6020748140353,moving,213,[244],[],1.0,[244],[94.32415544540788],12.473556237368038,0,0.0,[244],1.0,0,0.0,[94.32415544540788],[85.67584455459212]
393428,46,,77.67879154906785,12.67525776301597,58,2.803338360580454,0.5172197913665989,-0.4820451775492255,5.420013710560977,4.444700222235005,0.2177046257747476,0.0624517648250376,"[-1.223429338833796, 1.015366598502439]",1.589889517065168,1,1.589889517065168,58,193.72276919723063,moving,237,[],[],0.0,[],,,0,0.0,[],0.0,0,0.0,,
394556,46,,76.25643109876086,12.804460964966784,59,2.862829486126461,0.5141635501550731,-0.401289570508183,5.567935504691112,4.455262722763139,0.6021406782629852,0.3844360524882376,"[-1.4223604503069964, 0.12920320195081203]",1.428216621522052,1,1.428216621522052,59,210.2181234377796,moving,243,[],[],0.0,[],,,0,0.0,[],0.0,0,0.0,,
296263,48,,110.95336456247368,81.3254654477867,0,1.632330269065608,0.5300935778401512,0.8674400405529973,3.079324740579737,2.598375129918757,,,"[0.0, 0.0]",0.0,0,0.0,0,0.0,moving,1259,[1296],[1296],1.0,[1296],[27.37317858692454],,0,0.0,[1296],1.0,0,0.0,[27.37317858692454],[27.37317858692454]
300661,48,,110.92518245852176,81.98932195752576,2,1.5874586489931335,0.5391881110984659,1.0159861417533644,2.9441647846408725,2.596262629813132,0.2420907846851037,,"[0.02532109619654932, 0.1966186498954272]",0.1982424056535217,1,0.1982424056535217,2,0.6892575228177622,moving,1265,[1301],[1301],1.0,[1301],[23.838740183171723],,0,0.0,[1301],1.0,0,0.0,[23.838740183171723],[23.838740183171723]
294452,48,,110.8540184176024,82.600047643228,4,1.6225792132199892,0.5287458769678771,1.0078119114942026,3.068731660896839,2.587812629390619,0.1653706867730882,-0.1325892904884618,"[-0.0009074929475048066, 0.20115130060982267]",0.2011533476740395,1,0.2011533476740395,4,1.9705605235240284,moving,1299,[1262],[],1.0,[1262],[23.537410266280688],132.4288714082459,1,1.0,[1310],1.0,1,1.0,[20.417003377587847],[20.417003377587847]
301401,48,,110.52149609635764,82.21650872206943,6,1.6363876846690746,0.5228274769166985,0.9971226288635104,3.1298808056520686,2.640625132031252,2.485647139754968,0.1429754687601749,"[0.06614270477606965, 0.008005057844869157]",0.0666253581318255,1,0.0666253581318255,6,3.7021477397457385,moving,1275,[1243],[],1.0,[1243],[23.537410266280688],5.307531122965809,0,0.0,[1293],1.0,0,0.0,[21.812483274291438],[21.812483274291438]
291447,48,,110.28161637507286,81.88166132717866,7,1.599040091210638,0.5378225266764839,0.9427681500069556,2.9731742571142017,2.62161263108063,2.312875933414603,-0.1727712063403648,"[-0.23987972128479385, -0.3348473948907724]",0.4119041861268313,1,0.4119041861268313,7,4.673093767831962,moving,1287,[1330],[1330],1.0,[1330],[23.82426058289542],177.03811572897658,1,1.0,[1308],1.0,0,0.0,[37.97922085479881],[37.97922085479881]
293567,48,,110.6702213028004,82.48801417381755,9,1.665170086708636,0.5220696010068262,0.9233077563275436,3.189555728771236,2.674425133721252,0.3041829227147249,-2.650260116611007,"[0.21863054148627725, 0.24008011760138004]",0.3247118361533427,1,0.3247118361533427,9,7.142175186666303,moving,1295,[],[],0.0,[],,11.008357021405075,0,0.0,[],0.0,0,0.0,,
290735,48,,110.99626237243592,82.82962942046328,10,1.6707535373709268,0.5199357338609479,1.0414482753096723,3.213384709999091,2.659637632981867,0.0234041342154448,-0.28077878849928,"[0.32604106963550805, 0.3416152466457305]",0.4722327348139787,1,0.4722327348139787,10,8.552294595659056,moving,1309,[],[],0.0,[],,7.681470669957939,0,0.0,[],0.0,0,0.0,,
294138,48,,111.45945228978016,83.46757107122298,12,1.614905444492039,0.5171377060188566,1.1210183974362902,3.122776439807996,2.551900127595001,0.0613523345521024,-0.0892532653721487,"[0.13251702943018984, 0.16629931183548763]",0.2126410689541382,1,0.2126410689541382,12,11.790375549084542,moving,1300,[1266],[],1.0,[1266],[13.31441488635356],131.34203372702746,0,0.0,[1347],1.0,1,1.0,[47.7904816851395],[47.7904816851395]
321150,48,,111.53528546679188,83.13040638190883,18,1.67752488426398,0.5136226764776084,1.2793180946208669,3.2660646834527225,2.634287631714386,1.4302576937325846,-0.1456646404225217,"[0.082886847158548, 0.21352930899419675]",0.2290523853432302,1,0.2290523853432302,18,25.432545719537465,moving,1318,[],[],0.0,[],,157.4659991482909,0,0.0,[],0.0,0,0.0,,
317853,48,,111.61645103753956,83.5974714834059,19,1.6770624399661098,0.4938109619925754,1.4528328606040684,3.39616284174616,2.5307751265387504,0.1982118798064715,-1.232045813926113,"[0.08116557074767172, 0.46706510149707015]",0.4740650365838676,1,0.4740650365838676,19,28.322494129047342,moving,1317,[],[],0.0,[],,7.038248966216446,0,0.0,[],0.0,0,0.0,,
322114,48,,111.68518045712524,84.99274465162647,23,1.606642152745278,0.5182199996471504,1.5094169469959744,3.1003090460407177,2.496975124848769,0.1941207572648873,-0.5183193728031492,"[0.07477864407621837, 0.1859510005226923]",0.2004236019167105,1,0.2004236019167105,23,41.830729421344806,moving,1347,[1360],[],1.0,[1360],[45.8780274994729],6.673302909414011,0,0.0,[1360],1.0,0,0.0,[45.8780274994729],[45.8780274994729]
327668,48,,111.75560701291364,85.41389777656316,24,1.634585983403304,0.5078112607370292,-1.5044576993248464,3.218884868820931,2.520212626010621,0.2166611913227531,0.0225404340578658,"[0.0704265557884014, 0.4211531249366942]",0.4270010004720827,1,0.4270010004720827,24,45.69082259748391,moving,1346,[1385],[1385],1.0,[1385],[2.305264229778956],5.395544817692305,0,0.0,[1388],1.0,0,0.0,[11.159943865032758],[11.159943865032758]
325753,48,,111.9006138142039,85.95929909034548,26,1.7149808250116167,0.4950079243549257,-1.4983737203736374,3.464552263979431,2.486412624320639,0.4994704149745286,0.4939282428441776,"[0.06482102953818014, 0.08170046692933397]",0.1042915728468068,1,0.1042915728468068,26,53.480274429415935,moving,1369,[],[],0.0,[],,18.55923063538214,0,0.0,[],0.0,0,0.0,,
341588,48,,111.8631942267372,86.54263711069748,29,1.690336898363317,0.4901608779757004,1.6832388637435234,3.448534908261517,2.530775126538764,1.9551516902748567,1.374770554529232,"[-0.11811925898969378, -0.09251897435488843]",0.1500397279388191,1,0.1500397279388191,29,65.64543481719355,moving,1378,[1321],[1321],1.0,[1321],[15.728552941009383],113.82410102093428,0,0.0,[],0.0,0,0.0,,
336449,48,,112.40291310780712,86.3445536469988,30,1.6905863657952465,0.5161477121880186,-1.5385869131003969,3.27539253952832,2.6258376312918923,2.1253886418149315,0.1702369515400743,"[0.5397188810699163, -0.1980834636986799]",0.5749204546493616,1,0.5749204546493616,30,69.65745827580388,moving,1384,[],[],0.0,[],,103.06295103838332,0,0.0,[],0.0,0,0.0,,
348947,48,,112.52273587540633,87.30780841576421,31,1.6777894755829263,0.5042573936023302,1.7194094310924843,3.327248141265872,2.598375129918756,1.7987878324414976,-0.3266008093734338,"[0.11982276759920296, 0.9632547687654096]",0.9706787548846608,1,0.9706787548846608,31,73.93820737343822,moving,1395,[],[],0.0,[],,3.5539373389607145,0,0.0,[],0.0,0,0.0,,
349500,48,,112.55080702345154,87.76197134945618,32,1.652813327794496,0.5591268175536794,1.5945455524740586,2.956061623060704,2.6596376329818856,0.0620279079744302,-1.7367599244670675,"[0.028071148045214045, 0.45416293369196126]",0.4550296250710113,1,0.4550296250710113,32,78.20509793900348,moving,1410,[],[],0.0,[],,0.2300280640194692,0,0.0,[],0.0,0,0.0,,
351295,48,,112.58950065200538,88.34966630715839,33,1.719904404169825,0.5122144446970338,1.3034049644545815,3.357781925082413,2.604712630235628,0.004014747089128,-0.0580131608853021,"[0.03869362855384395, 0.5876949577022117]",0.5889673676862474,1,0.5889673676862474,33,82.5406763545551,moving,1416,[],[],0.0,[],,4.401977429847664,0,0.0,[],0.0,0,0.0,,
347451,48,,112.58348343778232,88.89250615003814,34,1.7023836099862175,0.5133643928024377,1.614692782287643,3.3161310637322683,2.6892126344606293,0.0768289997493194,0.0728142526601914,"[-0.006017214223064116, 0.5428398428797578]",0.5428731913483354,1,0.5428731913483354,34,86.69844164977084,moving,1432,[],[],0.0,[],,8.08820163173122,0,0.0,[],0.0,0,0.0,,
353871,48,,112.71443541391056,89.89351330574789,35,1.7078151489786395,0.5303102176834364,1.485390058448804,3.22040777648773,2.674425133721239,0.1411657490388876,0.0643367492895682,"[0.1309519761282445, 1.0010071557097433]",1.0095364014407815,1,1.0095364014407815,35,90.98956853125196,moving,1462,[],[],0.0,[],,29.83658525131287,0,0.0,[],0.0,0,0.0,,
354704,48,,113.38690864333026,90.77658966614122,36,1.706881659649936,0.5194070241361848,1.1661495817291754,3.28621212331238,2.6427376321368805,0.5207466501873893,0.3795809011485016,"[0.672473229419694, 0.883076360393332]",1.1099748206926527,1,1.1099748206926527,36,94.7536958069226,moving,1480,[],[],0.0,[],,32.64245688481803,0,0.0,[],0.0,0,0.0,,
355240,48,,113.47657892388246,91.87970597194786,37,1.7161031080701472,0.5210366029000683,1.3549853424185414,3.2936325365979817,2.7209001360450067,0.5697183485803661,0.0489716983929767,"[0.08967028055219828, 1.1031163058066369]",1.10675487048885,1,1.10675487048885,37,97.8589911571734,moving,1498,[],[],0.0,[],,65.22623905947093,0,0.0,[],0.0,0,0.0,,
358656,48,,113.78605227530318,91.9931195358608,38,1.7129078807293632,0.525041732998852,1.3493315086725186,3.2624223429742267,2.720900136045004,1.1384126302807378,0.5686942817003717,"[0.30947335142072063, 0.11341356391292834]",0.329600351515293,1,0.329600351515293,38,100.06706312924752,moving,1502,[],[],0.0,[],,75.34385438596179,0,0.0,[],0.0,0,0.0,,
362375,48,,113.7246724764416,92.63404762337514,40,1.6754701838360166,0.5006435858199418,1.0104653505198868,3.346632677001089,2.611050130552511,0.9135093432957526,-0.1062307741385868,"[-0.15493281701921546, 0.1789000520680588]",0.2366630651780371,1,0.2366630651780371,40,104.15963800430605,moving,1521,[],[],0.0,[],,92.28664151403257,0,0.0,[],0.0,0,0.0,,
361435,48,,112.97704143085409,92.53220637574192,41,1.7361004691124498,0.5226628662318823,1.1502663885725026,3.32164494797344,2.617387630869368,0.992454619475724,0.0789452761799713,"[-0.7476310455875108, -0.10184124763323155]",0.7545354995265418,1,0.7545354995265418,41,105.0882729071142,moving,1504,[],[],0.0,[],,118.52904595286354,0,0.0,[],0.0,0,0.0,,
369355,48,,113.1866694963208,92.24668670332107,43,1.7490443548387584,0.4880049987877992,1.352903536925051,3.584070571374006,2.5814751290737603,2.371051217468484,0.0356085268990913,"[-0.1333692218625231, -0.013351488359205632]",0.1340358593124277,1,0.1340358593124277,43,106.77941780903336,moving,1500,[],[],0.0,[],,176.2847405112437,0,0.0,[],0.0,0,0.0,,
382760,48,,112.81927929104916,92.68450493147375,49,1.7290373347406605,0.5185371917409171,1.513310306554429,3.334451920286867,2.693437634671876,2.1222707450049945,0.8735047059286656,"[-0.03984904478544138, -0.020806713967033375]",0.0449540400455626,1,0.0449540400455626,49,112.506172691966,moving,1514,[],[],0.0,[],,138.12289952827555,0,0.0,[1508],1.0,0,0.0,[27.81747194673291],[27.81747194673291]
381665,48,,112.79044905631872,91.80420256392004,50,1.6973547685512649,0.5222442724666322,1.5243289258135462,3.2501165796121088,2.6195001309749952,1.0568566330468006,-1.065414111958194,"[-0.028830234730449433, -0.8803023675537389]",0.8807743415627699,1,0.8807743415627699,50,113.74177240501352,moving,1506,[],[],0.0,[],,121.31225040532324,0,0.0,[1495],1.0,0,0.0,[23.633897394567384],[23.633897394567384]
386067,48,,113.29645230391009,92.08974514832634,52,1.729721947157589,0.5250730249441191,1.2808270071736505,3.2942502566032124,2.73146263657314,0.4198755761545012,-1.5580233797811671,"[0.13879197434529544, 0.14126815301536055]",0.1980401555216428,1,0.1980401555216428,52,118.48763387253496,moving,1524,[],[],0.0,[],,141.4833145358754,0,0.0,[1505],1.0,0,0.0,[32.234882869207325],[32.234882869207325]
383017,48,,113.1724432108744,91.7835330312124,53,1.6482681776824857,0.5813239369276015,1.0963966042200546,2.8353695297562846,2.6575251328762395,2.749826014799218,2.3299504386447167,"[-0.12400909303568142, -0.3062121171139438]",0.3303696654097284,1,0.3303696654097284,53,118.94760076118268,moving,1526,[],[],0.0,[],,175.00893770018394,0,0.0,[1504],1.0,0,0.0,[42.36756513101352],[42.36756513101352]
397508,48,,113.36287733608904,92.4042526421323,57,1.77548409346542,0.490216129238658,0.6080052760751767,3.621839404229474,2.651187632559381,2.0547352651086306,0.3950611963511308,"[0.27089666068421536, -0.10886807787188957]",0.2919542072815165,1,0.2919542072815165,57,140.2303906561529,moving,1540,[],[],0.0,[],,18.102589850416393,0,0.0,[],0.0,0,0.0,,
398417,48,,113.34979954885364,93.1199754028319,58,1.7342758992944634,0.4934953329619331,0.7482828984355668,3.514270112516425,2.6152751307637514,1.97119285652484,-0.0835424085837905,"[-0.013077787235374672, 0.7157227606995917]",0.7158422303150457,1,0.7158422303150457,58,153.82893065188864,moving,1563,[],[],0.0,[],,,0,0.0,[],0.0,0,0.0,,
399612,48,,114.31841457106545,94.08570902385704,59,1.7290492629150616,0.5396613037846115,0.7719343179425224,3.203952647316651,2.8075126403756263,0.8051578678848704,-1.1660349886399697,"[0.9686150222117789, 0.9657336210251515]",1.3677925603075474,1,1.3677925603075474,59,174.1473776809681,moving,1577,[],[],0.0,[],,,0,0.0,[],0.0,0,0.0,,
296285,49,,102.1082522255184,82.4166785419831,0,2.3775662680371408,0.5237406061629735,1.949737977112584,4.539587421826346,3.766587688329381,,,"[0.0, 0.0]",0.0,0,0.0,0,0.0,moving,1261,[],[],0.0,[],,,0,0.0,[],0.0,0,0.0,,
292206,49,,101.07663366559322,83.86539560264721,1,2.398224756370372,0.5185886580822862,2.21618345442993,4.624522189202676,3.914462695723129,,,"[-1.0316185599251924, 1.4487170606641087]",1.7784875526810364,1,1.7784875526810364,1,0.9258967772982312,moving,1285,[],[],0.0,[],,,0,0.0,[],0.0,0,0.0,,
301155,49,,99.5660433558588,85.00591225497497,2,2.408159288813616,0.5151419840784432,2.647605172134033,4.6747486387110575,3.85108769255439,0.3052992469172632,,"[-1.510590309734411, 1.1405166523277614]",1.8927919373508617,1,1.8927919373508617,2,2.420989053706174,moving,1322,[],[],0.0,[],,23.69997299221227,0,0.0,[],0.0,0,0.0,,
304597,49,,98.94360894733624,85.15366146847778,3,2.370965913063652,0.5264401800228001,2.650037815856712,4.503770804426374,3.7961626898081393,0.4136425613478462,0.108343314430583,"[-0.6224344085225653, 0.1477492135028058]",0.6397299610019319,1,0.6397299610019319,3,3.885857970773948,moving,1332,[1350],[1350],1.0,[1350],[71.50450617018798],64.14834025170954,0,0.0,[1350],1.0,0,0.0,[71.50450617018798],[71.50450617018798]
295549,49,,98.83409021982496,85.64773701530673,4,2.3878327998853712,0.5108561959297573,-0.2203311705748109,4.674178015086066,3.747575187378762,1.119599747081972,0.7059571857341258,"[-0.10951872751127212, 0.4940755468289524]",0.5060681749033589,1,0.5060681749033589,4,5.6866138348259465,moving,1360,[1383],[],1.0,[1383],[94.31365669272613],35.41341319552767,0,0.0,[1383],1.0,0,0.0,[94.31365669272613],[85.68634330727387]
302007,49,,99.08085129622036,86.23147331335258,6,2.376084575890948,0.5062863189002771,3.1253993385741152,4.69316370438792,3.637725181886285,1.7489032562498137,1.513024702038331,"[0.2355742586128713, -0.04673597269696472]",0.2401655313839507,1,0.2401655313839507,6,9.582148634474176,moving,1355,[],[],0.0,[],,78.53829487064553,0,0.0,[],0.0,0,0.0,,
292162,49,,99.40608779000615,86.16557870731157,7,2.3608580534866395,0.5073819828463617,-0.139855914976626,4.653019092720762,3.6609626830481257,0.0040506835647901,-1.7448525726850237,"[0.3252364937858232, -0.06589460604101305]",0.3318446564213383,1,0.3318446564213383,7,11.348210895328574,moving,1361,[],[],0.0,[],,11.265449575015545,0,0.0,[],0.0,0,0.0,,
294146,49,,99.7959893989692,86.16429977986934,8,2.4082961854309755,0.508148604638338,2.5654130335102936,4.7393541248529445,3.737012686850617,0.1966191868014001,0.1925685032366099,"[0.3899016089630436, -0.0012789274422289054]",0.3899037064806805,1,0.3899037064806805,8,13.340336282259177,moving,1355,[],[],0.0,[],,38.21494910777611,0,0.0,[],0.0,0,0.0,,
293915,49,,100.82306242367898,85.35016749614586,9,2.4173442135124943,0.5015073070421381,1.8787309800940275,4.820157512299979,3.779262688963133,0.6669766854127691,0.470357498611369,"[1.0270730247097646, -0.814132283723481]",1.3106068722112194,1,1.3106068722112194,9,15.487338098058697,moving,1326,[],[],0.0,[],,54.72818513886734,0,0.0,[],0.0,0,0.0,,
290724,49,,100.72975323868964,83.64439354162486,10,2.3848784718300307,0.499177339054198,1.29158086268996,4.777617662590035,3.665187683259379,0.9551870243142666,0.2882103389014975,"[-0.09330918498935148, -1.7057739545209927]",1.70832414603481,1,1.70832414603481,10,17.88861627107431,moving,1308,[1287],[1287],1.0,[1287],[97.13293067712179],14.599299165706192,0,0.0,[1287],1.0,0,0.0,[97.13293067712179],[82.86706932287821]
293424,49,,100.42397135616046,82.68800283172166,11,2.4236224618289146,0.500638715778088,1.4556845294038565,4.841060799826764,3.684200184210008,0.2548058389252127,-0.7003811853890539,"[-0.3057818825291605, -0.9563907099032036]",1.0040845331306678,1,1.0040845331306678,11,20.50494225890824,moving,1277,[],[],0.0,[],,162.7617692264164,0,0.0,[],0.0,0,0.0,,
286960,49,,100.42885667739132,83.25674687308755,13,1.2641207190996655,0.4838842428354175,1.5212350004670938,2.612444479886955,1.757600087880005,1.9519097912539785,-0.9627145960450836,"[-0.0432345535754024, -0.013309066877724263]",0.0452366873678884,1,0.0452366873678884,13,26.36410066802863,moving,1309,[1278],[1278],1.0,[1278],[27.276763383113675],179.7362289079085,0,0.0,[1262],1.0,0,0.0,[51.54038582819663],[51.54038582819663]
331172,49,,100.42393478725572,82.02189109953974,14,2.4173188048684366,0.4941102028245135,1.5678955341855216,4.892266524856527,3.665187683259376,1.2681821542913252,-0.6837276369626533,"[-0.004921890135605622, -1.2348557735478067]",1.2348655823476735,1,1.2348655823476735,14,29.250173883118663,moving,1286,[],[],0.0,[],,172.77203768107995,0,0.0,[1266],1.0,1,1.0,[37.979112840653166],[37.979112840653166]
313608,49,,100.31723061944255,82.89097772991823,16,2.372618598816827,0.4863335869550947,1.3316628494202742,4.878582648736331,3.5870251793512677,0.2308895808624286,-2.7681928315313207,"[0.005772815287173216, 0.062322112095770876]",0.062588905186284,1,0.062588905186284,16,35.65771409306524,moving,1299,[],[],0.0,[],,51.439137318985246,0,0.0,[],0.0,0,0.0,,
313962,49,,100.93731494139227,83.5233133805453,20,2.4454107349177803,0.4936800271610169,1.5486751025330574,4.953432588675891,3.7539126876956175,0.0779035456835396,-1.6196633873872597,"[0.006130004925552157, 0.08847397729141449]",0.0886860846928593,1,0.0886860846928593,20,51.85287892942854,moving,1319,[],[],0.0,[],,43.91627646874544,0,0.0,[],0.0,0,0.0,,
320920,49,,100.94058712878358,83.88159574696142,21,2.445336879253829,0.4930432370645404,1.5598555707976465,4.95968040006546,3.737012686850623,0.0600426826379013,-0.0178608630456383,"[0.003272187391303305, 0.35828236641611966]",0.3582973085233246,1,0.3582973085233246,21,56.66497094161081,moving,1313,[],[],0.0,[],,27.030916538119424,0,0.0,[],0.0,0,0.0,,
321894,49,,100.74297681938668,84.27780822937942,23,2.44764570236228,0.5074100117588561,-1.344892002269663,4.823802537671469,3.726450186322503,1.6568152406868006,0.5535573118328441,"[0.13995264706379373, 0.22189934832421443]",0.2623472206959202,1,0.2623472206959202,23,66.68118438171784,moving,1324,[],[],0.0,[],,66.72939316374928,0,0.0,[],0.0,0,0.0,,
327525,49,,101.26108274394306,84.89043206450599,24,2.4143129827834406,0.5186172707315434,2.198627921099732,4.655288435300072,3.779262688963126,0.1393118133104057,-1.517503427376395,"[0.5181059245563802, 0.6126238351265698]",0.8023351621520822,1,0.8023351621520822,24,72.45091063926446,moving,1335,[],[],0.0,[],,42.92930619025318,0,0.0,[],0.0,0,0.0,,
329732,49,,101.24203910276331,85.29312189779236,25,2.416182255096057,0.5148868967225245,2.2328486054235346,4.69264661904603,3.7834876891743887,0.7492577386167012,0.6099459253062955,"[-0.019043641179749216, 0.40268983328637376]",0.4031398790762215,1,0.4031398790762215,25,78.7874339605235,moving,1354,[],[],0.0,[],,67.61976759452105,0,0.0,[],0.0,0,0.0,,
333613,49,,101.7753809049614,85.54281892742618,27,2.462632796963244,0.5050625409052911,2.4649198984420995,4.875896740528683,3.745462687273135,0.9078657219830694,0.1768847772180503,"[0.324381253492561, -0.006746304547192494]",0.3244513988911877,1,0.3244513988911877,27,92.11444062103035,moving,1368,[],[],0.0,[],,56.916664938822066,0,0.0,[],0.0,0,0.0,,
344321,49,,102.66741923335366,84.98910926758681,28,2.4178413306274047,0.5114313489815985,2.7495604501521527,4.7275970380814485,3.844750192237505,0.5347241196465391,-0.3731416023365302,"[0.8920383283922462, -0.5537096598393703]",1.0499175047213298,1,1.0499175047213298,28,99.14675237640806,moving,1362,[],[],0.0,[],,38.69656752787984,0,0.0,[],0.0,0,0.0,,
341468,49,,103.15917379691004,85.04833682492942,29,2.54470335541246,0.5053160383315075,2.933037833916436,5.035865007995318,3.867987693399376,0.6753825125818298,0.1406583929352907,"[0.49175456355639824, 0.059227557342609316]",0.4953084436261064,1,0.4953084436261064,29,106.03924171356935,moving,1364,[],[],0.0,[],,37.308275899670754,0,0.0,[],0.0,0,0.0,,
336375,49,,104.06115851551628,84.51828648316315,30,2.449056379515331,0.4843217732335772,2.94639969273313,5.0566720615598,3.667300183365004,0.651152252691715,-0.0242302598901148,"[0.9019847186062151, -0.5300503417662696]",1.04619778120854,1,1.04619778120854,30,111.87263125977395,moving,1362,[],[],0.0,[],,10.5332286309507,0,0.0,[],0.0,0,0.0,,
348476,49,,105.88996359208856,83.85600294336761,31,2.4217912146510447,0.501859752377546,2.879444285070253,4.825633462691278,3.741237687061873,0.1838395204754384,-0.4673127322162765,"[1.82880507657228, -0.6622835397955384]",1.9450314895087568,1,1.9450314895087568,31,117.13516001418591,moving,1345,[],[],0.0,[],,18.45535695244601,0,0.0,[],0.0,0,0.0,,
348939,49,,107.26585768446226,83.82112749593361,32,2.4673623743325828,0.4882001515884669,2.9369819995687365,5.053997558797298,3.7370126868506337,0.3221067434510097,0.1382672229755713,"[1.3758940923737129, -0.03487544743400406]",1.3763360237466014,1,1.3763360237466014,32,122.09453143943315,moving,1350,[],[],0.0,[],,31.67914006924021,0,0.0,[],0.0,0,0.0,,
350704,49,,107.94364111201446,83.37876105743068,33,2.446423813565648,0.5164688457429051,3.039158389360339,4.736827465452703,3.8257376912868857,0.5529052984087063,0.2307985549576965,"[0.6777834275521997, -0.4423664385029298]",0.8093691621121811,1,0.8093691621121811,33,125.88546711411225,moving,1338,[],[],0.0,[],,7.659917044530514,0,0.0,[],0.0,0,0.0,,
346569,49,,108.9803923468003,82.48414397629313,34,2.4850466687723456,0.5090062087413469,2.854980488535628,4.88215394251729,3.840525192026258,0.1336907728566905,-0.4192145255520157,"[1.0367512347858394, -0.8946170811375538]",1.369376808878053,1,1.369376808878053,34,129.07573854050435,moving,1325,[],[],0.0,[],,20.868428235165855,0,0.0,[],0.0,0,0.0,,
353576,49,,110.10313585705792,82.07721505725353,37,2.462883518434927,0.4999194941826061,3.0513908158095857,4.92656027039287,3.692650184632519,0.679403521450834,0.0915576297257563,"[0.038173800944562686, -0.1784353528291831]",0.1824730506618173,1,0.1824730506618173,37,136.5078069520241,moving,1347,[1314],[],1.0,[1314],[147.7588330220399],12.979173241736934,0,0.0,[1314],1.0,0,0.0,[147.7588330220399],[32.24116697796009]
357033,49,,110.46628815237304,81.84226516421597,39,2.500429370293053,0.4868132659675934,0.0180121985638037,5.136321347618131,3.730675186533742,2.197391058901527,2.011227123119051,"[0.15680506031466734, 0.2573245798491115]",0.3013366329121108,1,0.3013366329121108,39,140.33394513384977,moving,1351,[],[],0.0,[],,61.84357741095589,0,0.0,[],0.0,0,0.0,,
361268,49,,110.87723084211348,82.06950887435478,41,2.488527306624756,0.4696782426548573,0.135227415706202,5.298366159263307,3.612375180618756,0.5421833550388413,0.1404506352823964,"[0.10558571579046827, 0.008422614369450798]",0.1059211207068827,1,0.1059211207068827,41,144.69594146168697,moving,1347,[1356],[1356],1.0,[1356],[27.560612227386144],4.293717176399254,0,0.0,[1356],1.0,0,0.0,[27.560612227386144],[27.560612227386144]
366747,49,,111.29529942455324,82.2613400116569,42,2.4416896424152768,0.4962344224607966,0.3023333988894794,4.920435850272307,3.732787686639379,0.3505880581500907,-0.1915952968887506,"[0.41806858243977274, 0.19183113730211687]",0.4599788308844491,1,0.4599788308844491,42,146.9118102156315,moving,1341,[],[],0.0,[],,11.875999412876906,0,0.0,[],0.0,0,0.0,,
387908,49,,111.92198172955176,82.40339747014895,44,2.505606811275712,0.4924900537968427,0.5437595980996108,5.087629266741091,3.743350187167516,0.7796261473119417,0.7587725328169378,"[0.19565557620384766, -0.06670719996947128]",0.2067146705665243,1,0.2067146705665243,44,151.2494548837505,moving,1362,[1339],[1339],1.0,[1339],[25.72601697832164],161.46071467911452,0,0.0,[],0.0,0,0.0,,
367948,49,,111.35126777184098,82.0562430586366,45,2.4741600682098976,0.4963975506395326,0.4796638212520016,4.984231016092483,3.817287690864394,2.266523842676357,1.4868976953644153,"[-0.5707139577107938, -0.34715441151234927]",0.6680049453098407,1,0.6680049453098407,45,152.32673883911866,moving,1368,[],[],0.0,[],,161.22908885184336,0,0.0,[1345],1.0,1,1.0,[19.923717562567873],[19.923717562567873]
376437,49,,111.74595979519675,82.14403649045413,46,2.404558296217421,0.4922981591071166,0.4238448840411937,4.884353621347231,3.7011001850549943,2.813978450455162,0.5474546077788052,"[0.39469202335577336, 0.08779343181753063]",0.404338323648617,1,0.404338323648617,46,153.80949027133283,moving,1360,[],[],0.0,[],,50.995920434224736,0,0.0,[],0.0,0,0.0,,
379379,49,,111.97363806503157,82.6014151085072,47,2.495834168261225,0.5042633838415825,0.3838019073115788,4.949465394943898,3.789825189491274,0.8900467166623027,-1.9239317337928596,"[0.22767826983479722, 0.45737861805307034]",0.5109134905315215,1,0.5109134905315215,47,155.48351288381363,moving,1367,[],[],0.0,[],,27.323979120902745,0,0.0,[],0.0,0,0.0,,
375030,49,,112.71330311984464,83.14301359236198,48,2.563119886456432,0.4909330046595533,0.346039802471463,5.220915811585891,3.7306751865337575,0.4768934004059722,-0.4131533162563305,"[0.7396650548130879, 0.5415984838547843]",0.916751499058196,1,0.916751499058196,48,156.7095140869561,moving,1370,[],[],0.0,[],,22.422080890986315,0,0.0,[],0.0,0,0.0,,
380956,49,,113.86280416485155,83.42515180315308,50,2.480134412917123,0.4914829857497068,0.3428745368302197,5.046226389981604,3.739125186956256,2.138710502702565,1.8250045652474705,"[-0.026896750015382054, -0.10551453631481422]",0.1088887162892473,1,0.1088887162892473,50,153.09424472132557,moving,1378,[],[],0.0,[],,153.4351442738074,1,0.0,[1369],1.0,1,1.0,[49.53682267568111],[49.53682267568111]
374029,49,,113.46797526286404,83.51467035441257,51,2.483305743853014,0.4933936849299056,0.6526146610486857,5.033112136823978,3.74123768706188,1.5441595478676555,-0.594550954834909,"[-0.3948289019875375, 0.08951855125948782]",0.4048498892976038,1,0.4048498892976038,51,150.94216413822193,moving,1369,[],[],0.0,[],,37.59454102799389,0,0.0,[],0.0,0,0.0,,
384898,49,,112.59878866227676,83.11268177987066,52,2.5077698443171497,0.488619823694274,0.2990605344545484,5.13235387249913,3.781375189068764,0.6561485217145716,-0.8880110261530839,"[-0.8691866005872839, -0.4019885745419174]",0.957643023627657,1,0.957643023627657,52,146.57724876389904,moving,1379,[],[],0.0,[],,8.014738860720849,0,0.0,[],0.0,0,0.0,,
382257,49,,110.43082635891471,82.45791872812423,53,1.2284784503260668,0.5017831679445781,0.1631587263132048,2.448225705454018,1.808300090415001,0.1398835818071172,-0.5162649399074544,"[-2.1679623033620317, -0.6547630517464285]",2.264679933838577,1,2.264679933838577,53,142.535072262106,moving,1379,[],[],0.0,[],,21.56585236614405,0,0.0,[],0.0,0,0.0,,
389670,49,,110.03784512450976,82.14676825873238,54,2.4261971407282967,0.4780155342345902,-0.1594204564123675,5.075561288218762,3.660962683048135,0.3763951297882393,0.236511547981122,"[-0.39298123440494237, -0.31115046939184765]",0.501247309416419,1,0.501247309416419,54,142.73155597704735,moving,1360,[1352],[1352],1.0,[1352],[137.73432919570502],170.14766448901923,0,0.0,[1358],1.0,1,1.0,[100.96635100271709],[79.03364899728291]
391519,49,,111.4897392544915,83.7719607837665,55,2.2141196885916288,0.4774464240421179,0.7004390583869302,4.637420194388785,3.213112660655639,2.9696369599120347,2.5932418301237954,"[1.4518941299817243, 1.625192525034123]",2.1792767855649218,1,2.1792767855649218,55,143.24219042813053,moving,1386,[],[],0.0,[],,166.0440121110064,0,0.0,[1368],1.0,0,0.0,[30.847538071760965],[30.847538071760965]
396487,49,,110.53940399803804,81.97105760482059,56,2.484978898700078,0.4798711691111602,0.210307033848269,5.178429250715086,3.707437685371872,2.898014714558407,-0.0716222453536272,"[-0.9503352564534566, -1.8009031789459158]",2.036268489074062,1,2.036268489074062,56,136.71531676080636,moving,1354,[],[],0.0,[],,176.41836669596805,0,0.0,[1353],1.0,0,0.0,[18.518960169625586],[18.518960169625586]
396815,49,,110.88902459314475,82.54377839918624,57,2.499510670585874,0.4886557752523301,0.4591755896729379,5.115074449483762,3.743350187167512,3.0790813598353526,0.1810666452769451,"[0.34962059510671395, 0.5727207943656509]",0.6710019886867662,1,0.6710019886867662,57,132.47068776607787,moving,1368,[],[],0.0,[],,34.00364087166612,0,0.0,[],0.0,0,0.0,,
397750,49,,112.58623867814558,83.32061402471881,58,2.51541522664352,0.4801758819692252,0.2759005680024553,5.238528883057759,3.6736376836818856,0.5934754908762884,-2.4856058689590643,"[1.697214085000823, 0.7768356255325699]",1.8665500902525387,1,1.8665500902525387,58,129.32675581746258,moving,1393,[1360],[1360],1.0,[1360],[89.85612447979592],,0,0.0,[1360],1.0,0,0.0,[89.85612447979592],[89.85612447979592]
398985,49,,113.23846206363524,84.2370704512943,59,2.484804134010514,0.4838299272556322,0.1828512438564233,5.135697471433312,3.817287690864377,0.5230257379073603,-0.070449752968928,"[0.6522233854896626, 0.9164564265754933]",1.1248500906303558,1,1.1248500906303558,59,127.19539774399829,moving,1417,[],[],0.0,[],,,0,0.0,[],0.0,0,0.0,,
296358,51,,5.009245233639376,82.05482533710865,0,2.627761370008248,0.5068498624827319,-0.5425820840745857,5.1844965630187465,3.994737699736885,,,"[0.0, 0.0]",0.0,0,0.0,0,0.0,moving,1269,[],[],0.0,[],,,0,0.0,[],0.0,0,0.0,,
304448,51,,4.185854737234274,82.67716394126404,3,2.6158231635833555,0.5000060607668035,2.8409466987107628,5.231582912358621,3.967275198363753,0.6491355789221263,0.4403556812461117,"[-0.01328149339858875, -0.0020100279853352276]",0.0134327316432134,1,0.0134327316432134,3,3.127833142734548,moving,1292,[],[],0.0,[],,,0,0.0,[],0.0,0,0.0,,
293018,51,,4.668567811202924,82.61917759268168,8,2.6072473305136943,0.4963582779279142,2.463453795975132,5.252752792595398,3.97361269868064,1.6499839589710712,0.5284495475593558,"[0.015778071571165064, 0.280182996893771]",0.2806269040752859,1,0.2806269040752859,8,12.963899229990092,moving,1294,[],[],0.0,[],,138.22183508387047,0,0.0,[],0.0,0,0.0,,
293972,51,,4.250457340879434,83.09389913617058,12,2.6716515715074505,0.5251035448336748,2.344612178679781,5.087856667114463,4.1658502082925,2.43041807438769,-0.388625544626465,"[0.006789376428821825, -0.002693850335845127]",0.0073042769610807,1,0.0073042769610807,12,20.48329481934197,moving,1286,[],[],0.0,[],,0.9263288508884766,0,0.0,[],0.0,0,0.0,,
331210,51,,4.142047094761451,83.2210754409056,14,2.6121188883346407,0.5383514019802587,-1.1082171730826411,4.852070373971882,4.165850208292509,2.847029679366419,-0.2156894173271544,"[0.3086932130268094, -0.001323071334311976]",0.3086960483818521,1,0.3086960483818521,14,25.460180040959905,moving,1301,[],[],0.0,[],,95.0387450563138,0,0.0,[],0.0,0,0.0,,
313651,51,,4.551823325324163,83.51236226965881,16,2.6304666256178075,0.5107160824621592,-1.537185807677837,5.150545902013392,4.104587705229381,1.712480677522641,1.6701062032341174,"[-0.0297187772178642, 0.31180877576264265]",0.3132218357042226,1,0.3132218357042226,16,31.383701442297923,moving,1304,[],[],0.0,[],,149.10282216548893,0,0.0,[],0.0,1,0.0,,
316311,51,,4.292582145311123,82.92168082951933,17,2.5463882454432585,0.547431656710587,2.0476700904128338,4.65151807395287,4.077125203856252,2.632996510792068,0.920515833269427,"[-0.2592411800130403, -0.5906814401394769]",0.6450663168541666,1,0.6450663168541666,17,34.33256926435482,moving,1292,[],[],0.0,[],,38.53423235765325,0,0.0,[],0.0,0,0.0,,
320835,51,,4.446896084326749,82.33920228219274,18,2.7301670071590056,0.5030738675582486,2.111380428562643,5.426970437582693,4.091912704595638,0.6725492293695864,-1.9604472814224816,"[0.1543139390156263, -0.5824785473265877]",0.6025728585575443,1,0.6025728585575443,18,37.486562017652105,moving,1299,[],[],0.0,[],,13.840857071186525,0,0.0,[],0.0,0,0.0,,
313562,51,,4.97178718513434,81.37963999507201,20,2.6319963708535283,0.5014397148143471,2.3654947064532066,5.248878964100396,4.108812705440641,1.7064874995817436,1.5053391298654462,"[0.036920952622595316, 0.025032875888086892]",0.0446071924445855,1,0.0446071924445855,20,43.81161751481372,moving,1296,[],[],0.0,[],,4.28426469422884,0,0.0,[],0.0,0,0.0,,
318224,51,,5.401942042709606,80.71633256077912,22,2.660919214181906,0.5097759259968576,2.107066112431526,5.219782022814291,4.16373770818688,1.666956953521835,0.2618353168159424,"[-0.11565688589641887, -0.09075385728645813]",0.1470128493283089,1,0.1470128493283089,22,51.313650801239625,moving,1278,[],[],0.0,[],,4.130893398178561,0,0.0,[],0.0,0,0.0,,
321318,51,,5.726113674675223,80.28761220708905,23,2.6189948846929454,0.5072328535093668,2.208818642486675,5.163298998818857,4.121487706074385,1.5528834639081883,-0.1140734896136466,"[0.3241716319656174, -0.42872035369006767]",0.5374833845240133,1,0.5374833845240133,23,55.46342182861829,moving,1269,[],[],0.0,[],,17.931982792938,0,0.0,[],0.0,0,0.0,,
326788,51,,6.317196662618654,79.87413541543653,24,2.602252290893416,0.5237020466577854,2.239194374393866,4.968955740197565,4.129937706496892,0.3129721411477367,-1.2399113227604517,"[0.5910829879434312, -0.4134767916525277]",0.7213474584909843,1,0.7213474584909843,24,59.78376560674474,moving,1255,[1241],[1241],1.0,[1241],[28.247903378468248],4.471385921270224,0,0.0,[1196],1.0,0,0.0,[27.10812287080178],[27.10812287080178]
324582,51,,6.672632948329843,79.58170788711124,26,2.658839850317737,0.5058548041018107,2.2373604628513903,5.256132448991444,4.083462704173135,0.1519677987527161,0.1024749122971689,"[0.05972052440089026, -0.06296874716137779]",0.0867848152258841,1,0.0867848152258841,26,68.82493443095261,moving,1260,[],[],0.0,[],,12.76124972835595,0,0.0,[],0.0,0,0.0,,
343420,51,,7.285512470126739,79.27367799430304,28,2.644177135930528,0.4974210598658868,2.0694809148317157,5.315772389378614,4.068675203433753,0.3048584829309105,0.0743082191683209,"[0.2535675560944757, -0.07194315027405196]",0.2635760276942497,1,0.2635760276942497,28,78.35553411347632,moving,1252,[1222],[],1.0,[1222],[71.0880942069576],45.423489591194574,0,0.0,[1222],1.0,0,0.0,[71.0880942069576],[71.0880942069576]
336012,51,,7.545503633943293,78.46837706937501,30,2.7237118493818944,0.490154577575687,1.9417412336752276,5.55684262473569,4.087687704384384,0.8596818480897414,-0.0002043708319195,"[-0.05615048066481876, -0.12399067864845392]",0.1361123244625348,1,0.1361123244625348,30,85.49375279861913,moving,1241,[],[],0.0,[],,7.625780816548525,0,0.0,[],0.0,0,0.0,,
352805,51,,8.005268605039722,77.50525756135372,36,2.7570438832885737,0.4986107299631016,1.288093182722668,5.529451569348701,4.132050206602514,2.1007579491041986,-0.9005978874936327,"[-0.03307543685015446, -0.007769756363117608]",0.033975780149553,1,0.033975780149553,36,103.14367122838938,moving,1227,[],[],0.0,[],,4.874130298144701,0,0.0,[],0.0,0,0.0,,
351933,51,,8.161068436688799,77.09173011521183,37,2.821917042691627,0.4847456338149538,1.2861674627338815,5.821438803859062,4.091912704595635,1.7003806626484237,-0.4003772864557751,"[0.15579983164907674, -0.4135274461418845]",0.4419033109793474,1,0.4419033109793474,37,108.60923555236327,moving,1227,[],[],0.0,[],,11.069253273668105,0,0.0,[],0.0,0,0.0,,
357644,51,,8.300135521034548,76.26733358985034,38,2.7245262008744247,0.5327781061000072,1.1127023274511012,5.11381036435271,4.267250213362503,0.1931949153626693,-1.5071857472857542,"[0.13906708434574888, -0.8243965253614931]",0.8360438295786474,1,0.8360438295786474,38,114.4871017413864,moving,1214,[],[],0.0,[],,16.037798120356765,0,0.0,[],0.0,0,0.0,,
355981,51,,8.210481731366366,75.47587698729703,39,2.6476312437363823,0.5298673687414168,0.7255741872513908,4.996781081320872,4.383437719171882,0.2799123819703834,0.086717466607714,"[-0.08965378966818172, -0.7914566025533105]",0.7965182708055701,1,0.7965182708055701,39,121.51434002520308,moving,1218,[1203],[],1.0,[1203],[64.22181243199134],19.93993749034229,0,0.0,[1203],1.0,0,0.0,[64.22181243199134],[64.22181243199134]
361863,51,,8.329885491760669,74.97765100587249,40,2.629300082486074,0.5360977658036907,0.7456804156650598,4.904516023386817,4.296825214841258,0.348017561848328,0.0681051798779446,"[0.11940376039430234, -0.49822598142453955]",0.5123342527713188,1,0.5123342527713188,40,130.17116244635548,moving,1208,[1193],[1193],1.0,[1193],[64.6538240580533],41.830428504030195,0,0.0,[1193],1.0,0,0.0,[64.6538240580533],[64.6538240580533]
361071,51,,7.421396852201707,73.29415349902193,41,2.5854160093535192,0.525472632764205,0.9128128253008988,4.920172523073473,4.225000211250007,0.730078704915413,0.382061143067085,"[-0.9084886395589615, -1.683497506850557]",1.9129860072096017,1,1.9129860072096017,41,140.37827958971283,moving,1176,[],[],0.0,[],,1.4298643826070825,0,0.0,[],0.0,0,0.0,,
365725,51,,6.669166833395862,71.97978691479892,42,2.634669782670853,0.5438247489916591,0.8685470939198757,4.844703716695435,4.3665377183268825,0.0249558413334895,-0.7051228635819236,"[-0.7522300188058448, -1.3143665842230092]",1.5144007127952306,1,1.5144007127952306,42,150.11555378857952,moving,1150,[],[],0.0,[],,26.43198229004056,0,0.0,[],0.0,0,0.0,,
367138,51,,5.790717433701723,71.39205106162689,43,2.703077650049818,0.5124861648642144,0.922509540097256,5.274440239310676,4.186975209348759,0.4613251187900385,0.436369277456549,"[-0.8784493996941389, -0.5877358531720347]",1.0569327229899037,1,1.0569327229899037,43,159.42238437278382,moving,1138,[],[],0.0,[],,17.542383512168772,0,0.0,[],0.0,0,0.0,,
387203,51,,4.489972879133834,69.76686993589284,44,2.786945520275248,0.5059601991785563,0.8588559066860569,5.508230735935256,4.201762710088127,0.3061723509349118,-0.1551527678551267,"[-1.3007445545678893, -1.625181125734045]",2.081621984818616,1,2.081621984818616,44,169.39774720780363,moving,1121,[1084],[],1.0,[1084],[88.52910491198082],30.90265094388689,0,0.0,[1084],1.0,0,0.0,[88.52910491198082],[88.52910491198082]
367039,51,,3.726521886129847,69.48257107832232,45,2.691542213793985,0.5096354481294048,0.5853145742979742,5.281308872201053,4.265137713256886,0.5393530065653597,0.2331806556304478,"[-0.7634509930039872, -0.2842988575705192]",0.8146675758459253,1,0.8146675758459253,45,171.2680453899772,moving,1137,[],[],0.0,[],,,0,0.0,[],0.0,0,0.0,,
373901,51,,2.91280796457194,69.12145570632211,46,2.658984695686122,0.5324831491881216,0.425992771392627,4.993556509234673,4.3454127172706265,0.0611974671401703,-0.4781555394251893,"[-0.8137139215579068, -0.3611153720002136]",0.8902441564155308,1,0.8902441564155308,46,171.66709922968658,moving,1124,[],[],0.0,[],,,0,0.0,[],0.0,0,0.0,,
291824,52,,98.44531886580177,28.816824581764973,2,2.2106888294372453,0.5185616455785087,1.5994260560134186,4.2631167350817,3.494075174703772,0.3571777176645023,,"[0.07953490259139073, -0.04589768451905485]",0.0918280903342365,1,0.0918280903342365,2,0.6002161088840838,moving,447,[],[],0.0,[],,,0,0.0,[],0.0,0,0.0,,
291800,52,,99.59952122582796,28.54191290213992,6,2.21085671542882,0.5097744850633922,-1.2700476297764318,4.336930898285136,3.4201376710068923,0.5545615596645751,-0.0927108169755048,"[0.10334956077042534, -0.26374433610211057]",0.2832705536009398,1,0.2832705536009398,6,2.428352711720628,moving,447,[397],[397],1.0,[397],[29.217264857604164],,0,0.0,[397],1.0,0,0.0,[29.217264857604164],[29.217264857604164]
283280,52,,100.0749240175727,28.136506902173757,12,2.2316295359689566,0.5123318150009181,1.9130564644885772,4.3558285287533,3.521537676076885,0.9331187772880244,-0.7430407972101052,"[0.19932823788258247, -0.016712900415289056]",0.2000276667305469,1,0.2000276667305469,12,6.457923722011671,moving,440,[],[],0.0,[],,3.791410456113069,0,0.0,[],0.0,0,0.0,,
279833,52,,100.8538795899135,27.377742016203243,13,2.220010920308048,0.5276644698517254,1.9491213875610491,4.207239727419726,3.5743501787175,0.6886181811365033,-0.2445005961515209,"[0.7789555723408057, -0.7587648859705105]",1.08742628985262,1,1.08742628985262,13,7.289562784805328,moving,435,[],[],0.0,[],,17.843746709078705,0,0.0,[],0.0,0,0.0,,
327439,52,,101.09344637440353,26.92544173247401,14,2.235761999272009,0.5256011684471836,-1.0508494376537183,4.25372341898946,3.536325176816254,0.3114321309653315,-0.3771860501711718,"[0.2395667844900231, -0.4523002837292367]",0.5118278918664331,1,0.5118278918664331,14,8.094680519750005,moving,434,[],[],0.0,[],,40.607269884746785,0,0.0,[],0.0,0,0.0,,
314929,52,,101.67386920851258,26.69699184389498,15,2.243282647204421,0.5215973103902863,2.5293526900119123,4.300794123201824,3.591250179562501,0.708730559734778,0.3972984287694465,"[0.5804228341090578, -0.22844988857902493]",0.623762789806317,1,0.623762789806317,15,8.893948325849616,moving,434,[],[],0.0,[],,56.84301175724946,0,0.0,[],0.0,0,0.0,,
337568,52,,102.20895758167174,27.076680571095444,28,2.2604077401412064,0.5097993607407798,2.3029370811615224,4.433916387922987,3.4602751730137573,2.347160066695051,1.1030751489301158,"[0.039526843971941616, -0.10548717745813363]",0.112649527306891,1,0.112649527306891,28,21.36731782538484,moving,436,[],[],0.0,[],,84.41260888486487,0,0.0,[],0.0,0,0.0,,
334757,52,,102.60307582624,26.622438528856765,30,2.292923918332616,0.506430670433608,2.312100333468832,4.52761661605014,3.5130876756543783,0.3839942063776784,0.1950188748003215,"[0.21433895690546478, -0.1593558246870117]",0.2670870032573661,1,0.2670870032573661,30,24.203027930814525,moving,433,[],[],0.0,[],,27.942322295756625,0,0.0,[],0.0,0,0.0,,
341474,52,,102.76380459049516,25.926460220099223,33,2.249816657182012,0.5293459350164338,-1.309126304055999,4.250182174558808,3.553225177661251,0.8527561469428858,-0.3387401252659908,"[0.05494190372971275, -0.2883370622543673]",0.2935249124945341,1,0.2935249124945341,33,27.96685586338695,moving,412,[],[],0.0,[],,29.006859269465956,0,0.0,[],0.0,0,0.0,,
341919,52,,102.483470910254,24.94901298772092,37,2.252050970435957,0.5256378537931903,1.522496473354456,4.284415504295122,3.5595626779781457,0.0126541965819155,-2.2739929873924285,"[-0.011686045272824686, -0.17022054499545547]",0.1706212108521926,1,0.1706212108521926,37,33.95508215474398,moving,416,[],[],0.0,[],,16.90061555062897,0,0.0,[],0.0,0,0.0,,
348843,52,,102.28099551757236,24.636076860202607,38,2.3205614831146177,0.5138541583452231,1.4705250124910134,4.515992418135873,3.5511126775556336,0.50573142011035,0.4930772235284344,"[-0.2024753926816487, -0.3129361275183129]",0.372726849781104,1,0.372726849781104,38,36.1209783861208,moving,409,[],[],0.0,[],,40.5548641514507,0,0.0,[],0.0,0,0.0,,
347322,52,,102.38418281587344,23.867966525646978,39,2.323680823756378,0.5203592747671424,1.6227824258403245,4.46553167481489,3.627162681358138,0.707815907141863,0.202084487031513,"[0.10318729830107998, -0.7681103345556295]",0.7750103899831519,1,0.7750103899831519,39,38.65006949904799,moving,396,[],[],0.0,[],,118.3516834685538,0,0.0,[],0.0,0,0.0,,
352244,52,,102.6758457738505,24.07989495428888,40,2.3033176685156693,0.5105990243422565,1.920304718338334,4.511010712334904,3.5659001782950117,2.0656265518044066,1.3578106446625435,"[0.2916629579770529, 0.21192842864190098]",0.3605286950057504,1,0.3605286950057504,40,41.1266809332417,moving,396,[],[],0.0,[],,109.62192800454612,0,0.0,[],0.0,0,0.0,,
363486,52,,102.76756667174875,23.76787238906748,42,2.3585907549908645,0.5053205037357564,1.823446425318256,4.667514453805391,3.5701251785062573,2.982793475361939,1.0645814159432845,"[-0.0012401161237960423, 0.010101444559651895]",0.0101772820631158,1,0.0101772820631158,42,46.86898110702648,moving,390,[],[],0.0,[],,19.54456672840985,0,0.0,[],0.0,0,0.0,,
375471,52,,103.1052119991884,23.30187183424119,49,2.2993755479797517,0.5306526807271663,-1.1052465754369494,4.333108323939608,3.6398376819918834,1.1409767224644995,-0.6455754528465287,"[0.03639082638932223, -0.2362647829106841]",0.2390509148468804,1,0.2390509148468804,49,73.97401352721441,moving,385,[],[],0.0,[],,64.42749345892719,0,0.0,[],0.0,0,0.0,,
373305,52,,103.563408737952,23.38557882564456,50,2.294433946257165,0.5311707499934113,2.464959731657907,4.319578866655639,3.69898768494938,1.5986669398617823,0.4576902173972828,"[0.4581967387635899, 0.08370699140337123]",0.4657801110217068,1,0.4657801110217068,50,78.76082841094095,moving,394,[],[],0.0,[],,57.9659533839517,0,0.0,[],0.0,0,0.0,,
367890,52,,104.5482296051964,22.306575383650006,51,2.339802826761112,0.5193555610979578,2.2930288433203043,4.50520414533463,3.641950182097514,1.011696740607504,-0.5869701992542782,"[0.9848208672444088, -1.079003441994555]",1.46086295332455,1,1.46086295332455,51,84.3747723761524,moving,375,[],[],0.0,[],,3.468331795974751,0,0.0,[],0.0,0,0.0,,
379291,52,,105.04751245903113,21.821983338077423,52,2.305573827117056,0.5085766117979715,2.30339739219953,4.533385479458361,3.580687679034387,0.0605338093913602,-0.9511629312161438,"[0.49928285383472826, -0.4845920455725832]",0.6957821632993844,1,0.6957821632993844,52,88.21596783883746,moving,375,[],[],0.0,[],,60.64479379861432,0,0.0,[],0.0,0,0.0,,
389208,52,,105.40630549229672,21.92826435772982,55,2.294641428522161,0.5320001629471334,2.596414918428759,4.313234446791302,3.6968751848437575,0.7872348848836443,-1.262933029702359,"[0.005543946193213856, 0.03547199685719704]",0.0359026169022572,1,0.0359026169022572,55,96.2662501984146,moving,378,[],[],0.0,[],,51.24939429617845,0,0.0,[],0.0,0,0.0,,
393025,52,,105.54754117433195,22.27348417918726,56,2.305695085518505,0.5141706688446183,-0.2523271385831455,4.484299134953735,3.654625182731259,0.2333054685561341,-0.5539294163275102,"[0.14123568203523007, 0.3452198214574409]",0.3729936232793585,1,0.3729936232793585,56,100.16146623545193,moving,390,[],[],0.0,[],,18.383760470412597,0,0.0,[],0.0,0,0.0,,
393274,52,,107.10046429855456,24.0831286214024,57,1.643726542546596,0.5146601243901283,2.440930580908625,3.193809787564968,2.6237251311862613,0.3208571491066814,0.0875516805505473,"[1.5529231242226018, 1.8096444422151379]",2.38461385490092,1,2.38461385490092,57,106.54929425178022,moving,418,[],[],0.0,[],,161.1055845535606,0,0.0,[400],1.0,0,0.0,[130.344831825098],[49.655168174902]
393926,52,,106.46819502840972,22.497505357220884,58,2.3198081423153383,0.510289508588565,0.1109084232412596,4.546062780580793,3.671525183576257,2.811822893809759,2.490965744703077,"[-0.632269270144846, -1.585623264181514]",1.707034143150961,1,1.707034143150961,58,111.1455018327936,moving,399,[],[],0.0,[],,,0,0.0,[],0.0,0,0.0,,
395155,52,,106.91353927026393,22.58667761708958,59,2.2821887025568217,0.5087805827643133,0.1849932581365546,4.4856049540200695,3.5595626779781333,2.147844562870253,-0.6639783309395058,"[0.4453442418542011, 0.08917225986869681]",0.454184087879335,1,0.454184087879335,59,116.29644718817237,moving,405,[],[],0.0,[],,,0,0.0,[],0.0,0,0.0,,
292306,53,,92.8174646420549,67.81587110375746,0,2.62932975596509,0.5388689497676936,-0.5642166539672977,4.8793491573388925,4.391887719594393,,,"[0.0, 0.0]",0.0,0,0.0,0,0.0,moving,1025,[],[],0.0,[],,,0,0.0,[],0.0,0,0.0,,
298202,53,,91.98787085808355,67.90809448961659,2,2.5809372546887457,0.5444132508973863,2.821756248216304,4.740768617285572,4.317950215897495,0.3221009432271595,,"[-0.1650379498021266, 0.06320458211378366]",0.1767267497439685,1,0.1767267497439685,2,0.8522565525544175,moving,1031,[],[],0.0,[],,,0,0.0,[],0.0,0,0.0,,
301201,53,,91.02019020825226,68.43650434857142,3,2.6204202912165804,0.5459995807748794,-0.1159295358355304,4.79930824763216,4.27147521357376,0.1340720794225273,-0.1880288638046321,"[-0.9676806498313084, 0.5284098589548307]",1.102552864536938,1,1.102552864536938,3,1.5524852783934842,moving,1053,[],[],0.0,[],,39.17870398204618,0,0.0,[],0.0,0,0.0,,
302464,53,,89.86687349930676,68.22188349132063,5,2.5629317758800907,0.5534765695729987,0.2707525441001006,4.630605732519744,4.345412717270628,0.2442066806134609,-0.4121330571347394,"[-0.12265091791469729, -0.05196222209058021]",0.13320405470521,1,0.13320405470521,5,2.334700296500906,moving,1042,[],[],0.0,[],,162.77691479547155,0,0.0,[],0.0,0,0.0,,
289330,53,,90.1584266441956,68.37537244108498,7,2.642737155453917,0.5367744824450338,0.0898877766879662,4.923365848942971,4.330625216531262,2.392666641810987,-0.4727210320790309,"[-0.013361208417009607, -0.09154394830015633]",0.0925138711801882,1,0.0925138711801882,7,3.678840809851444,moving,1062,[1052],[1052],1.0,[1052],[167.11998809721348],141.83734665181592,0,0.0,[1052],1.0,0,0.0,[167.11998809721348],[12.88001190278652]
289489,53,,88.64410309330128,68.65324733037112,9,1.3556405996451844,0.5331092126879214,3.0788690092412896,2.542894715343753,2.0871501043575007,0.1065737234259859,-1.4864962586806032,"[-0.19890392749552177, 0.05585816096169083]",0.2065984184817636,1,0.2065984184817636,9,5.021715234026444,moving,1068,[1061],[1061],1.0,[1061],[9.050036779752455],178.10670981941402,0,0.0,[],0.0,0,0.0,,
311256,53,,88.96672032124026,68.60500492952356,16,2.610677356137358,0.5471778345744012,0.1903090864421707,4.771167966202362,4.381325219066259,1.4942876013186492,-0.1040349097829969,"[0.03108856666541726, -0.011335194140826843]",0.0330905666847868,1,0.0330905666847868,16,16.962589407839,moving,1088,[],[],0.0,[],,165.5517587381129,0,0.0,[],0.0,0,0.0,,
313829,53,,87.60876086214067,68.46362989128284,17,1.3202914273426964,0.5446113572659722,0.0990156949821171,2.424281847464126,2.13151260657564,2.688227486901548,1.1939398855828989,"[-1.3579594590995896, -0.1413750382407244]",1.3652987929371416,1,1.3652987929371416,17,23.336933155338755,moving,1082,[1083],[1083],1.0,[1083],[154.37158112178247],171.00007103085662,0,0.0,[],0.0,0,0.0,,
318222,53,,88.60689804851147,68.41033504359626,18,2.626305226467791,0.5476564388280447,0.0077787279630892,4.795534280739843,4.394000219700027,2.984514260632622,0.2962867737310741,"[0.9981371863707977, -0.053294847686572666]",0.9995589945601748,1,0.9995589945601748,18,24.77019124834019,moving,1088,[],[],0.0,[],,,0,0.0,[],0.0,0,0.0,,
315691,53,,86.5841936328548,68.51387076046383,19,1.281910919679088,0.5448762961855382,2.815468561176324,2.352664134324131,2.1294001064700123,3.139391138262023,0.1548768776294014,"[-2.022704415656662, 0.1035357168675688]",2.025352511980134,1,2.025352511980134,19,39.34087099489659,moving,1089,[],[],0.0,[],,,0,0.0,[],0.0,0,0.0,,
298129,54,,17.937249319763225,68.5783886595318,2,2.38016021904121,0.4985142237272769,-1.522807193832181,4.77450813989879,3.7433501871675015,0.5504167056215914,,"[0.049088017666452544, -0.13734890387956966]",0.1458573099825347,1,0.1458573099825347,2,1.0982002796124286,moving,1024,[],[],0.0,[],,,0,0.0,[],0.0,0,0.0,,
300518,54,,17.9865892390694,68.09062984999828,3,2.45133628037278,0.500969034892084,1.595600363480988,4.893189218572828,3.7750376887518735,0.2424354141166907,-0.3079812915049006,"[0.049339919306174096, -0.487758809533517]",0.4902479820608071,1,0.4902479820608071,3,2.034567046441667,moving,1021,[],[],0.0,[],,,0,0.0,[],0.0,0,0.0,,
291544,54,,17.965096764035412,67.49849740680021,4,2.4771934219980847,0.5087924503326353,1.510317070801437,4.868770007059971,3.783487689174377,0.1370942683175069,-0.1053411457991838,"[-0.021492475033987546, -0.5921324431980679]",0.59252236816073,1,0.59252236816073,4,3.202943458532426,moving,1024,[],[],0.0,[],,88.8730466530875,0,0.0,[],0.0,0,0.0,,
288928,54,,18.500597857758923,67.46850489547302,7,2.384206156532445,0.5046945490341358,1.6703067529227045,4.7240576722995,3.730675186533761,1.6038829678328028,-0.679369191010486,"[0.15377271887722443, -0.05817004325963637]",0.1644074298920881,1,0.1644074298920881,7,7.849826427072329,moving,1021,[],[],0.0,[],,170.26468558188978,1,0.0,[984],1.0,0,0.0,[77.44244378372115],[77.44244378372115]
289557,54,,18.08798025017928,67.4212769380571,8,2.424394323298391,0.5073832065669254,1.4446756641996077,4.7782313090384205,3.625050181252504,2.665980922085842,1.062097954253039,"[-0.4126176075796444, -0.047227957415913124]",0.4153116541182401,1,0.4153116541182401,8,9.425861235488895,moving,1025,[985],[985],1.0,[985],[61.27859577330376],25.90357359728516,0,0.0,[985],1.0,0,0.0,[61.27859577330376],[61.27859577330376]
286912,54,,17.337195033057448,66.94420372202225,10,2.3999586585055117,0.5093865398415821,1.1238231782114525,4.711468542635407,3.781375189068749,0.0053742496143317,-0.4455038268106595,"[-0.17062134666740292, -0.10941486253256016]",0.2026900492910718,1,0.2026900492910718,10,12.913114830093845,moving,1021,[],[],0.0,[],,9.79717396907649,0,0.0,[],0.0,0,0.0,,
289057,54,,16.567214344528725,66.62312355612536,12,2.361920153439492,0.5151134959366332,0.8775690094969675,4.58524222733633,3.679975183998763,0.4913684405435242,0.2011111742549101,"[-0.1456084746266484, -0.14156729216875874]",0.2030840370267786,1,0.2030840370267786,12,16.476723647328196,moving,1019,[],[],0.0,[],,1.697782360415976,0,0.0,[],0.0,0,0.0,,
284363,54,,16.125513629129614,66.45411657413698,13,2.363187418861997,0.5083801992266925,0.8635596057574825,4.648464716872707,3.673637683681872,0.4058856883115488,-0.0854827522319754,"[-0.4417007153991115, -0.16900698198838882]",0.4729301025996447,1,0.4729301025996447,13,18.291386144519084,moving,1028,[],[],0.0,[],,21.111070933206413,0,0.0,[],0.0,0,0.0,,
310876,54,,15.671764093763665,66.04485097821158,16,2.436510438269788,0.4786673496521021,0.8143518339864867,5.090195602521575,3.610262680513132,2.7963292281681698,0.0296277971234339,"[-0.19990670243072017, -0.1978177177947913]",0.2812375137677479,1,0.2812375137677479,16,23.671902095935184,moving,1035,[],[],0.0,[],,9.411499895748644,0,0.0,[],0.0,0,0.0,,
317701,54,,15.131707650348464,65.36685933073694,18,2.4203023169111577,0.5035757528161243,0.7740536833620111,4.806232832649723,3.8151751907587617,0.1481564148358279,0.012035036115679,"[-0.07646534547687622, -0.0738662546199862]",0.1063163798785618,1,0.1063163798785618,18,27.462437936340912,moving,1028,[],[],0.0,[],,6.396981079005708,0,0.0,[],0.0,0,0.0,,
315214,54,,14.408188279667751,64.6417260754013,19,2.419801619573619,0.5124220890733603,0.7175498088551404,4.722282023301285,3.777150188857498,0.0184013883637283,-0.1297550264720996,"[-0.7235193706807106, -0.7251332553356491]",1.0243527311155505,1,1.0243527311155505,19,29.3153939604901,moving,1022,[],[],0.0,[],,23.204731152054173,0,0.0,[],0.0,0,0.0,,
317941,54,,13.579370843081492,62.56232170794337,21,2.448367811255316,0.496616778503965,0.9076566762248908,4.930094828110541,3.817287690864381,1.2433188943558924,0.9485726415024884,"[0.17802918966580172, -0.18965828423161213]",0.2601243109567827,1,0.2601243109567827,21,32.0958656690798,moving,979,[],[],0.0,[],,9.20634008580406,0,0.0,[],0.0,0,0.0,,
313047,54,,13.104401383751982,61.7698917610327,22,2.485942628312733,0.5170394385032235,1.0435805413499788,4.808032894955333,3.8003876900193823,1.2937471331214734,0.050428238765581,"[-0.4749694593295093, -0.7924299469106657]",0.923872939346427,1,0.923872939346427,22,33.27517906556014,moving,971,[],[],0.0,[],,11.883431933237988,0,0.0,[],0.0,0,0.0,,
323501,54,,11.805435423197316,60.36817733646231,24,2.395953343424985,0.5018103246834352,1.0485451250055082,4.774619463910914,3.766587688329381,2.2224931714013763,2.1051662616670987,"[-0.05596470062612191, 0.20885717962926975]",0.2162252741907488,1,0.2162252741907488,24,34.21741541647664,moving,940,[],[],0.0,[],,0.4065356746012083,0,0.0,[],0.0,0,0.0,,
325780,54,,11.214950468849851,59.72184631444282,25,2.4478613264688693,0.5101665580779174,0.907912244074876,4.7981610862368775,3.922912696145633,2.1395104535126004,-0.0829827178887758,"[-0.5904849543474633, -0.6463310220194884]",0.8754520382839269,1,0.8754520382839269,25,34.41872784163171,moving,941,[],[],0.0,[],,74.80257912651277,0,0.0,[],0.0,0,0.0,,
321552,54,,11.443114716743027,59.362149172892174,26,2.347770661078985,0.5239322937485215,0.895362007407528,4.481057360067739,3.7475751873787546,1.3055512947412304,-0.83395915877137,"[0.2281642478931758, -0.35969714155064736]",0.4259588685030105,1,0.4259588685030105,26,34.18604500989335,moving,939,[],[],0.0,[],,110.05557837853218,1,0.0,[882],1.0,1,1.0,[61.45924561727699],[61.45924561727699]
341194,54,,11.868880739665263,59.9158864453459,28,2.4821147544907274,0.4950446463520105,0.4825422848863361,5.013921012541917,3.751800187590005,0.1518441378739437,-1.803227988056841,"[0.11039746777601245, 0.11314926004227743]",0.158083382869518,1,0.158083382869518,28,34.18986902534304,moving,952,[],[],0.0,[],,31.538856954716472,0,0.0,[],0.0,0,0.0,,
335434,54,,13.163652083477391,60.410431334822576,30,2.4255653191592925,0.5331084208666687,0.4371807682379104,4.549853696207006,4.013750200687505,2.893764583390369,2.5147285593561577,"[-0.23888743511079724, -0.18790214660199922]",0.3039316096615397,1,0.3039316096615397,30,36.055478895053135,moving,972,[],[],0.0,[],,29.863584320298585,0,0.0,[],0.0,0,0.0,,
345226,54,,13.453594394857078,60.76553329081246,31,2.4091207068573244,0.5274130891991066,0.4413265352804369,4.567806063584145,3.922912696145635,2.922019508258926,0.0282549248685572,"[0.2899423113796846, 0.3551019559898876]",0.4584364111586667,1,0.4584364111586667,31,37.39026717784228,moving,969,[],[],0.0,[],,57.01654649398985,0,0.0,[],0.0,0,0.0,,
348447,54,,14.24128013369222,60.67929082349447,35,2.5151604101821423,0.5253129762303499,0.5317389214659436,4.78792743371952,3.990512699525633,0.5644267328965381,-1.846059983077613,"[-0.08320249969594684, -0.18204231316050823]",0.2001550892095491,1,0.2001550892095491,35,44.60067689544043,moving,974,[],[],0.0,[],,50.72704362223383,0,0.0,[],0.0,0,0.0,,
346823,54,,14.778662804186885,61.20698289160249,37,2.4676026273509866,0.5223999113495559,0.8050987963498567,4.723589291920511,3.910237695511886,0.8281470765340719,-1.7069184781687188,"[0.050115101914395055, 0.2385374065643049]",0.2437449851182885,1,0.2437449851182885,37,48.938779311666366,moving,986,[],[],0.0,[],,29.858716015015215,0,0.0,[],0.0,0,0.0,,
355429,54,,14.872433705144152,61.54142188485545,38,2.49048609902566,0.5422032596457012,0.6745517288643703,4.593270244544546,4.066562703328133,0.0662820104773047,-0.7618650660567672,"[0.09377090095726892, 0.33443899325295945]",0.347336180197789,1,0.347336180197789,38,51.90328411123713,moving,994,[],[],0.0,[],,142.9381119466641,0,0.0,[],0.0,0,0.0,,
353092,54,,14.009958333442796,60.88497351092229,39,1.3503839309860195,0.5106069776024222,0.8050561256916928,2.6446640767167096,2.0111001005550047,2.4947406800535346,2.42845866957623,"[-0.8624753717013558, -0.6564483739331592]",1.083876484859267,1,1.083876484859267,39,55.26809092638508,moving,1000,[1028],[1028],1.0,[1028],[27.813040118805787],161.3707483201394,0,0.0,[],0.0,0,0.0,,
360192,54,,14.487270860053172,61.59008806575551,40,2.432763634337568,0.5176596491080417,0.7708513744462089,4.699542717940955,3.804612690230633,2.816450874593541,0.3217101945400062,"[0.47731252661037615, 0.7051145548332158]",0.8514774122058818,1,0.8514774122058818,40,58.18582056461487,moving,993,[],[],0.0,[],,161.8316330960666,0,0.0,[],0.0,0,0.0,,
365245,54,,13.850490028405762,61.097281024852606,42,2.519061388614171,0.5545651800139301,0.8394158192424827,4.542408141367431,4.23133771156688,1.3328228311463706,-1.4102398320160965,"[0.0224261399280703, -0.06355561243984909]",0.0673961988889409,1,0.0673961988889409,42,63.99258362065551,moving,980,[],[],0.0,[],,83.4736132971799,0,0.0,[],0.0,0,0.0,,
372138,54,,13.901169214416347,61.01363280513738,46,2.512398888084463,0.4964400863895873,1.0048668082106524,5.060830011444377,3.840525192026256,0.175834291290534,-0.4366111270102268,"[0.04807859031113004, 0.05277479963373821]",0.0713913882949946,1,0.0713913882949946,46,73.93165450440186,moving,988,[],[],0.0,[],,59.94996778038981,0,0.0,[],0.0,0,0.0,,
380056,54,,13.325763564830424,59.96436970801416,49,1.2975224093395696,0.5103900749881991,1.0675808084006668,2.542217164723609,2.0089876004493763,0.448924112372708,-0.0639987582226415,"[-0.05057434919604731, -0.09314771699143165]",0.1059918014627526,1,0.1059918014627526,49,80.11037867977171,moving,981,[1015],[1015],1.0,[1015],[26.272087728346747],152.88838631782724,0,0.0,[],0.0,0,0.0,,
378673,54,,13.974178836351747,60.40417999710055,50,2.435947324465093,0.516719966624336,0.9782597831424564,4.714250429258267,3.872212693610634,2.6642119983393173,2.2152878859666094,"[0.6484152715213227, 0.4398102890863882]",0.7835020451334656,1,0.7835020451334656,50,81.60602752819472,moving,976,[],[],0.0,[],,157.9695741586785,0,0.0,[],0.0,0,0.0,,
371653,54,,13.26681447523803,59.34837390730482,51,1.3536764422041057,0.4843332655743303,1.15319141849995,2.7949276632875795,1.9815250990762523,2.757089187042292,0.0928771887029742,"[-0.7073643611137168, -1.0558060897957304]",1.2708622421897533,1,1.2708622421897533,51,84.62696217117131,moving,973,[],[],0.0,[],,80.80036927543323,0,0.0,[],0.0,0,0.0,,
383035,54,,13.64696417250804,58.99362106771549,52,1.3104957031711963,0.4763945044041494,1.364612555387416,2.750862344246181,1.9371625968581272,1.4102324806835749,-1.346856706358717,"[0.38014969727001, -0.3547528395893309]",0.5199647772024311,1,0.5199647772024311,52,84.176142072977,moving,974,[],[],0.0,[],,20.35186908161077,0,0.0,[],0.0,0,0.0,,
379825,54,,14.57404180081548,58.606407542509466,53,1.3971404112411547,0.4685651895423626,-1.4632373507324876,2.9817417990562025,1.911812595590629,0.3552071244089425,-1.0550253562746323,"[0.9270776283074404, -0.3872135252060218]",1.0046926112053494,1,1.0046926112053494,53,82.57049234459393,moving,965,[1007],[1007],1.0,[1007],[29.379944961211578],83.68090950091486,0,0.0,[951],1.0,0,0.0,[45.06496117342673],[45.06496117342673]
390702,54,,15.169732174685269,59.68159358023711,55,2.503153117828488,0.4758217622438319,1.5821349557647837,5.260694899754843,3.800387690019384,0.6979526469987067,-0.7777610779242934,"[0.026985955773136894, 0.0108447525197235]",0.0290835084919916,1,0.0290835084919916,55,81.72566760560642,moving,966,[],[],0.0,[],,5.60010338834798,0,0.0,[],0.0,0,0.0,,
395029,54,,15.359834484494542,60.12114937414506,56,2.4623314368614806,0.490639727162804,1.6682762728371958,5.018614067597568,3.671525183576258,0.780486556508839,0.0825339095101322,"[0.1901023098092729, 0.4395557939079495]",0.4789031051819027,1,0.4789031051819027,56,85.03691050311471,moving,971,[],[],0.0,[],,142.02394258870103,0,0.0,[946],1.0,0,0.0,[25.30764482501612],[25.30764482501612]
395323,54,,15.585150335103643,59.25541678491336,57,1.35149096484261,0.4778961781684012,1.738766654843317,2.8280011989683067,1.9371625968581287,2.478785414836232,1.6982988583273928,"[0.22531585060910153, -0.8657325892317047]",0.8945726066639501,1,0.8945726066639501,57,90.28683142210151,moving,987,[1024],[1024],1.0,[1024],[28.73979529168804],174.6000324316991,0,0.0,[944],1.0,0,0.0,[17.59242456218159],[17.59242456218159]
396180,54,,15.442358383069394,60.13819096533817,58,2.468819507504493,0.4823005104657719,1.712475741764519,5.118840751630723,3.76870018843501,3.047345440022031,0.568560025185799,"[-0.14279195203424955, 0.8827741804248106]",0.8942481731546604,1,0.8942481731546604,58,89.21269387087548,moving,984,[],[],0.0,[],,,0,0.0,[],0.0,0,0.0,,
397348,54,,15.667722845637591,59.050716630940975,59,1.4179665048358563,0.4814294385506298,1.793944908644996,2.945325713991907,2.0258876012943774,3.0976133018468066,0.0502678618247758,"[0.22536446256819787, -1.0874743343971929]",1.1105807350036605,1,1.1105807350036605,59,98.92922396031966,moving,990,[],[],0.0,[],,,0,0.0,[],0.0,0,0.0,,
296528,56,,9.254894867387804,82.35698481754625,0,1.5881650423364877,0.5030034474959201,2.7268182179687277,3.1573641298937014,2.389237619461879,,,"[0.0, 0.0]",0.0,0,0.0,0,0.0,moving,1285,[],[],0.0,[],,,0,0.0,[],0.0,0,0.0,,
291819,56,,10.50429274336497,81.88837978551446,1,1.5980159702600996,0.490081056157686,2.7525559569395206,3.26071769186265,2.378675118933752,,,"[1.2493978759771664, -0.46860503203178894]",1.334385899409076,1,1.334385899409076,1,0.734345812580803,moving,1267,[1286],[1286],1.0,[1286],[7.605779574381851],,0,0.0,[],0.0,1,0.0,,
300964,56,,9.682718803652502,84.05275619261676,2,2.195249945477286,0.5172562821495124,2.054062445472132,4.244027615004878,3.270150163507508,2.2924117219302933,,"[-0.8215739397124686, 2.1643764071022957]",2.315061331808665,1,2.315061331808665,2,1.6231682442077604,moving,1298,[1271],[1271],1.0,[1271],[32.951760718859674],142.81849447017655,0,0.0,[1271],1.0,0,0.0,[32.951760718859674],[32.951760718859674]
304393,56,,9.08338656395154,82.015780907873,3,1.570113965531805,0.4991790571670483,2.601430391775364,3.145392305603824,2.391350119567501,2.492652961245894,0.2002412393156007,"[-0.5993322397009635, -2.036975284743761]",2.123315201330669,1,2.123315201330669,3,2.672213463206518,moving,1279,[1312],[],1.0,[1312],[9.086936643352008],127.936062727499,0,0.0,[],0.0,0,0.0,,
294592,56,,8.503606534429325,82.82356241541784,4,1.6006984556306136,0.5027931543752822,2.689355825504106,3.1836122701779286,2.450500122525007,2.232905526632855,-0.2597474346130393,"[-0.5797800295222135, 0.8077815075448456]",0.9943117451605418,1,0.9943117451605418,4,3.991610297186555,moving,1312,[1331],[1331],1.0,[1331],[11.528492464892325],45.00881069440651,0,0.0,[],0.0,0,0.0,,
304064,56,,8.016911369404218,82.90345838045705,5,1.572711714239087,0.496769260688425,-0.5869501630862144,3.1658796924343027,2.433600121680012,0.7855519390242302,-1.4473535876086243,"[-0.48669516502510746, 0.07989596503921348]",0.4932094371444688,1,0.4932094371444688,5,5.7897612957591935,moving,1295,[1330],[],1.0,[1330],[10.820141743580109],0.5312682758024463,0,0.0,[],0.0,0,0.0,,
301557,56,,6.857121714368558,83.08282230996903,6,1.629311847959084,0.4839566155104304,2.466302295515603,3.366648570844814,2.418812620940631,0.009272380624146,-0.7762795584000841,"[-1.1597896550356595, 0.17936392951197888]",1.173577208000271,1,1.173577208000271,6,7.845958799126793,moving,1297,[1329],[],1.0,[1329],[4.934366190741361],47.53232818220923,0,0.0,[],0.0,0,0.0,,
291770,56,,6.53040951998545,83.57314390219445,7,1.5909035222534826,0.5022278106891094,-0.735625908002357,3.167693003839424,2.408250120412501,0.8295956279180422,0.8203232472938962,"[-0.3267121943831084, 0.4903215922254134]",0.589199560218005,1,0.589199560218005,7,9.967686092074004,moving,1320,[1349],[],1.0,[1349],[0.9843667030547181],20.723980686590245,0,0.0,[],0.0,0,0.0,,
293812,56,,5.790118558015274,84.10313265320185,8,1.5943188706056393,0.4825539573549505,-0.8262326282528536,3.3039183417843403,2.378675118933752,0.3617016971007148,-0.4678939308173274,"[-0.7402909619701763, 0.5299887510074086]",0.9104497704811187,1,0.9104497704811187,8,12.089127496703188,moving,1327,[1357],[],1.0,[1357],[15.776567600461043],0.9278975578541336,0,0.0,[],0.0,0,0.0,,
293900,56,,5.219741710052274,84.52561332103893,9,1.6226330900030808,0.4889709250099508,2.0112376877223115,3.318465387221253,2.4251501212575,0.0161948675057692,-0.3455068295949456,"[-0.5703768479629998, 0.42248066783707827]",0.7098025523962778,1,0.7098025523962778,9,14.379581550688323,moving,1325,[1362],[1362],1.0,[1362],[4.2794635302452235],34.47152614952807,0,0.0,[],0.0,0,0.0,,
291117,56,,4.803056146043151,85.73569011968479,10,1.583120436807958,0.5088588072872802,-1.1986441148851723,3.1111192616426413,2.4948626247431287,0.601641629496588,0.5854467619908188,"[-0.41668556400912315, 1.2100767986458578]",1.2798096412649065,1,1.2798096412649065,10,16.894691544803244,moving,1349,[1392],[],1.0,[1392],[0.8291140398132342],3.828416966683639,0,0.0,[],0.0,0,0.0,,
294628,56,,4.574141118060386,86.27947677917156,12,1.6196848760201483,0.4963563461211428,-1.1693872206627935,3.263149325434113,2.4695126234756284,1.6170395321781708,1.1183237038367189,"[0.17504962928182444, 0.17459641574417617]",0.2472372971507684,1,0.2472372971507684,12,22.100953493288547,moving,1342,[1390],[],1.0,[1390],[5.440332031005497],47.75947065090736,0,0.0,[],0.0,0,0.0,,
288407,56,,3.8275275364739247,86.54256426639604,13,1.6170643555692996,0.4972947708352545,1.680707168198368,3.2517220176139885,2.437825121891252,2.018702196912497,0.4016626647343264,"[-0.7466135815864616, 0.2630874872244817]",0.7916102994172421,1,0.7916102994172421,13,24.866813519171444,moving,1352,[1403],[],1.0,[1403],[0.8873757726893814],58.15939691746782,0,0.0,[],0.0,0,0.0,,
331468,56,,3.355399004952511,88.6846771177406,14,1.5938213667979646,0.5097831170849891,1.4727459783136423,3.126469499248341,2.4800751240037537,1.0150729671840542,-1.003629229728443,"[-0.47212853152141365, 2.1421128513445638]",2.1935252034503967,1,2.1935252034503967,14,27.700800777489448,moving,1397,[1449],[1449],1.0,[1449],[9.782407031807281],3.6509520151140378,0,0.0,[1466],1.0,0,0.0,[68.9076604941725],[68.9076604941725]
324597,56,,3.2333826895302336,89.10795585088796,15,1.5956674262715247,0.4937697528638325,1.3934615121109135,3.231602213413756,2.429375121468752,0.0637211334960617,-0.9513518336879924,"[-0.12201631542227753, 0.423278733147356]",0.4405143211792998,1,0.4405143211792998,15,30.303056140216555,moving,1394,[1372],[1372],1.0,[1372],[35.58010862562455],137.56114101906132,1,1.0,[1486],1.0,1,1.0,[75.43325521539973],[75.43325521539973]
314409,56,,3.6767517343067055,88.83646394613395,16,1.6250297277916002,0.4994628104312013,1.5110558956771496,3.253555007205968,2.465287623264381,2.400894833582848,2.337173700086786,"[0.443369044776472, -0.27149190475401497]",0.5198884151555643,1,0.5198884151555643,16,32.80414359812485,moving,1396,[],[],0.0,[],,18.87032726909364,0,0.0,[],0.0,0,0.0,,
317192,56,,4.029306249323568,88.41103907335473,17,1.634178393921074,0.494413358337725,1.6860231719061975,3.3052877038261483,2.4737376236868807,0.329349341774554,-2.0715454918082936,"[0.3525545150168625, -0.42542487277921737]",0.5525224053719346,1,0.5525224053719346,17,35.65657639391872,moving,1386,[1440],[],1.0,[1440],[2.169468098217493],144.64681192238015,1,1.0,[1354],1.0,1,1.0,[68.75363995250017],[68.75363995250017]
322124,56,,3.992683152666197,88.8985946346285,18,1.5396041111103187,0.5315479424274883,1.58981750701123,2.8964539004312777,2.3850126192506305,2.5245631205585224,2.1952137787839683,"[-0.03662309665737107, 0.48755556127376565]",0.4889291119761144,1,0.4889291119761144,18,38.95768935218036,moving,1408,[1456],[1456],1.0,[1456],[5.3080858041946755],4.5975420988857,0,0.0,[],0.0,0,0.0,,
318737,56,,3.9953147550552712,89.39820051081668,19,1.5679229613768004,0.5415722647795507,1.5917190550794371,2.8951315703270555,2.450500122525008,0.0802422471246061,-2.444320873433916,"[0.002631602389074228, 0.4996058761881841]",0.4996128069344273,1,0.4996128069344273,19,42.43617851432823,moving,1412,[1459],[1459],1.0,[1459],[8.161402968093824],31.62795593647386,0,0.0,[],0.0,0,0.0,,
320256,56,,3.6986315227364046,89.88565716834303,22,1.5989870429859796,0.482132976437447,1.886385877602616,3.316485536420128,2.368112618405624,1.980648162018377,1.2554724553542236,"[-0.005276980812485288, -0.06802487163655258]",0.068229243639841,1,0.068229243639841,22,52.78433197136104,moving,1431,[1475],[],1.0,[1475],[18.745492012427903],17.39419893546345,0,0.0,[],0.0,0,0.0,,
323004,56,,3.4759470565956376,90.7833356029166,23,1.5806514334608734,0.5121260371263949,1.5339166317210755,3.0864500511048254,2.4167001208350043,2.8210148001724265,0.8403666381540496,"[-0.22268446614076698, 0.8976784345735638]",0.9248864488999946,1,0.9248864488999946,23,56.44079412833096,moving,1442,[1489],[1489],1.0,[1489],[14.302888567969404],28.706026389228896,0,0.0,[],0.0,0,0.0,,
328838,56,,3.817802868506773,92.07958351308228,24,1.6201876704522096,0.4974336590997431,1.380728989866031,3.2570929626765306,2.4885251244262543,0.5010146756564265,-2.320000124516,"[0.34185581191113545, 1.2962479101656754]",1.340568551304372,1,1.340568551304372,24,59.75987911413095,moving,1456,[1509],[],1.0,[1509],[9.339680255864607],64.58423918051476,0,0.0,[],0.0,0,0.0,,
330196,56,,4.958587264404601,92.293934907461,25,1.6094926680516473,0.5097275247051941,1.6888009666353443,3.1575549485629857,2.4969751248487557,1.1272076185954922,0.6261929429390657,"[1.1407843958978279, 0.21435139437872408]",1.1607478443641734,1,1.1607478443641734,25,62.6133611428936,moving,1469,[],[],0.0,[],,78.5533932908713,0,0.0,[],0.0,0,0.0,,
333707,56,,5.19629183161741,91.7081961530918,27,1.6373641953917553,0.5078418730577063,-1.3337465870538687,3.22416146099418,2.511762625588129,2.709645094412515,1.4743919878260203,"[-0.16661816201398327, 0.1183407535718004]",0.2043676732481426,1,0.2043676732481426,27,69.84917256734775,moving,1467,[1518],[1518],1.0,[1518],[3.3091521678025373],160.93165870928215,0,0.0,[],0.0,1,0.0,,
345339,56,,5.142442805545896,92.7288924013408,28,1.6366926792350376,0.4832880570116735,-1.3428115412298134,3.386577953850625,2.4568376228418787,0.9005151425475351,-1.80912995186498,"[-0.053849026071514317, 1.0206962482489956]",1.0221157218233294,1,1.0221157218233294,28,74.17377008717035,moving,1483,[],[],0.0,[],,101.47656776539272,0,0.0,[1429],1.0,0,0.0,[2.173885017260858],[2.173885017260858]
342348,56,,5.926849106504603,92.61226938706685,29,1.6242371223931646,0.4952591242262011,2.193498319695993,3.279570315702699,2.433600121680004,1.7711002211292302,0.8705850785816951,"[0.7844063009587074, -0.11662301427394084]",0.7930284814822619,1,0.7930284814822619,29,77.95676887302662,moving,1478,[],[],0.0,[],,54.33113237443496,0,0.0,[],0.0,0,0.0,,
349781,56,,6.277926478991989,91.92950616038635,31,1.6191662204323676,0.4789257306682173,2.281359903729953,3.380829462165749,2.3702251185112444,1.1296084909364348,0.3081027119972349,"[-0.05406489245986901, -0.09271694516115758]",0.1073286751838216,1,0.1073286751838216,31,88.20079909830805,moving,1478,[1512],[1512],1.0,[1512],[11.153901532298313],175.16289646344097,1,1.0,[],0.0,1,0.0,,
348031,56,,5.860313628370145,92.94395905024794,34,1.6257262497295475,0.5111201061061054,1.773288479333292,3.1807127724145072,2.465287623264378,1.8006208488546154,-0.2702555223133389,"[-0.06035467440860476, 0.2628555427418604]",0.269695611890677,1,0.269695611890677,34,106.38006628776336,moving,1501,[1541],[1541],1.0,[1541],[30.97796327106159],0.4861437813038941,0,0.0,[],0.0,0,0.0,,
354332,56,,5.729573140102724,93.25404923753906,35,1.6399219570077526,0.4869217775795876,1.7202157201718151,3.367937177013419,2.4695126234756293,0.1733055544807542,-1.6273152943738611,"[-0.13074048826742057, 0.3100901872911237]",0.3365248869350493,1,0.3365248869350493,35,113.0785941556144,moving,1518,[1558],[1558],1.0,[1558],[36.01559705349777],63.214959553315374,0,0.0,[],0.0,0,0.0,,
355096,56,,6.559222386202887,94.23048283624406,36,1.5739710366717674,0.5033336377598164,2.110231531463918,3.127092883513666,2.344875117243756,1.1033091807203972,0.9300036262396428,"[0.8296492461001623, 0.9764335987050003]",1.281304196603822,1,1.281304196603822,36,120.1930659731255,moving,1535,[1567],[1567],1.0,[1567],[28.49359591513652],33.53593032080487,0,0.0,[],0.0,0,0.0,,
355592,56,,6.67191333206397,95.1730570011762,37,1.6374496585361658,0.4959802456124544,-0.9921637662395256,3.3014412832393827,2.5138751256937573,0.5853124018174433,-0.5179967789029539,"[0.11269094586108341, 0.9425741649321395]",0.9492867352262886,1,0.9492867352262886,37,126.44795713383904,moving,1548,[1591],[1591],1.0,[1591],[39.849917661980186],43.62439792411436,0,0.0,[],0.0,0,0.0,,
358791,56,,6.460854735296406,95.45511637674788,38,1.6589956970521065,0.4986175382195777,-1.077517710160315,3.327190822400494,2.486412624320633,0.7613893779759988,0.1760769761585555,"[-0.21105859676756378, 0.28205937557166294]",0.3522828730116885,1,0.3522828730116885,38,131.81261434449044,moving,1556,[1594],[1594],1.0,[1594],[41.62246554863057],66.50889308321129,0,0.0,[],0.0,0,0.0,,
362491,56,,6.99311888412319,96.3881906867902,40,1.5952566776790067,0.4780687004548052,-0.8712511280725015,3.3368774742236367,2.378675118933751,1.196619700318745,0.0170628017118892,"[-0.01326251047857685, 0.01710760451632609]",0.0216463464926851,1,0.0216463464926851,40,143.01670973639966,moving,1580,[1610],[1610],1.0,[1610],[41.15947160116748],156.19083131324658,0,0.0,[],0.0,0,0.0,,
361490,56,,6.608944510195216,96.1040347809954,41,1.5726333583405558,0.4970690445659407,2.4990870812320507,3.163812704759835,2.35966261798312,1.548182299972402,0.3515625996536566,"[-0.3841743739279737, -0.28415590579480465]",0.4778436233549805,1,0.4778436233549805,41,148.84817146302206,moving,1563,[1589],[1589],1.0,[1589],[16.88866847381847],105.9842725711166,0,0.0,[],0.0,0,0.0,,
368977,56,,6.395359580173642,96.6751618371652,42,1.5537133656042958,0.5218451920434724,-0.4793873049002311,2.9773453684993685,2.4293751214687545,1.8497745116971165,0.3015922117247143,"[-0.21358493002157442, 0.5711270561697859]",0.6097578508075863,1,0.6097578508075863,42,155.18283376177624,moving,1576,[],[],0.0,[],,101.44020762623258,0,0.0,[],0.0,0,0.0,,
369795,56,,7.2105044459542045,96.80520351702155,43,1.5410220733393898,0.4835730186782855,-0.707524044761135,3.186741223799772,2.3110751155537663,1.7704656169844109,-0.0793088947127054,"[0.8151448657805629, 0.13004167985636172]",0.8254525974932033,1,0.8254525974932033,43,160.9136668392915,moving,1573,[],[],0.0,[],,19.033349023925428,0,0.0,[],0.0,0,0.0,,
388610,56,,7.546477361620693,96.98457734413552,44,1.5905735126751095,0.4998878728038263,-0.2761870158065881,3.1818605715592287,2.4061376203068847,0.332194608148764,-1.4382710088356467,"[0.33597291566648835, 0.1793738271139773]",0.3808579392830827,1,0.3808579392830827,44,168.19575020096835,moving,1600,[1612],[1612],1.0,[1612],[6.061325826200581],142.8000211038847,1,1.0,[],0.0,0,0.0,,
380944,56,,6.77074027253869,97.10886502095008,47,1.6149157203298552,0.5102990493881235,2.667494512016389,3.164645754810297,2.45472512273626,0.8713762963132544,0.4966770996672084,"[-0.13202908674301117, 0.21597600069047473]",0.2531349691774044,1,0.2531349691774044,47,194.3398467523974,moving,1596,[1602],[1602],1.0,[1602],[134.61023880468193],28.11010347681637,0,0.0,[],0.0,0,0.0,,
376165,56,,6.1720489109371455,97.56350411553326,48,1.641580858028718,0.4926706550586769,3.0102972303454005,3.332004537256651,2.520212626010628,0.3726169729034925,-0.4987593234097619,"[-0.5986913616015448, 0.45463909458317175]",0.751749993534897,1,0.751749993534897,48,202.5768545136952,moving,1608,[1590],[1590],1.0,[1590],[144.78240703180728],47.10306508404915,0,0.0,[],0.0,0,0.0,,
383392,56,,5.367988308017185,97.42331101644258,49,1.6387413194458922,0.5075097702609824,2.9423739532040267,3.2289847712748148,2.5603501280175016,0.822103573497822,0.4494866005943295,"[-0.8040606029199608, -0.14019309909068056]",0.8161908834339308,1,0.8161908834339308,49,210.5883184283184,moving,1608,[1592],[],1.0,[1592],[142.1227510668284],17.65390582043186,0,0.0,[],0.0,0,0.0,,
382297,56,,4.549818442665718,97.53485460077162,50,1.5713561141714405,0.5177051427191447,0.0391727357353318,3.035233735400426,2.393462619673123,0.3081187824035267,-0.5139847910942953,"[-0.8181698653514662, 0.11154358432904132]",0.825738396693654,1,0.825738396693654,50,218.89769798269035,moving,1614,[1587],[1587],1.0,[1587],[15.832779038453594],25.854134279381334,0,0.0,[],0.0,0,0.0,,
390385,56,,3.541645314384424,97.20551415112048,54,1.6035081092744352,0.5300782948167436,0.0659322713197491,3.025040121344325,2.463175123158774,1.8459255687825395,0.5175591624585629,"[-0.17538985195091916, -0.12969083799701764]",0.2181314136655562,1,0.2181314136655562,54,235.74911979589328,moving,1613,[],[],0.0,[],,175.06731240535365,1,0.0,[1564],1.0,1,1.0,[144.78240703180728],[35.21759296819272]
391745,56,,4.491689739520775,97.42761048539354,55,1.6681138364319994,0.5151909355954222,0.353781923055269,3.237855562237539,2.6068251303412557,2.7345326396183065,0.888607070835767,"[0.9500444251363511, 0.2220963342730613]",0.9756593623956012,1,0.9756593623956012,55,236.88048140361107,moving,1620,[],[],0.0,[],,,0,0.0,[],0.0,0,0.0,,
397447,56,,5.3478630137883485,96.91405147620698,56,1.6436214516501215,0.4892493067953097,-0.2628451205261355,3.3594763013895768,2.454725122736249,0.7699454548355164,-1.9645871847827905,"[0.8561732742675732, -0.5135590091865652]",0.9983864639941508,1,0.9983864639941508,56,238.87951245417565,moving,1602,[1611],[1611],1.0,[1611],[155.234039975796],,0,0.0,[1594],1.0,1,1.0,[145.45163294398873],[34.54836705601127]
296605,57,,10.16519472322202,83.55752131402075,0,1.4756964384146385,0.5277143852628142,-1.2178842580500693,2.7963922902721454,2.380787619039378,,,"[0.0, 0.0]",0.0,0,0.0,0,0.0,moving,1294,[1285],[1285],1.0,[1285],[44.49520443144418],,0,0.0,[1285],1.0,0,0.0,[44.49520443144418],[44.49520443144418]
292265,57,,10.63153395373161,83.65244742228013,1,1.503792235802516,0.5214754660854963,-1.192634426961639,2.883725762001559,2.382900119145003,,,"[0.4663392305095897, 0.09492610825938641]",0.4759025571916471,1,0.4759025571916471,1,0.5037688653562775,moving,1288,[],[],0.0,[],,,0,0.0,[],0.0,0,0.0,,
300814,57,,11.252537387065123,82.94715729940727,2,1.4933113991133733,0.5068712738875495,2.0103433454849275,2.946135391852306,2.2772751138637557,1.0496757282989562,,"[0.621003433333513, -0.7052901228728672]",0.9397230558169972,1,0.9397230558169972,2,1.4231803305075506,moving,1282,[1271],[1271],1.0,[1271],[29.759640642188426],14.054741367474458,0,0.0,[1271],1.0,0,0.0,[29.759640642188426],[29.759640642188426]
304365,57,,11.730139958058292,82.02217461418145,3,1.5268807902463108,0.4951323905490597,1.9587045433064187,3.0837828818937294,2.2688251134412565,0.2453015123786795,-0.8043742159202766,"[0.4776025709931684, -0.9249826852258138]",1.041007773163506,1,1.041007773163506,3,2.529715938568103,moving,1271,[1321],[1321],1.0,[1321],[3.0333494195084256],74.20745415730896,0,0.0,[1249],1.0,0,0.0,[48.7918355627278],[48.7918355627278]
301438,57,,12.45488497111863,82.16984201964534,6,1.4942013308631203,0.530188361183009,2.5270019478146257,2.818246193728413,2.4420501221025104,1.8485923091033447,0.694325973219249,"[-0.04670856176010396, -0.0413521260294516]",0.0623833957784689,1,0.0623833957784689,6,6.285938508040772,moving,1280,[1312],[1312],1.0,[1312],[0.6785984822679509],121.98713497329643,1,1.0,[1270],1.0,1,1.0,[14.227702188836913],[14.227702188836913]
293659,57,,11.748896164458444,82.91370644148469,8,1.448624177479024,0.530332882411287,2.4335115178693667,2.731537540897904,2.3533251176662526,3.00379007175384,1.4888208653799502,"[0.12570794946178054, -0.09606460334899225]",0.1582115563872778,1,0.1582115563872778,8,8.636177579665551,moving,1314,[1339],[1339],1.0,[1339],[2.7076973892181826],0.0297406893682894,0,0.0,[1296],1.0,1,1.0,[133.61683350275007],[46.38316649724993]
293769,57,,11.426307885897346,83.25395480427186,9,1.4477700208810789,0.5328800252204255,2.5301495967350816,2.7168780069814207,2.353325117666259,2.982077849200408,-0.0217122225534325,"[-0.3225882785610974, 0.34024836278716464]",0.4688626087078795,1,0.4688626087078795,9,9.672806836811676,moving,1313,[1338],[1338],1.0,[1338],[3.7880273533542095],0.8845044535719867,0,0.0,[1298],1.0,0,0.0,[30.34864142817784],[30.34864142817784]
290863,57,,11.139895159667434,83.56554291790155,10,1.454001096730531,0.505806459116992,-0.5652330227333766,2.8746194725722622,2.3110751155537543,0.0154375149633844,-2.966640334237024,"[-0.2864127262299121, 0.3115881136296963]",0.4232250019809357,1,0.4232250019809357,10,10.538545042783772,moving,1323,[1348],[],1.0,[1348],[6.804259562608429],0.1887209025487008,0,0.0,[1296],1.0,0,0.0,[15.040025280803746],[15.040025280803746]
288114,57,,10.12650142480845,84.66075050550299,13,1.5101655700009071,0.5219856598783962,2.355214290913679,2.893116968678261,2.4040251202012493,0.0601009479965176,-0.3819890087123088,"[-0.1389094378875484, 0.08976051243971028]",0.1653867634596978,1,0.1653867634596978,13,13.477418667057572,moving,1332,[],[],0.0,[],,120.48757609649932,1,0.0,[1310],1.0,0,0.0,[27.747347833178736],[27.747347833178736]
324076,57,,10.719654314988606,84.78997528481956,15,1.510296154863473,0.5341873221127861,2.834344068041436,2.827278170679976,2.427262621363123,0.7966298778617686,-1.8314004207456875,"[0.17057588017066472, 0.1546619595004728]",0.2302530186827587,1,0.2302530186827587,15,15.924913695073023,moving,1333,[],[],0.0,[],,1.8116300206279417,0,0.0,[],0.0,0,0.0,,
314005,57,,12.05830903988311,85.03756867686123,16,1.5391758354100906,0.5246532548475772,-0.0760255208035712,2.933701108663194,2.433600121680006,0.5536169879841484,-0.2430128898776202,"[1.3386547248945035, 0.24759339204166508]",1.361359232629315,1,1.361359232629315,16,17.14784883392305,moving,1349,[],[],0.0,[],,8.587432154512022,0,0.0,[],0.0,0,0.0,,
316774,57,,13.297964765135154,85.07850594824045,17,1.4907677807516957,0.5294871775693714,0.2633862363954105,2.8154936397045818,2.3955751197787527,0.1498789653878652,-0.4037380225962831,"[1.2396557252520441, 0.040937271379220874]",1.2403314788144932,1,1.2403314788144932,17,18.27300218053799,moving,1342,[],[],0.0,[],,24.600613666111908,0,0.0,[],0.0,0,0.0,,
321614,57,,13.855145536941151,85.35620903045702,18,1.4875679639767196,0.5120634118212877,0.3266565109546411,2.905046386121973,2.327975116398756,0.4293617064847647,0.2794827410968994,"[0.5571807718059993, 0.2777030822165756]",0.6225507323446944,1,0.6225507323446944,18,19.13341393983016,moving,1357,[],[],0.0,[],,9.824585740397692,0,0.0,[],0.0,0,0.0,,
318314,57,,14.994210557622424,86.19344355315214,19,1.4610153812083817,0.5385890386863401,0.375062052431464,2.7126719562876915,2.427262621363127,0.1714713688144259,-0.2578903376703387,"[1.1390650206812705, 0.8372345226951126]",1.4136586459722644,1,1.4136586459722644,19,19.799885117625895,moving,1367,[1355],[1355],1.0,[1355],[57.834952221198776],14.589077287349667,0,0.0,[1355],1.0,0,0.0,[57.834952221198776],[57.834952221198776]
314946,57,,15.32541048237535,86.32542831107804,20,1.5054803947375903,0.52195092400741,0.3526510843135777,2.884333230371324,2.4124751206237622,0.2546274334921755,0.0831560646777495,"[0.3311999247529265, 0.13198475792590614]",0.356529615152941,1,0.356529615152941,20,20.036571641316662,moving,1378,[],[],0.0,[],,11.4940802643561,0,0.0,[],0.0,0,0.0,,
321853,57,,16.16532114753858,86.87550277140913,21,1.4663278485220057,0.5354861798695957,0.5107841023990507,2.738311283550013,2.349100117455006,0.2006095451015142,-0.0540178883906612,"[0.8399106651632309, 0.5500744603310892]",1.0040078871022278,1,1.0040078871022278,21,20.09339002624068,moving,1376,[1371],[],1.0,[1371],[48.22169259135791],58.33452318259542,0,0.0,[1371],1.0,0,0.0,[48.22169259135791],[48.22169259135791]
319908,57,,16.149152764244224,87.47066956874336,22,1.496421698292236,0.5410993582861588,0.9266300249813804,2.765521110636501,2.4610626230531305,1.0181294971172514,0.8175199520157372,"[-0.01616838329435666, 0.5951667973342296]",0.5953863730951836,1,0.5953863730951836,22,19.73476286846784,moving,1391,[],[],0.0,[],,3.435214765240037,0,0.0,[],0.0,0,0.0,,
328366,57,,16.17346689147064,88.21177060745107,24,1.5195552195642144,0.5126917033589026,1.4199556997453764,2.963877140216703,2.353325117666249,1.965352078742652,1.6846676261383238,"[-0.17410994285049597, -0.024718958836217553]",0.1758559044369838,1,0.1758559044369838,24,18.753239887808704,moving,1396,[1351],[],1.0,[1351],[1.9791961383391765],172.79928623024645,1,1.0,[1426],1.0,1,1.0,[39.829917049631035],[39.829917049631035]
329918,57,,16.261535724693683,87.26629669420839,25,1.4620766066868764,0.57139251128306,-1.5608855498853116,2.558795535145864,2.412475120623751,1.5226453830607976,-0.4427066956818541,"[0.08806883322304415, -0.9454739132426795]",0.9495667643760992,1,0.9495667643760992,25,18.308803155171976,moving,1389,[1345],[1345],1.0,[1345],[16.07357416474639],2.36404199216562,0,0.0,[],0.0,0,0.0,,
341473,57,,16.344268902167972,85.66496994635835,29,1.4997024510596906,0.506904066821998,1.8211335034385423,2.958552809532536,2.35121261756063,0.1209273463416258,0.1008871659212789,"[-0.002586439368926108, -0.10186815811245253]",0.1019009877569043,1,0.1019009877569043,29,19.29321187516003,moving,1365,[1317],[1317],1.0,[1317],[1.2977406767389965],3.7890772422780823,0,0.0,[1290],1.0,0,0.0,[18.14894897112694],[18.14894897112694]
336350,57,,16.442644499005382,84.83338298833844,30,1.5468991396811989,0.5171435164129986,1.8231170691537029,2.9912376169980286,2.3702251185112537,0.1431359839362211,0.0222086375945953,"[0.09837559683741048, -0.831586958019912]",0.8373855902760255,1,0.8373855902760255,30,20.072655996074865,moving,1354,[1310],[1310],1.0,[1310],[8.734556878976207],6.322067591001491,0,0.0,[1303],1.0,0,0.0,[12.79087920115812],[12.79087920115812]
348928,57,,16.445685562379882,84.42301692878686,32,1.4861246045157666,0.4997192279583237,-1.2081728484832015,2.9739191957602813,2.3047376152368733,1.9615796802553935,1.8653108242063303,"[-0.08963145793314453, 0.01601063700826444]",0.0910501990587141,1,0.0910501990587141,32,22.14469772116798,moving,1349,[],[],0.0,[],,102.3308967700561,0,0.0,[],0.0,0,0.0,,
346822,57,,16.22292200096345,84.46998618818617,34,1.5073630172110863,0.5081429239690768,2.252696762170782,2.966415443586532,2.32163761608188,2.865947325705851,2.46925803828709,"[0.19759381755191185, -0.2245186294476298]",0.2990851579463286,1,0.2990851579463286,34,24.878883152945697,moving,1357,[],[],0.0,[],,42.35761873435421,0,0.0,[],0.0,0,0.0,,
351798,57,,15.810562410767217,85.04308352142169,35,1.4955498995885017,0.5133658434892191,2.248235274417452,2.913224396511508,2.361775118088756,3.0436062127273997,0.1776588870215483,"[-0.4123595901962336, 0.5730973332355234]",0.7060318583381873,1,0.7060318583381873,35,26.52067108960968,moving,1381,[],[],0.0,[],,2.0439391268206086,0,0.0,[],0.0,0,0.0,,
354101,57,,15.365968382990475,85.61666373902452,36,1.5318349593008591,0.527333263053034,2.377810504236564,2.904870727160639,2.431487621574384,0.0356734674733575,-3.007932745254042,"[-0.4445940277767395, 0.5735802176028244]",0.7257121437319674,1,0.7257121437319674,36,28.52755836050446,moving,1395,[],[],0.0,[],,12.194481305703045,0,0.0,[],0.0,0,0.0,,
354492,57,,15.068403214199376,85.86657637997017,37,1.4906914727970773,0.5559841369333051,2.6024767242050846,2.681176267041407,2.4568376228418853,0.2128338493574232,0.1771603818840656,"[-0.2975651687911025, 0.24991264094565224]",0.3885889316258349,1,0.3885889316258349,37,31.054276341652475,moving,1406,[1433],[1433],1.0,[1433],[14.890182367327116],10.63657363930048,0,0.0,[1433],1.0,0,0.0,[14.890182367327116],[14.890182367327116]
357428,57,,14.606806765402183,86.12655515055948,39,1.480196214145566,0.5529783242304841,2.7121274180401453,2.676770768918264,2.431487621574376,0.1953823019947731,-0.0251794552905167,"[-0.07447041322329184, 0.05941241917444984]",0.0952663529154358,1,0.0952663529154358,39,37.57845378757965,moving,1424,[1396],[1396],1.0,[1396],[10.064568207251874],176.83327499403796,1,1.0,[1443],1.0,1,1.0,[8.09444848227202],[8.09444848227202]
362180,57,,15.054722598590722,85.90593755155864,40,1.487148622476832,0.5307614725844909,2.7153483281991257,2.801915171489949,2.4145876207293844,2.9258590998844123,2.730476797889639,"[0.44791583318853867, -0.2206175990008461]",0.4993002289303309,1,0.4993002289303309,40,41.427613736616365,moving,1422,[1403],[],1.0,[1403],[3.525615197174467],1.8978676657549436,0,0.0,[],0.0,0,0.0,,
361318,57,,16.246124001658345,85.36738977463247,41,2.9353535155553563,0.4997293775502651,-0.428228197644477,5.873886242079303,4.888325244416245,0.033124039534563,-2.892735060349849,"[1.1914014030676228, -0.5385477769261655]",1.3074674035185792,1,1.3074674035185792,41,45.49332073226879,moving,1395,[1361],[1361],1.0,[1361],[0.45848293065342816],26.59726842263838,0,0.0,[1361],1.0,0,0.0,[0.45848293065342816],[0.45848293065342816]
367265,57,,17.545354757370344,85.41895742745272,42,1.4920878845808063,0.5040854418760988,2.8582190357743205,2.9599900346805743,2.3153001157649977,0.4642099060117584,0.4310858664771954,"[1.2992307557119993, 0.05156765282025333]",1.3002537365473568,1,1.3002537365473568,42,48.882658138207496,moving,1406,[1414],[1414],1.0,[1414],[4.199926808430494],166.38392738914786,1,1.0,[1359],1.0,0,0.0,[1.2765748928798253],[1.2765748928798253]
368684,57,,17.060026444936966,85.51631569723183,43,1.5159861304602709,0.5185059448304095,2.8602766246396616,2.9237584362819846,2.368112618405626,2.9039473553398025,2.439737449328044,"[-0.4853283124333778, 0.09735826977910733]",0.49499717528872,1,0.49499717528872,43,51.1948005737322,moving,1411,[1420],[1420],1.0,[1420],[7.053240833553366],24.715257025919584,0,0.0,[],0.0,0,0.0,,
388113,57,,16.597030366200645,85.85342361380168,44,1.5767402280163871,0.5196914730390204,2.697627409437282,3.0339928781128944,2.456837622841891,0.4313626105789582,-2.4725847447608444,"[-0.462996078736321, 0.33710791656984895]",0.5727190553310356,1,0.5727190553310356,44,53.44137323175804,moving,1432,[1448],[],1.0,[1448],[0.6771539424381992],27.334922748720405,0,0.0,[1471],1.0,0,0.0,[152.2117372690589],[27.788262730941113]
368240,57,,16.4441406227439,86.1586485384471,45,1.5762880896872813,0.5127015683541931,-0.504858516953132,3.0744748738477106,2.395575119778752,0.4770844027434697,0.0457217921645114,"[-0.15288974345674333, 0.3052249246454153]",0.3413759339482914,1,0.3413759339482914,45,55.43371593597687,moving,1443,[1462],[],1.0,[1462],[16.976689757515583],48.59600049158358,0,0.0,[1480],1.0,0,0.0,[134.55516592931139],[45.444834070688614]
380206,57,,16.83053492476743,87.11552127831507,47,1.52067995017989,0.4990437671659808,2.890333406940517,3.047187541917772,2.285725114286252,0.8419275832520022,-0.0886709696779768,"[-0.041799884274222876, 0.10597303261185687]",0.1139188920517229,1,0.1139188920517229,47,58.5678954431292,moving,1454,[1461],[],1.0,[1461],[1.596063857975727],91.9160828856664,0,0.0,[1480],1.0,0,0.0,[150.01836063115064],[29.981639368849358]
375418,57,,16.456084115105863,87.2523525516807,48,1.497213451022317,0.5238668003231588,2.932739443822138,2.8580040767972466,2.376562618828119,0.8447490396899499,0.0028214564379476,"[-0.3744508096615675, 0.1368312733656296]",0.3986680401374847,1,0.3986680401374847,48,59.6559980114558,moving,1453,[1461],[1461],1.0,[1461],[2.8535028365760127],52.7031358945527,0,0.0,[1474],1.0,0,0.0,[148.67835285025097],[31.321647149749026]
381472,57,,16.142545448608676,88.26375596034788,50,1.563041958029849,0.4997947541373553,0.1226904530961185,3.127367674612063,2.3448751172437614,2.492752841084997,1.5297849659173752,"[-0.028816643088212857, -0.06983476804360578]",0.0755466329268066,1,0.0755466329268066,50,63.39315299553842,moving,1471,[1458],[],1.0,[1458],[1.282304611979015],8.505772860076084,0,0.0,[],0.0,0,0.0,,
374752,57,,15.902106777418464,88.76269537095754,51,1.6142364921056302,0.4999553324400326,0.324466459223908,3.228761426000493,2.406137620306889,2.301174471568228,-0.191578369516769,"[-0.24043867119021023, 0.4989394106096654]",0.5538513248726903,1,0.5538513248726903,51,65.518482661669,moving,1469,[],[],0.0,[],,89.78887933405107,0,0.0,[],0.0,0,0.0,,
385711,57,,16.76008516476457,89.1800573142453,52,1.5707193759706384,0.5220298392401149,0.2471879159094481,3.0088689532710102,2.492750124637506,1.567111576055081,-0.7340628955131472,"[0.8579783873461029, 0.41736194328775866]",0.954105814287888,1,0.954105814287888,52,67.85037467694936,moving,1491,[],[],0.0,[],,63.3195691061377,0,0.0,[],0.0,0,0.0,,
390040,57,,17.41989765244957,88.6759747026719,54,1.5608883612901228,0.460240824846796,-0.1391399693365392,3.3914600292351467,2.226575111328755,0.4250430533165644,-0.5852497120346036,"[0.1058078256579833, -0.15864115455710248]",0.1906890450174856,1,0.1906890450174856,54,68.35481373777732,moving,1484,[1490],[],1.0,[1490],[4.371546668683978],172.54444140010156,1,1.0,[1449],1.0,1,1.0,[45.0],[45.0]
391628,57,,16.83698984774833,89.01147968773036,55,1.6385017460598492,0.5204870990892487,0.0662438264565321,3.148016058278695,2.530775126538768,2.6812677516246426,2.256224698308078,"[-0.5829078047012395, 0.3355049850584635]",0.6725660590460227,1,0.6725660590460227,55,67.40013011899194,moving,1498,[1492],[1492],1.0,[1492],[2.520647990862642],1.5259190581574151,0,0.0,[],0.0,0,0.0,,
397022,57,,15.925674514414244,89.50417620780667,56,1.53462477864753,0.5272871569808744,0.285891062896519,2.910415621412895,2.410362620518132,0.0266323116837777,-2.654635439940865,"[-0.9113153333340875, 0.4926965200763078]",1.0359756259995323,1,1.0359756259995323,56,67.19269673782327,moving,1490,[1510],[1510],1.0,[1510],[6.485418197274811],174.72165877783982,0,0.0,[],0.0,0,0.0,,
398194,57,,16.412389677770946,89.17987304153296,58,1.5545847204082353,0.5191080466903099,0.1635567487679068,2.994722833367427,2.480075124003758,3.106816094524409,0.0518000295725813,"[-0.07968300591743827, 0.04857287814681399]",0.0933204475101986,1,0.0933204475101986,58,64.40112185950703,moving,1506,[1495],[],1.0,[1495],[1.2574389786002769],,0,0.0,[],0.0,0,0.0,,
399341,57,,15.516715653783333,89.50897879575477,59,1.554684275786418,0.5247114647541041,0.3631321194180699,2.9629317829275763,2.4631751231587584,0.1953056051832031,-2.9115104893412065,"[-0.8956740239876133, 0.3291057542218141]",0.954223534979133,1,0.954223534979133,59,64.05862242712371,moving,1508,[],[],0.0,[],,,0,0.0,[],0.0,0,0.0,,
281772,58,,101.44816518680804,31.39623572466594,1,2.8619933469581658,0.5534557525008308,1.5724785871245692,5.171133074371414,4.558775227938735,,,"[-0.07862048862136817, 0.12948631554509404]",0.1514856004526712,1,0.1514856004526712,1,0.3620024436347768,moving,470,[],[],0.0,[],,,0,0.0,[],0.0,0,0.0,,
292819,58,,101.51077349471332,32.110777084527726,3,2.892526557786275,0.5304921692626001,1.5187775582604175,5.452533939958007,4.628487731424361,0.0019977148175599,-0.6302859172509333,"[0.025097222958052612, 0.2825071749739827]",0.2836197710174428,1,0.2836197710174428,3,2.2552787463461867,moving,487,[],[],0.0,[],,,0,0.0,[],0.0,0,0.0,,
285933,58,,101.58700216002282,32.462664061376415,4,2.9590167577092923,0.5289362037239952,1.5528090645080386,5.594279115092187,4.636937731846877,0.1247270954031613,0.1227293805856014,"[0.07622866530948613, 0.3518869768486894]",0.3600489604075753,1,0.3600489604075753,4,3.698229006068349,moving,500,[],[],0.0,[],,117.90268148831017,1,0.0,[],0.0,0,0.0,,
297210,58,,101.04715172891576,32.31112571286661,5,2.897488609711921,0.5234161434772473,1.5258645693132622,5.535726488034608,4.63693773184687,2.057789988901136,1.9330628934979743,"[-0.5398504311070695, -0.15153834850980274]",0.5607159343514033,1,0.5607159343514033,5,5.420140048312601,moving,492,[],[],0.0,[],,47.01439976312838,0,0.0,[],0.0,0,0.0,,
292068,58,,100.65784715957528,31.55705374628448,6,2.9685586771997343,0.5163323150387291,1.637091118414261,5.749318008455598,4.607362730368148,0.820556071715456,-1.2372339171856797,"[-0.3893045693404673, -0.7540719665821385]",0.8486357160138975,1,0.8486357160138975,6,7.369832609720742,moving,478,[],[],0.0,[],,145.4090322883061,1,0.0,[555],1.0,0,0.0,[48.66518464861244],[48.66518464861244]
283707,58,,100.6910812493862,31.574801402867628,11,2.9374922121090057,0.5175282027815054,1.6127742187888277,5.67600412174867,4.47638772381938,0.1984299024212375,-1.2018593218731022,"[0.005007303665593099, 0.014711328151800984]",0.015540150127635,1,0.015540150127635,11,20.19909920909082,moving,485,[554],[],1.0,[554],[64.81794787014742],66.88459738277429,0,0.0,[554],1.0,0,0.0,[64.81794787014742],[64.81794787014742]
283681,58,,100.63078543806051,32.26569531571768,12,3.021729860625556,0.5090209005699907,1.6124246095774546,5.936357146124819,4.539762726988159,0.4151222817851681,0.2166923793639305,"[-0.06029581132565909, 0.6908939128500506]",0.6935199951527518,1,0.6935199951527518,12,23.326174234552557,moving,484,[],[],0.0,[],,7.193321500307644,0,0.0,[],0.0,0,0.0,,
280265,58,,100.66153706938957,33.06413700546716,13,2.983889942137242,0.4856172764615439,-1.5309598307314023,6.144530037891962,4.503850225192529,0.1255471443347904,-0.2895751374503776,"[0.03075163132902503, 0.798441689749481]",0.7990336630952434,1,0.7990336630952434,13,26.57608915970526,moving,506,[],[],0.0,[],,147.27225596174,0,0.0,[],0.0,0,0.0,,
307456,58,,100.40573027295132,32.69790138648124,16,2.9593827536633825,0.5088502470855102,-1.4023151569270786,5.815822573760233,4.702425235121266,1.1044112024726291,-1.6248752228593144,"[-0.13278111308538598, 0.025755472537184687]",0.1352559364974703,1,0.1352559364974703,16,36.788268366767255,moving,510,[591],[],1.0,[591],[52.31653983789795],154.24549745046596,0,0.0,[591],1.0,0,0.0,[52.31653983789795],[52.31653983789795]
308665,58,,100.8382432616926,32.940736690963874,17,3.0260622321316744,0.514489966736374,1.5654993238649952,5.881673944639306,4.696087734804368,2.43840938168926,1.333998179216631,"[0.4325129887412942, 0.24283530448263235]",0.496020635188799,1,0.496020635188799,17,40.08988198177482,moving,507,[],[],0.0,[],,44.72620703252628,0,0.0,[],0.0,0,0.0,,
313277,58,,101.08194799132488,33.79278690876167,18,2.918773477561504,0.5244856481258502,1.429581329385735,5.56502067881397,4.603137730156874,0.7806195746462711,-1.657789807042989,"[0.2437047296322561, 0.852050217797796]",0.8862175629575407,1,0.8862175629575407,18,43.26986462788001,moving,519,[],[],0.0,[],,6.665649164730449,0,0.0,[],0.0,0,0.0,,
310747,58,,101.2056196187466,34.54833344357505,19,2.959577695567362,0.5170295868589607,1.2965400637315367,5.724194070879541,4.672850233642507,0.1163375247073055,-0.6642820499389656,"[0.12367162742172866, 0.7555465348133836]",0.7656012262905868,1,0.7656012262905868,19,46.16398368600099,moving,543,[],[],0.0,[],,27.520171288688452,0,0.0,[],0.0,0,0.0,,
307899,58,,101.41477435621212,34.82775167603555,20,2.9457176161890826,0.493465227672563,1.2158291596867516,5.969453268435162,4.590462729523136,0.4803175997004383,0.3639800749931328,"[0.20915473746553914, 0.27941823246049324]",0.3490275817691559,1,0.3490275817691559,20,48.71483794652481,moving,546,[],[],0.0,[],,12.615618101053707,0,0.0,[],0.0,0,0.0,,
313989,58,,101.84746238554315,35.19819365103896,21,3.064395104609599,0.5134367274859996,1.11279506935236,5.968398715094177,4.558775227938762,0.2201840730375326,-0.2601335266629057,"[0.43268802933101824, 0.37044197500341625]",0.5696017798170857,1,0.5696017798170857,21,50.94471400562643,moving,550,[619],[619],1.0,[619],[38.32553095288243],9.864130508034904,0,0.0,[619],1.0,0,0.0,[38.32553095288243],[38.32553095288243]
309024,58,,102.48745892035348,35.57825709713255,22,2.915184797785367,0.5192682012109172,1.012846728580664,5.614025258984177,4.679187733959376,0.1721615552116572,-0.0480225178258753,"[0.6399965348103365, 0.3800634460935868]",0.7443411768979136,1,0.7443411768979136,22,52.57897781577943,moving,558,[],[],0.0,[],,31.48873144808141,0,0.0,[],0.0,0,0.0,,
313797,58,,102.96050889824036,36.4752025931989,23,2.9419299493901008,0.5134939108609418,0.9065571328424922,5.729240186037569,4.565112728255617,0.5495820410453369,0.3774204858336797,"[0.4730499778868591, 0.8969454960663512]",1.014045119554584,1,1.014045119554584,23,53.56117096053264,moving,570,[],[],0.0,[],,23.331644475884776,0,0.0,[],0.0,0,0.0,,
319033,58,,103.28715523159308,36.738407418768,24,2.9530679405757123,0.4896927763741812,0.8053506643339996,6.030450280359519,4.5714502285725125,0.4072140160089818,-0.1423680250363551,"[0.32664633335272697, 0.2632048255690975]",0.4194932744343345,1,0.4194932744343345,24,54.00748529651323,moving,570,[],[],0.0,[],,167.7585013193358,1,0.0,[613],1.0,1,1.0,[6.913142159589711],[6.913142159589711]
336118,58,,103.01627462528133,36.402669705686,29,2.956581399431298,0.516490835575763,0.8424998408559141,5.724363717190492,4.630600231530004,0.1023253551872141,-0.4071183025549915,"[-0.18071019197978444, -0.23522727979898406]",0.2966277914272364,1,0.2966277914272364,29,50.58880231746303,moving,575,[572],[572],1.0,[572],[79.78340264052142],5.543396673766789,0,0.0,[572],1.0,0,0.0,[79.78340264052142],[79.78340264052142]
345326,58,,102.46842857034612,35.570363030095365,35,3.006381880961604,0.5180561261681874,0.9810049686054688,5.803197238875193,4.72988773649439,0.833146658115195,-1.5528383831475296,"[0.03938662116119929, 0.07558921005641395]",0.085235172337765,1,0.085235172337765,35,36.95913483879456,moving,562,[541],[541],1.0,[541],[40.67040894141324],3.1513050169231502,0,0.0,[541],1.0,0,0.0,[40.67040894141324],[40.67040894141324]
343677,58,,102.18111501229876,35.182155646707585,37,2.989949723638876,0.513137681153547,1.0031398229865154,5.826798213137243,4.793262739663133,0.1086317240817279,-2.8451313072516258,"[-0.07340044441912141, -0.11719206258466386]",0.1382808908482018,1,0.1382808908482018,37,31.25309436621096,moving,561,[],[],0.0,[],,0.7639496646037046,0,0.0,[],0.0,0,0.0,,
350459,58,,101.68173631785514,34.48825307459548,38,2.977483661713495,0.525100220960537,1.0125462333837962,5.670315004375637,4.77425023871252,0.064251296965851,-0.0443804271158769,"[-0.49937869444362093, -0.6939025721121084]",0.854915118621735,1,0.854915118621735,38,29.33844265507216,moving,552,[],[],0.0,[],,15.277529296404966,0,0.0,[],0.0,0,0.0,,
348567,58,,101.31841551763154,33.51463188685894,39,3.0129178041319804,0.5116113529364419,1.0975316006502087,5.889075343694101,4.685525234276268,0.2666431877921593,0.2023918908263083,"[-0.3633208002236046, -0.9736211877365335]",1.0392017229992545,1,1.0392017229992545,39,28.183805836003856,moving,534,[],[],0.0,[],,21.59038622320598,0,0.0,[],0.0,0,0.0,,
353313,58,,100.97120018844618,33.12974263814408,40,2.963992541299532,0.5248811702129598,1.032447192447802,5.646978229561851,4.793262739663126,0.3768233263721677,0.1101801385800083,"[-0.34721532918536013, -0.3848892487148632]",0.518361089008029,1,0.518361089008029,40,27.673655791696785,moving,527,[],[],0.0,[],,1.2346748893155233,0,0.0,[],0.0,0,0.0,,
360137,58,,100.54068755114984,32.67271551358761,41,3.0015964281299867,0.530385420267797,1.0275940088151028,5.659274017401252,4.772137738606877,0.0215491420102524,-0.3552741843619152,"[-0.4305126372963315, -0.4570271245564683]",0.6278653704833516,1,0.6278653704833516,41,27.43316458364771,moving,512,[],[],0.0,[],,32.688369207426426,0,0.0,[],0.0,0,0.0,,
363683,58,,100.34522801639388,31.62833487075557,42,3.031249272966142,0.5166285949158885,1.3043703943129836,5.867366426861554,4.715100235755011,0.5705196697771338,0.5489705277668813,"[-0.19545953475595468, -1.0443806428320421]",1.0625136972525502,1,1.0625136972525502,42,27.79437749630737,moving,491,[],[],0.0,[],,7.3003889882814414,0,0.0,[],0.0,0,0.0,,
364749,58,,100.28750547410829,30.627270829470792,43,2.9805902183050565,0.5160349342296945,1.1986395818779465,5.775946589263961,4.7467877373394,0.1274158245218069,-0.4431038452553268,"[-0.05772254228561735, -1.0010640412847778]",1.002726835504728,1,1.002726835504728,43,28.94507797908013,moving,475,[],[],0.0,[],,26.559241518624628,0,0.0,[],0.0,0,0.0,,
384847,58,,99.42510050341092,29.125036072827797,44,2.994956973506137,0.5212880161495703,0.9923531471073226,5.74530179233357,4.8312877415643865,0.4635462113323421,0.3361303868105351,"[-0.8624049706973551, -1.5022347566429985]",1.7321811676466623,1,1.7321811676466623,44,30.441602592051524,moving,470,[],[],0.0,[],,9.55814371154129,0,0.0,[],0.0,0,0.0,,
364767,58,,99.07171898838732,28.16978249423099,45,3.038333229665477,0.5194992637215389,0.689547951695261,5.84858043474356,4.7679127383956335,0.1668210781451765,-0.2967251331871655,"[-0.3533815150235995, -0.9552535785968033]",1.0185224075013637,1,1.0185224075013637,45,31.50953911489689,moving,469,[],[],0.0,[],,41.30781463583103,0,0.0,[],0.0,0,0.0,,
368930,58,,98.42353933373964,27.81944464828704,46,2.9761880546358843,0.5224061637029549,0.5618398466537657,5.69707683680427,4.774250238712511,0.7209573721987527,0.5541362940535761,"[-0.6481796546476772, -0.350337845943951]",0.736799478148451,1,0.736799478148451,46,32.38764507146725,moving,470,[],[],0.0,[],,3.097791107104584,0,0.0,[],0.0,0,0.0,,
372742,58,,97.41662445922042,27.34362419549409,47,2.967177391882613,0.5263228049082956,0.3572956566313611,5.637561899677902,4.732000236600006,0.0540666543579752,-0.6668907178407774,"[-1.0069148745192251, -0.4758204527929486]",1.1136797869334585,1,1.1136797869334585,47,32.485792668045,moving,468,[],[],0.0,[],,0.0465535117484158,0,0.0,[],0.0,0,0.0,,
368384,58,,96.76776243430986,27.0376473123732,48,3.0353041727529027,0.5076019794634312,0.4197626051186651,5.979693333665522,4.658062732903132,0.000812512058649,-0.0532541422993262,"[-0.6488620249105566, -0.3059768831208949]",0.7173867718151803,1,0.7173867718151803,48,32.320740238655986,moving,454,[],[],0.0,[],,147.87520697330348,1,0.0,[452],1.0,1,1.0,[132.7633502964735],[47.236649703526496]
376354,58,,97.0285211965284,27.444937107558797,49,3.031263392565465,0.5144574001176573,0.522331566297255,5.892156263807674,4.651725232586259,2.580909243752229,2.58009673169358,"[0.26075876221854344, 0.4072897951855978]",0.4836115272985882,1,0.4836115272985882,49,31.87188801636597,moving,459,[],[],0.0,[],,29.943704593319275,0,0.0,[],0.0,0,0.0,,
373717,58,,97.64379290478811,27.764241726477124,50,2.999567573938703,0.5432898676872884,0.532163757486804,5.521118195536127,4.829175241458753,0.5226162353979662,-2.058293008354263,"[0.6152717082597121, 0.3193046189183306]",0.6931916867991166,1,0.6931916867991166,50,31.92119209431064,moving,461,[],[],0.0,[],,169.4093824209993,0,0.0,[],0.0,0,0.0,,
368208,58,,96.96531381204252,27.233805544430226,51,3.043529460600564,0.5169700996523281,0.3343681182481426,5.887244663951345,4.748900237445003,2.956751507016655,2.434135271618689,"[-0.6784790927456044, -0.5304361820468984]",0.8612179878041266,1,0.8612179878041266,51,32.871441704340434,moving,460,[],[],0.0,[],,151.45448263810616,0,0.0,[424],1.0,1,1.0,[66.3887618810695],[66.3887618810695]
379799,58,,97.3758836647527,27.30231133964529,52,2.9666527979617894,0.524408769273312,0.3061645455433437,5.657138041518191,4.704537735226886,2.643379388939537,-0.313372118077118,"[0.4105698527101964, 0.06850579521506006]",0.4162458983972336,1,0.4162458983972336,52,32.74117892254626,moving,471,[],[],0.0,[],,114.94007986097644,0,0.0,[],0.0,0,0.0,,
394221,58,,97.18626443681812,27.579109291626427,58,3.0239514892912136,0.5258795094817054,0.4330810696895717,5.750274416037906,4.9115627455781325,1.425490481487587,1.186969845924902,"[-0.24805796415979842, -0.15352581028972523]",0.2917240614145849,1,0.2917240614145849,58,34.66604824784991,moving,475,[],[],0.0,[],,,0,0.0,[],0.0,0,0.0,,
395443,58,,96.73671177412808,27.562766150395635,59,3.104887226730463,0.509314999798426,0.3091905904168682,6.096202208769228,4.907337745366887,0.5178705157440882,-0.9076199657434988,"[-0.4495526626900528, -0.016343141230791502]",0.4498496357640028,1,0.4498496357640028,59,36.66429996084487,moving,481,[],[],0.0,[],,,0,0.0,[],0.0,0,0.0,,
296668,59,,111.72094477746816,84.53653962880671,0,2.233065678493068,0.5106613068527783,1.4076635552619854,4.372889914561026,3.434925171746265,,,"[0.0, 0.0]",0.0,0,0.0,0,0.0,moving,1301,[],[],0.0,[],,,0,0.0,[],0.0,0,0.0,,
301123,59,,111.70091480085016,85.48113878302628,2,2.1809233379379136,0.5052258331096555,1.4873149384995286,4.316729658327983,3.401125170056253,2.328507026998522,,"[-0.03134735637843278, -0.028974779740934764]",0.0426871715267263,1,0.0426871715267263,2,1.8011471514290105,moving,1319,[],[],0.0,[],,,0,0.0,[],0.0,0,0.0,,
305218,59,,111.85813882806664,86.26840700553753,3,2.2197788086686145,0.5312983651643438,1.512966111928797,4.178026800406174,3.4708376735419013,2.513998077713981,0.1854910507154588,"[0.1572240272164862, 0.7872682225112442]",0.8028142057227091,1,0.8028142057227091,3,3.290784967934056,moving,1340,[],[],0.0,[],,8.845620878234774,0,0.0,[],0.0,0,0.0,,
295659,59,,111.89332310981686,87.091317281438,4,2.2322297787549124,0.5103611047401795,1.4517647473760484,4.37382425506607,3.515200175760002,0.1543852087083492,-2.359612869005632,"[0.035184281750218815, 0.822910275900469]",0.8236621005393321,1,0.8236621005393321,4,5.143639780875128,moving,1365,[],[],0.0,[],,7.026763617334028,0,0.0,[],0.0,0,0.0,,
304373,59,,112.06588186667544,88.125258300682,5,2.244317497418917,0.5058524612484115,1.3944582514800954,4.436703721634733,3.4645001732250003,0.1226401608818256,-0.0317450478265235,"[0.17255875685857802, 1.0339410192440113]",1.0482416495464788,1,1.0482416495464788,5,7.303978524867894,moving,1366,[],[],0.0,[],,22.260443489645255,0,0.0,[],0.0,0,0.0,,
302166,59,,112.63491527880262,89.04532814108687,6,2.181719287993625,0.5254923758066079,1.1569977081862588,4.151762020609302,3.5595626779781155,0.3885180318484459,0.2658778709666203,"[0.5690334121271832, 0.9200698404048637]",1.081816775308895,1,1.081816775308895,6,9.694674641545936,moving,1379,[],[],0.0,[],,11.9269208103371,0,0.0,[],0.0,0,0.0,,
294743,59,,113.091975339858,90.31426861478668,8,2.225679090636504,0.5312204619016142,1.1579236973488722,4.189746537001271,3.637725181886257,0.6706913412182068,0.3768808986943594,"[0.14888977257665204, 0.11086128895165359]",0.1856297114309807,1,0.1856297114309807,8,15.183633500549416,moving,1409,[],[],0.0,[],,14.885446242873243,0,0.0,[],0.0,0,0.0,,
294853,59,,113.35138555340038,90.68898872735193,9,2.296503979185721,0.5338878308784905,1.1324609818886149,4.301472793277416,3.614487680724395,0.3252448888926581,-0.3454464523255487,"[0.2594102135423668, 0.3747201125652566]",0.455750832858279,1,0.455750832858279,9,18.44483391531817,moving,1411,[],[],0.0,[],,157.8111627179505,1,0.0,[1454],1.0,1,1.0,[64.28944472026993],[64.28944472026993]
291756,59,,113.0552895327632,90.49583956401024,10,2.2621836009207232,0.5341735295772263,1.4735402849908985,4.2349226902185455,3.549000177450025,2.754324385828705,2.4290794969360467,"[-0.2960960206371652, -0.19314916334167265]",0.3535243311806879,1,0.3535243311806879,10,21.502830792568023,moving,1416,[],[],0.0,[],,45.63246527065164,0,0.0,[],0.0,0,0.0,,
295205,59,,112.96122925803397,90.022981592723,11,2.222415375869178,0.5332336912686352,1.5558543503873885,4.167807496525117,3.510975175548768,0.7964367647748251,-1.95788762105388,"[-0.0940602747292445, -0.4728579712872545]",0.4821223872545631,1,0.4821223872545631,11,24.88906809779698,moving,1397,[],[],0.0,[],,159.2600383175334,1,0.0,[1373],1.0,1,1.0,[70.78079193903002],[70.78079193903002]
289006,59,,113.40397634820278,90.73179180740824,13,2.2812745344032512,0.5342854370232579,-1.34704050035804,4.269767387097892,3.6820876841043857,0.2098676233962874,-2.611111095060034,"[0.11023991246250375, 0.12397125517377106]",0.1658966859497221,1,0.1658966859497221,13,32.09399930055601,moving,1412,[1482],[],1.0,[1482],[32.51650087620166],38.6449469212205,0,0.0,[1482],1.0,0,0.0,[32.51650087620166],[32.51650087620166]
324754,59,,113.3896020713428,90.85499591002178,15,2.2060292118220284,0.5409700701146031,1.624929572074222,4.077913610552774,3.597587679879384,3.0847076902995134,2.1481725956632323,"[0.053690325488631174, -0.19660825084571343]",0.20380739768636,1,0.20380739768636,15,39.57939638523691,moving,1412,[],[],0.0,[],,37.75860131500028,0,0.0,[],0.0,0,0.0,,
314705,59,,113.60360412132955,91.20969569083653,16,2.198310122260745,0.511148993324469,-1.5037335019727505,4.300722785274653,3.4623876731193883,2.332143185235652,-0.7525645050638619,"[0.2140020499867461, 0.35469978081472675]",0.4142569394814587,1,0.4142569394814587,16,43.391680162297824,moving,1427,[1475],[1475],1.0,[1475],[20.52261928083216],16.75923903547477,0,0.0,[1391],1.0,0,0.0,[44.536076701373915],[44.536076701373915]
317968,59,,113.83398020725797,92.1105585088295,17,2.258968620616173,0.5314726717882217,1.223400171943257,4.2503946873044764,3.6081501804075,0.2925039012977862,-2.0396392839378654,"[0.23037608592841252, 0.9008628179929872]",0.9298531915361484,1,0.9298531915361484,17,47.56655234299417,moving,1446,[],[],0.0,[],,6.301140355471279,0,0.0,[],0.0,0,0.0,,
323118,59,,113.98371378710549,93.17011951676272,21,2.280997597762754,0.5024559863688933,1.085682887077541,4.539696330910247,3.515200175760022,2.057711743409602,1.1073651425056457,"[0.11584326481522567, -0.03292123007835812]",0.1204303507963116,1,0.1204303507963116,21,65.47691876232332,moving,1461,[],[],0.0,[],,43.91603851287515,0,0.0,[],0.0,0,0.0,,
323384,59,,114.46694600351177,93.54821062318076,23,2.237856981279331,0.5305830983440202,1.0976533577249166,4.217731375657855,3.603925180196263,2.366198051630399,1.1165054731878852,"[0.04702213197631977, -0.26227157988364524]",0.2664534903322937,1,0.2664534903322937,23,75.21250999619929,moving,1480,[],[],0.0,[],,20.929501107511538,0,0.0,[],0.0,0,0.0,,
329008,59,,115.07282957861376,94.55537051291331,24,2.284836481430319,0.5189324603727307,1.2589998874662354,4.402955405389754,3.610262680513125,2.42261173300412,0.056413681373721,"[0.6058835751019842, 1.0071598897325629]",1.1753577966153412,1,1.1753577966153412,24,80.67342162971723,moving,1494,[],[],0.0,[],,16.395412387640974,0,0.0,[],0.0,0,0.0,,
330376,59,,115.26844249799429,95.3044794330506,25,2.259573703330301,0.5602647766001994,1.0658536130747294,4.033046155501429,3.743350187167522,0.2861539283865609,-2.136457804617559,"[0.1956129193805367, 0.7491089201372745]",0.7742277368176691,1,0.7742277368176691,25,85.97448401186861,moving,1515,[],[],0.0,[],,53.19171133951765,0,0.0,[],0.0,0,0.0,,
333768,59,,116.13988820713372,95.65964116933318,27,2.250805864054027,0.5387821606621107,1.021593707989779,4.177580529555779,3.698987684949386,0.9784555625659224,0.3285066478229217,"[0.29659455682669034, -0.09599991066194491]",0.3117439878912218,1,0.3117439878912218,27,95.8435980622952,moving,1531,[1594],[],1.0,[1594],[49.217455135068235],7.9735289470445085,0,0.0,[1594],1.0,0,0.0,[49.217455135068235],[49.217455135068235]
342706,59,,116.8529268638558,95.840068364152,29,2.228333015904199,0.5263951179670662,0.9654999454197604,4.233194685600436,3.629275181463744,0.6480743549286038,0.3415789595869485,"[0.24564649483761514, 0.1834823964511969]",0.3066072246922448,1,0.3066072246922448,29,106.82404668595842,moving,1531,[1588],[1588],1.0,[1588],[45.75156651148217],12.736175972462624,0,0.0,[1588],1.0,0,0.0,[45.75156651148217],[45.75156651148217]
350466,59,,117.1094599983908,95.97041906588352,31,2.2250664215513294,0.5285535410586035,0.8369436180116508,4.2097275842574,3.625050181252503,2.2503256141263157,1.9904878457136856,"[0.03402335394531519, -0.15084030158863015]",0.1546298328170767,1,0.1546298328170767,31,119.22895618412367,moving,1534,[],[],0.0,[],,4.925261484583326,0,0.0,[],0.0,0,0.0,,
351216,59,,117.81922582347252,96.41154775409082,32,2.296211298542606,0.5252902317679456,0.8541208260475062,4.3713192434863135,3.7581376879068857,1.905037976238888,-0.3452876378874276,"[0.7097658250817176, 0.4411286882073]",0.8356805885106011,1,0.8356805885106011,32,126.06609710270962,moving,1549,[],[],0.0,[],,12.840221070414852,0,0.0,[],0.0,0,0.0,,
352537,59,,118.4510461711647,97.03682341358518,33,2.272906224398034,0.5434757058991766,0.9403113695236104,4.1821671138685526,3.707437685371871,0.2241041343626898,-1.6809338418761977,"[0.6318203476921838, 0.6252756594943634]",0.8889131578022585,1,0.8889131578022585,33,133.14633539075106,moving,1555,[1614],[1614],1.0,[1614],[112.24902365721236],55.127080780690754,0,0.0,[1614],1.0,0,0.0,[112.24902365721236],[67.75097634278764]
362522,59,,118.27953292174764,98.02681306564448,40,2.2629995467517365,0.5106532532704167,1.3178173619986833,4.431577655206603,3.595475179773757,0.2646295848927799,-0.2969555858472114,"[-0.07250002555183244, 0.30707013819528584]",0.3155127944732008,1,0.3155127944732008,40,188.72771161196087,moving,1596,[1666],[1666],1.0,[1666],[22.709008008683938],20.803863170011788,0,0.0,[1666],1.0,0,0.0,[22.709008008683938],[22.709008008683938]
361591,59,,118.89317179648204,101.19106060240266,41,1.2622256018945115,0.5153639769938492,1.564798820100699,2.449192528467267,1.9582875979143748,0.423407654198222,0.1587780693054421,"[0.6136388747344057, 3.164247536758168]",3.2231995194938587,1,3.2231995194938587,41,199.21842846598665,moving,1651,[1584],[],1.0,[1584],[11.702027496062414],176.5938980023553,0,0.0,[1720],1.0,0,0.0,[58.93779720825425],[58.93779720825425]
388613,59,,118.19836522348344,98.481271752158,44,2.2862002200932343,0.5210462396109459,1.5272724812116232,4.387710813919877,3.65040018251999,0.6615358048893692,-2.4214854200537275,"[0.26769551057439855, 0.15471971531962936]",0.3091910035726704,1,0.3091910035726704,44,227.855049175678,moving,1601,[1665],[1665],1.0,[1665],[10.119466733581362],157.51288433025655,0,0.0,[1665],1.0,0,0.0,[10.119466733581362],[10.119466733581362]
369087,59,,118.07063272276844,99.3781004488362,45,2.31983207169006,0.5150028144463753,1.6658986334605697,4.504503677681576,3.597587679879381,1.1882089608874324,0.5266731559980632,"[-0.1277325007149983, 0.8968286966781847]",0.905879298209424,1,0.905879298209424,45,240.1673826318146,moving,1625,[],[],0.0,[],,18.451210775928267,0,0.0,[],0.0,0,0.0,,
378196,59,,117.60657616228866,100.30653355996252,46,2.2954294474249903,0.5252983651661379,1.5240385476191314,4.369763166308364,3.673637683681876,0.3220343790194158,-0.8661745818680167,"[-0.46405656047978994, 0.9284331111263242]",1.0379482324085525,1,1.0379482324085525,46,253.5111053808217,moving,1635,[],[],0.0,[],,12.373917614648796,0,0.0,[],0.0,0,0.0,,
381231,59,,117.466804071991,100.85958794863768,47,2.350512381507683,0.5434100593435957,-1.5580196917126905,4.325485590654966,3.7834876891743994,0.2159656037461325,-0.1060687752732832,"[-0.13977209029766868, 0.5530543886751644]",0.57044315585257,1,0.57044315585257,47,266.9868531776467,moving,1651,[],[],0.0,[],,5.980875261982167,0,0.0,[],0.0,0,0.0,,
376434,59,,117.10917524730333,101.83347673087324,48,2.2849894594376248,0.5452604075005203,2.011438091424162,4.190638872739801,3.7370126868506377,0.1043859654726331,-0.1115796382734993,"[-0.35762882468766577, 0.973888782235548]",1.037476619694015,1,1.037476619694015,48,281.4777186171023,moving,1662,[1738],[1738],1.0,[1738],[31.204269119195153],33.586276312704165,0,0.0,[1738],1.0,0,0.0,[31.204269119195153],[31.204269119195153]
384066,59,,116.33395534326156,102.40188345852748,49,2.35897169291621,0.5241203608890745,2.2640869609814644,4.500820553726715,3.7306751865337553,0.5861911051412646,0.4818051396686315,"[-0.7752199040417622, 0.5684067276542493]",0.9612762910137392,1,0.9612762910137392,49,295.08561535570084,moving,1677,[],[],0.0,[],,13.926580181285312,0,0.0,[],0.0,0,0.0,,
382960,59,,115.86334007454616,102.59511790509217,50,2.333432894256731,0.5086776640412862,-0.9153735493292774,4.587252516098959,3.663075183153758,0.2430646777064299,-0.3431264274348347,"[-0.47061526871540593, 0.1932344465646878]",0.5087418623302342,1,0.5087418623302342,50,311.76681445742776,moving,1679,[],[],0.0,[],,39.73568920192255,0,0.0,[],0.0,0,0.0,,
375899,59,,115.04561430197208,104.13684632387412,51,2.3381479806819385,0.5222441699753595,-0.7209984692196656,4.477116481342926,3.728562686428144,0.6935186071227064,0.4504539294162765,"[-0.8177257725740787, 1.5417284187819575]",1.745165309193312,1,1.745165309193312,51,332.6140317356569,moving,1706,[],[],0.0,[],,29.480011284047492,0,0.0,[],0.0,0,0.0,,
386814,59,,115.05489632508454,104.48238535911568,52,2.3149455877907608,0.5229028190560449,2.4826482662733858,4.427104814561431,3.783487689174378,0.5145232604317111,-0.1789953466909952,"[0.009282023112461957, 0.3455390352415435]",0.3456636816744231,1,0.3456636816744231,52,350.9564071794569,moving,1731,[1749],[],1.0,[1749],[107.15898652257414],34.68743503283343,0,0.0,[1749],1.0,0,0.0,[107.15898652257414],[72.84101347742586]
390672,59,,114.31915502351455,105.60891601998776,54,2.2571418893317285,0.5292356223109764,3.019870725787848,4.264909227908023,3.641950182097507,0.196220206418042,-0.4314883242778975,"[-0.060578412412127136, 0.14145097729361567]",0.1538769736760271,1,0.1538769736760271,54,388.2889697225616,moving,1760,[1741],[1741],1.0,[1741],[138.35934317532815],36.92017776182104,0,0.0,[1741],1.0,0,0.0,[138.35934317532815],[41.64065682467185]
391903,59,,113.28018785615748,105.98565530664506,55,2.3238465996783875,0.5116660420773192,3.124736970438085,4.541725282850067,3.644062682203133,0.8183002884820573,0.6220800820640152,"[-1.038967167357086, 0.3767392866572834]",1.105163003794936,1,1.105163003794936,55,403.68636976685286,moving,1781,[],[],0.0,[],,25.403657919305463,0,0.0,[],0.0,0,0.0,,
399240,59,,111.90741133426232,105.85413605358964,58,2.3604146799920955,0.5267341971064063,0.2941109936429125,4.481225432028034,3.810950190547511,3.0862980985605266,1.1479501300940729,"[-0.033055689132837074, -0.1001913160817196]",0.1055034520868099,1,0.1055034520868099,58,427.2804457122294,moving,1776,[],[],0.0,[],,,0,0.0,[],0.0,0,0.0,,
400183,59,,110.88134470814413,105.49416079581242,59,2.3338070904874555,0.5269152884961981,0.0874310706537968,4.429188413090229,3.7243376862168938,0.914701467719563,-2.1715966308409635,"[-1.026066626118208, -0.35997525777722217]",1.0873798358648097,1,1.0873798358648097,59,439.9268132561348,moving,1779,[],[],0.0,[],,,0,0.0,[],0.0,0,0.0,,
296868,60,,4.637736997184121,84.62815858479168,0,2.260029918459132,0.4835883831461003,-0.1037983275910338,4.673457835682413,3.3145126657256294,,,"[0.0, 0.0]",0.0,0,0.0,0,0.0,moving,1320,[],[],0.0,[],,,0,0.0,[],0.0,0,0.0,,
300926,60,,7.941374266233775,82.81870975836235,2,1.517988832304516,0.5320005121713576,-0.367132556539816,2.8533597197281857,2.454725122736255,0.5753292813176459,,"[0.13344701457256747, 0.007338384554032018]",0.1336486348085676,1,0.1336486348085676,2,1.953440507701402,moving,1294,[],[],0.0,[],,,0,0.0,[],0.0,0,0.0,,
304515,60,,6.550810022925353,83.27848653032078,3,1.516444664084822,0.525676393013558,2.710313533470422,2.8847494090260786,2.399800119990012,2.767331991243455,2.192002709925809,"[-1.3905642433084218, 0.45977677195843114]",1.464603562333657,1,1.464603562333657,3,2.8328646038090066,moving,1312,[],[],0.0,[],,11.823999397735628,0,0.0,[],0.0,0,0.0,,
294785,60,,5.743863005606826,83.74663326913526,4,1.5329187264514628,0.5437885147501096,2.875187330275079,2.818961204349625,2.480075124003765,0.2063677202443132,-2.5609642709991416,"[-0.8069470173185271, 0.46814673881448243]",0.9329120311272132,1,0.9329120311272132,4,3.929634631411104,moving,1331,[],[],0.0,[],,46.85727021847891,0,0.0,[],0.0,0,0.0,,
304278,60,,5.178749342810431,86.18998170163502,5,2.167979547961404,0.514000747393002,2.252307722420986,4.2178529096647,3.356762667838135,0.8178136438091397,0.6114459235648264,"[-0.5651136627963949, 2.4433484324997607]",2.507848682532141,1,2.507848682532141,5,5.308706318473198,moving,1342,[1330],[1330],1.0,[1330],[29.111949012241567],142.36575090431717,0,0.0,[1330],1.0,0,0.0,[29.111949012241567],[29.111949012241567]
301811,60,,4.501153138956815,84.71076724990917,6,1.5516935036674837,0.5275118233354298,2.550709693357574,2.941533127838171,2.477962623898126,2.484751095354429,1.6669374515452893,"[-0.677596203853617, -1.479214451725852]",1.62702550984041,1,1.62702550984041,6,7.182264659854946,moving,1329,[],[],0.0,[],,143.03078476849365,0,0.0,[],0.0,0,0.0,,
292050,60,,4.331992171791864,85.4828715454413,7,1.5220022081497262,0.5391444755808218,2.3912105111007733,2.8229950914549744,2.4399376219968785,2.49635812592157,0.0116070305671409,"[-0.16916096716495055, 0.7721042955321309]",0.7904179122409547,1,0.7904179122409547,7,9.185438403692288,moving,1349,[1368],[1368],1.0,[1368],[29.19748604606446],9.506976177382509,0,0.0,[1382],1.0,0,0.0,[21.735740999905012],[21.735740999905012]
294172,60,,3.992575022064893,86.32870374148014,8,1.506076874899595,0.5695896422201072,2.1294796864749896,2.644143719027812,2.4906376245318818,0.1659280362039905,-2.33043008971758,"[-0.3394171497269709, 0.8458321960388417]",0.9113923992357356,1,0.9113923992357356,8,11.206360899745334,moving,1357,[1378],[1378],1.0,[1378],[37.57657083110331],24.833214594114693,0,0.0,[1378],1.0,0,0.0,[37.57657083110331],[37.57657083110331]
294296,60,,4.035478482423599,87.15604877545312,9,1.5298490326219405,0.5175568658448951,-1.2212379356947345,2.955905203043748,2.410362620518124,0.4334213585216086,0.267493322317618,"[0.04290346035870618, 0.8273450339729749]",0.8284567050549437,1,0.8284567050549437,9,13.30382904577797,moving,1362,[],[],0.0,[],,21.300865590796185,0,0.0,[],0.0,0,0.0,,
291504,60,,3.629495040232336,88.38130832625541,10,1.5649406808892106,0.519472925553703,1.966312142328906,3.012554849169762,2.5096501254825023,0.3717702380841612,-0.0616511204374474,"[-0.4059834421912636, 1.225259550802292]",1.2907685780827256,1,1.2907685780827256,10,15.679859972583628,moving,1392,[],[],0.0,[],,17.701843446780593,0,0.0,[],0.0,0,0.0,,
295668,60,,3.251199619918972,88.901334402464,12,1.540818531834426,0.5231344111419459,2.0516173341212185,2.9453587816389013,2.4420501221025037,0.2452280098433704,-0.1042480348242657,"[-0.04416504579849523, 0.09779051570845354]",0.1073011473979122,1,0.1073011473979122,12,20.80387980328297,moving,1390,[],[],0.0,[],,59.28779220330058,0,0.0,[],0.0,0,0.0,,
288911,60,,3.4671731529008314,89.40393935251647,13,1.6070781681551538,0.5377324978338537,-1.4932109316272903,2.98862013106692,2.530775126538753,0.8300597631911818,0.5848317533478113,"[0.2159735329818595, 0.5026049500524721]",0.5470432366512855,1,0.5470432366512855,13,23.48337534591292,moving,1403,[],[],0.0,[],,14.552977833343563,0,0.0,[],0.0,0,0.0,,
331603,60,,3.7959648192636233,91.55244659044024,14,1.5447951434975538,0.522354465003882,1.3006788787587904,2.957369462681004,2.465287623264381,0.2539973791615958,-0.576062384029586,"[0.3287916663627919, 2.1485072379237664]",2.173519567724301,1,2.173519567724301,14,26.244931859437244,moving,1449,[1466],[1466],1.0,[1466],[78.69006752597979],14.192526137855852,0,0.0,[1466],1.0,0,0.0,[78.69006752597979],[78.69006752597979]
315132,60,,3.773083498461865,91.79043064367002,16,1.5388146338594948,0.5280977410914448,1.4712420707578855,2.913882249674375,2.486412624320629,2.652715295533992,2.439790883001977,"[-0.17055402702964884, -0.1487266255688411]",0.22629247731448,1,0.22629247731448,16,31.643910407420773,moving,1453,[1396],[1396],1.0,[1396],[5.674669290867712],168.4912379275262,0,0.0,[1489],1.0,0,0.0,[80.55607720672828],[80.55607720672828]
317858,60,,3.728717321682361,91.36950602955596,17,1.543773987710202,0.5216030268476333,-1.5600788966729902,2.9596722186222237,2.444162622208134,0.7486422898754426,-1.904073005658549,"[-0.04436617677950361, -0.4209246141140568]",0.4232562916355736,1,0.4232562916355736,17,34.702365954045206,moving,1440,[],[],0.0,[],,168.05029835103304,0,0.0,[1480],1.0,0,0.0,[76.08551833593026],[76.08551833593026]
322572,60,,3.6824368736700928,91.81485574364672,18,1.5474246635467332,0.5261761690342411,1.699066212822454,2.9408870158200453,2.450500122525007,2.933031015184324,2.1843887253088816,"[-0.046280448012268494, 0.44534971409075297]",0.4477479734280566,1,0.4477479734280566,18,38.0149581128743,moving,1456,[],[],0.0,[],,4.377736102646519,0,0.0,[],0.0,0,0.0,,
319191,60,,3.5916639879089627,92.31382290585177,19,1.5694459432132764,0.5331740250582299,1.7597998215702346,2.943590402855562,2.543450127172499,0.0764059087746105,-2.8566251064097137,"[-0.09077288576113007, 0.4989671622050338]",0.5071567270068964,1,0.5071567270068964,19,41.4179589663259,moving,1459,[],[],0.0,[],,29.729440692384255,0,0.0,[],0.0,0,0.0,,
320635,60,,3.207675144239659,92.77079437733862,22,1.5902040770533583,0.5275883371357649,1.5229699464808015,3.014100132854433,2.473737623686881,2.9413665225154437,0.8764963071452141,"[-0.12480171026856546, -0.06464638721857341]",0.1405511375491948,1,0.1405511375491948,22,51.68407284142528,moving,1475,[],[],0.0,[],,74.2551512169924,0,0.0,[],0.0,0,0.0,,
323471,60,,3.841285872268053,93.70259485485182,23,1.5803518079193788,0.5032499251939262,1.294343973480324,3.1402921864526734,2.4357126217856293,2.6459010253486275,-0.2954654971668158,"[0.633610728028394, 0.9318004775132067]",1.126816171594334,1,1.126816171594334,23,55.62072693274562,moving,1489,[],[],0.0,[],,10.768270877381932,0,0.0,[],0.0,0,0.0,,
330386,60,,4.49957603684727,95.22040669888464,25,1.5764307241232227,0.5159767405646182,-1.4333882928373154,3.055236021682258,2.494862624743127,0.4309644406066809,0.3079987858074736,"[0.011114652159904814, 0.256905707922499]",0.2571460251604058,1,0.2571460251604058,25,62.68876069281443,moving,1518,[1469],[],1.0,[1469],[1.4280561964275904],152.28902237856863,0,0.0,[1544],1.0,1,1.0,[22.58031473413149],[22.58031473413149]
333755,60,,4.54279951476765,94.64069740451292,27,1.5992464669273438,0.5070865940514117,1.71646524292613,3.153793623590061,2.4695126234756297,3.004907699875041,-0.0819186632470549,"[0.0334717584041444, 0.266044059856398]",0.2681413813560676,1,0.2681413813560676,27,70.62876902272447,moving,1518,[],[],0.0,[],,175.94419403863375,0,0.0,[],0.0,0,0.0,,
346051,60,,4.539113413970463,95.65454672633985,28,1.5542133476674536,0.5444377894176489,-1.462651965644606,2.854712471979395,2.573025128651255,0.1287909799906947,-2.876116719884346,"[-0.0036861007971875637, 1.0138493218269105]",1.0138560226718454,1,1.0138560226718454,28,75.09163243003687,moving,1534,[1483],[1483],1.0,[1483],[4.626570709371521],157.67957984761534,0,0.0,[],1.0,1,1.0,,
342636,60,,4.684820071575359,95.30327807287452,29,1.5471504770631674,0.5222676272338579,1.7641700588527485,2.962371007480411,2.4737376236868807,2.752027831502158,2.623236851511463,"[0.14570665760489643, -0.3512686534652971]",0.3802894910166641,1,0.3802894910166641,29,79.06702114451049,moving,1522,[1478],[1478],1.0,[1478],[19.653824058053296],10.349749647901117,0,0.0,[],0.0,0,0.0,,
337102,60,,4.835588728484689,94.60470489676416,30,1.5744334017455093,0.517663361056647,2.013234505025635,3.041423288161245,2.503312625165631,0.1806372081130354,-2.5713906233891226,"[0.15076865690932983, -0.6985731761103864]",0.7146577294671878,1,0.7146577294671878,30,84.20608394205573,moving,1518,[1478],[],1.0,[1478],[4.339903039728142],68.30644241878987,0,0.0,[],0.0,0,0.0,,
350296,60,,4.481734384744743,94.3671707337879,31,1.5677660744932185,0.518618462553004,2.0617495978801728,3.0229661836093795,2.473737623686876,1.192172320531822,1.0115351124187866,"[-0.35385434373994595, -0.23753416297624597]",0.4261870190004074,1,0.4261870190004074,31,90.695253054668,moving,1512,[],[],0.0,[],,112.6217947665506,1,0.0,[],0.0,0,0.0,,
352271,60,,4.351876386915466,95.01996658817664,33,1.563181697341942,0.5102003885934544,2.4923549114005,3.0638583040898864,2.410362620518126,3.017215597971417,1.0040315765626828,"[0.006229280344646426, -0.25501139263437267]",0.2550874640332887,1,0.2550874640332887,33,104.42400121777564,moving,1525,[],[],0.0,[],,20.87574967808778,0,0.0,[],0.0,0,0.0,,
348409,60,,4.422703616212338,95.43761379414184,34,1.5311325055337224,0.5056825227292547,2.3741227857478977,3.027853320438957,2.370225118511252,2.949182036730531,-0.068033561240886,"[0.07082722929687257, 0.4176472059652099]",0.4236102985769092,1,0.4236102985769092,34,111.93361077107164,moving,1541,[],[],0.0,[],,19.93370125044899,0,0.0,[],0.0,0,0.0,,
354573,60,,4.357927273732443,95.79374768879131,35,1.584267242754428,0.506985551815751,2.352126338167386,3.124876511925104,2.431487621574377,0.347908718929234,-2.601273317801297,"[-0.06477634247989528, 0.3561338946494885]",0.3619769681392528,1,0.3619769681392528,35,120.1012775325739,moving,1558,[],[],0.0,[],,17.475969226185338,0,0.0,[],0.0,0,0.0,,
355278,60,,4.411082754905162,96.21645832827582,36,1.5902170720137323,0.548129321446197,2.612116367494764,2.9011713290908565,2.556125127806261,0.3050132029741375,-0.0428955159550964,"[0.053155481172718844, 0.4227106394844924]",0.4260396576753058,1,0.4260396576753058,36,128.7506697432028,moving,1567,[],[],0.0,[],,20.058456818012147,0,0.0,[],0.0,0,0.0,,
355851,60,,4.290548167971967,96.74311231177704,37,1.6144580405606908,0.5131943817060772,2.912123656285984,3.145899678779692,2.5054251252712567,0.3500861143434267,0.0450729113692891,"[-0.12053458693319463, 0.5266539835012054]",0.5402712327940882,1,0.5402712327940882,37,137.30372974928414,moving,1591,[],[],0.0,[],,5.484699628225652,0,0.0,[],0.0,0,0.0,,
358874,60,,4.231511188481675,97.1972694091858,38,1.5447695975205398,0.5463627684818585,-0.2794942003027368,2.827369811110825,2.4779626238981365,0.0957260669954593,-0.2543600473479673,"[-0.059036979490292296, 0.45415709740878185]",0.457978202618975,1,0.457978202618975,38,144.18851276181843,moving,1594,[1556],[1556],1.0,[1556],[41.62246554863057],42.8308615966547,0,0.0,[],0.0,0,0.0,,
362550,60,,4.438401816890167,97.48813065274564,40,1.5450393925711765,0.5599675195288961,0.0106560633076471,2.759158948845867,2.600487630024376,2.794502667145774,1.996739247003707,"[-0.044765520202905584, -0.027767932552947627]",0.05267836251538,1,0.05267836251538,40,157.76922275661897,moving,1610,[],[],0.0,[],,139.78482191486896,1,0.0,[],0.0,0,0.0,,
361528,60,,3.937562403734988,97.35990543597858,41,1.573360810330497,0.5229930582587947,-0.3212996349764382,3.008377999449363,2.486412624320624,0.3045734166029044,-2.48992925054287,"[-0.5008394131551785, -0.12822521676707765]",0.5169930598998285,1,0.5169930598998285,41,164.78148997049234,moving,1589,[],[],0.0,[],,43.94001457227113,0,0.0,[],0.0,0,0.0,,
369064,60,,3.511146714930782,97.6019421803816,42,1.5547651156331057,0.5236256411131358,2.936589957572302,2.96923029271055,2.4948626247431376,0.7668979276604706,0.4623245110575662,"[-0.42641568880420655, 0.24203674440303757]",0.4903183917615035,1,0.4903183917615035,42,170.7759158691123,moving,1593,[1576],[1576],1.0,[1576],[8.804804624445577],158.07349756438663,0,0.0,[1617],1.0,1,1.0,[3.8389698053559442],[3.8389698053559442]
388644,60,,4.596849608210685,97.45605488778304,44,1.564666660291126,0.5351604448264331,3.056652426167822,2.923733761374291,2.5709126285456296,0.0146675920685162,-2.7451845527096284,"[0.070382148110129, -0.008476120259231834]",0.0708907002874502,1,0.0708907002874502,44,182.06948824708115,moving,1612,[],[],0.0,[],,156.11966028480518,0,0.0,[],0.0,0,0.0,,
380977,60,,3.927000232909597,97.26109984462433,47,1.573654832053329,0.5534852120283865,0.3122832307784886,2.843174122550218,2.6131626306581337,3.00179784732439,0.0807060143816542,"[-0.24953678964181636, -0.09346117672032506]",0.2664650088448611,1,0.2664650088448611,47,204.1891880370576,moving,1602,[],[],0.0,[],,2.674174672294826,0,0.0,[],0.0,0,0.0,,
376074,60,,3.270354691687951,97.03626129115426,48,1.5882334675133312,0.5319180838365742,0.4262422021504122,2.985861010886965,2.5814751290737568,0.0284736603701904,-2.9733241869541995,"[-0.6566455412216463, -0.22483855347006454]",0.6940718564621244,1,0.6940718564621244,48,205.4500956130717,moving,1590,[],[],0.0,[],,11.86894509892334,0,0.0,[],0.0,0,0.0,,
383213,60,,2.5017249947924465,96.94144280293938,49,1.6116778252233577,0.5276019566503486,0.4849204075790776,3.0547229874877924,2.5983751299187645,0.2071521707146564,0.1786785103444659,"[-0.7686296968955046, -0.0948184882148837]",0.7744560392023755,1,0.7744560392023755,49,193.7197712197633,moving,1592,[],[],0.0,[],,,0,0.0,[],0.0,0,0.0,,
382050,60,,1.6956843126930647,96.73618782442315,50,1.5346432725587276,0.5272873926165378,0.4416382116104833,2.910449394481872,2.4800751240037533,0.1266061777923899,-0.0805459929222664,"[-0.8060406820993817, -0.20525497851620855]",0.8317639012393636,1,0.8317639012393636,50,155.26004606609217,moving,1587,[],[],0.0,[],,,0,0.0,[],0.0,0,0.0,,
292661,61,,75.92927757391638,70.29275851408386,0,2.4126398431907634,0.5062849580375225,1.0300296811110812,4.765379268905624,3.908125195406261,,,"[0.0, 0.0]",0.0,0,0.0,0,0.0,moving,1058,[],[],0.0,[],,,0,0.0,[],0.0,0,0.0,,
301587,61,,75.96911301035084,71.30399296426914,3,2.451926252868803,0.5478823917109924,0.9608989520139962,4.475278435599355,3.9926251996312585,0.46391352681722,-2.583526786236507,"[-0.11657921665508297, -0.13768784720126348]",0.1804124636016903,1,0.1804124636016903,3,1.5477390075423108,moving,1088,[],[],0.0,[],,,0,0.0,[],0.0,0,0.0,,
302668,61,,75.64203937539264,70.87333734170043,5,2.442263760057624,0.5247429082886022,1.0685329250729738,4.654210131248517,3.935587696779361,0.670610942578417,0.4627480556521264,"[-0.12331109973519006, -0.05293316052029695]",0.1341922009677519,1,0.1341922009677519,5,3.0965386235500008,moving,1075,[],[],0.0,[],,0.3051030607117672,0,0.0,[],0.0,0,0.0,,
298341,61,,75.30020318827917,70.4281854748929,6,2.5030429288112845,0.5046159988320327,1.0554626329648498,4.96029244931739,3.8827751941387616,0.5104538152216699,-0.1601571273567471,"[-0.3418361871134721, -0.44515186680753516]",0.5612594438782391,1,0.5612594438782391,6,3.761729710611584,moving,1067,[],[],0.0,[],,10.821800000907162,0,0.0,[],0.0,0,0.0,,
289368,61,,74.57721977194852,69.78499862018451,7,2.4300074011724666,0.5185832754476912,0.7305426453184081,4.685857636027018,3.944037697201885,0.1888760410081553,-0.3215777742135146,"[-0.7229834163306492, -0.6431868547083894]",0.9676747130925804,1,0.9676747130925804,7,4.383857739905975,moving,1067,[],[],0.0,[],,53.171551420926114,0,0.0,[],0.0,0,0.0,,
289383,61,,74.62310470245518,69.24183979251006,9,2.474537221411627,0.5119960443154745,1.0959577358696633,4.83311785097875,3.872212693610624,1.6006635320781843,1.2564119449577265,"[0.26803351240518225, -0.13602445781047834]",0.3005738127230873,1,0.3005738127230873,9,5.1452837373144,moving,1056,[],[],0.0,[],,144.78211515779407,1,0.0,[1055],1.0,1,1.0,[91.5500610235467],[88.4499389764533]
287356,61,,75.01889943557592,69.9167491465582,10,2.463270980919667,0.5304048223664924,1.0091792266948691,4.644133833341408,3.925025196251253,1.5100281289950834,-0.0906354030831009,"[0.3957947331207379, 0.6749093540481397]",0.7824040560655301,1,0.7824040560655301,10,5.445616866755817,moving,1069,[],[],0.0,[],,27.255070946520203,0,0.0,[],0.0,0,0.0,,
290744,61,,75.06839931262127,70.82078848381984,11,2.48951137513849,0.509505967092941,0.917756692503406,4.886128006199323,3.9271376963568856,0.4756907258814248,-1.0343374031136583,"[0.049499877045349194, 0.9040393372616364]",0.905393484151484,1,0.905393484151484,11,5.799927608485533,moving,1092,[],[],0.0,[],,17.571508939787734,0,0.0,[],0.0,0,0.0,,
289861,61,,75.62418592791218,72.29120358091946,12,2.472607978773172,0.5094552770896367,1.0457950299304084,4.853434815512032,3.8510876925543824,0.306680685542914,-0.1690100403385108,"[0.5557866152909128, 1.4704150970996182]",1.5719476198382083,1,1.5719476198382083,12,6.330103091077916,moving,1106,[],[],0.0,[],,4.026154237801859,0,0.0,[],0.0,0,0.0,,
285180,61,,76.02311298100281,73.62263528432565,13,2.466112414268685,0.5207721759035612,1.2068368660267137,4.735491887579975,3.8257376912868857,0.0702696476427651,-0.2364110379001488,"[0.39892705309063103, 1.3314317034061958]",1.389911211021301,1,1.389911211021301,13,6.686777209757714,moving,1135,[],[],0.0,[],,13.119623470645058,0,0.0,[],0.0,0,0.0,,
322352,61,,76.41089505870478,74.2997675816023,15,2.458160880194604,0.5060829262453458,1.26756899701522,4.857229423706942,3.884887694244391,3.037285282779312,2.770655005505993,"[-0.1734143676471831, -0.2224995396775853]",0.2820967707422574,1,0.2820967707422574,15,7.378741612825892,moving,1146,[],[],0.0,[],,16.382368343178815,0,0.0,[],0.0,0,0.0,,
312238,61,,76.81436611788548,74.68693396593464,20,2.499379696073148,0.4797098733984596,1.0869305892255807,5.210190230954654,3.707437685371876,2.7158413230703635,2.204054251107824,"[-0.07945264177990907, 0.047311318747986775]",0.0924720669579747,1,0.0924720669579747,20,8.757155181617177,moving,1164,[],[],0.0,[],,137.23723552188733,1,0.0,[1240],1.0,1,1.0,[33.82329981326974],[33.82329981326974]
319457,61,,76.79019599628832,74.28232709621136,21,2.5032933410877245,0.4837657595080591,1.173906091420093,5.174598019573193,3.827850191392499,2.0482086809604545,-0.667632642109909,"[-0.024170121597165917, -0.4046068697232812]",0.4053281557026282,1,0.4053281557026282,21,8.912801770244076,moving,1148,[],[],0.0,[],,38.53199305027528,0,0.0,[],0.0,0,0.0,,
342703,61,,77.02095945977813,73.95414659771897,28,2.506767062735385,0.4956142308707591,1.2860574000450595,5.057899686074737,3.855312692765629,2.631968250608084,0.8032552270089854,"[-0.0025566846492921513, 0.04334201418974715]",0.0434173563269364,1,0.0434173563269364,28,12.341026373323846,moving,1153,[1232],[1232],1.0,[1232],[34.28538419987845],129.3633504859973,0,0.0,[1232],1.0,0,0.0,[34.28538419987845],[34.28538419987845]
340206,61,,77.33501301986303,75.08480232059176,29,1.1862252623732097,0.5349955666790532,1.23752683983218,2.21726185459184,1.90547509527376,0.329852823024954,-2.30211542758313,"[0.3140535600849006, 1.1306557228727883]",1.173461546991203,1,1.173461546991203,29,13.330718263509905,moving,1191,[1150],[],1.0,[1150],[7.340669017300712],168.58753616969142,0,0.0,[1150],1.0,0,0.0,[7.340669017300712],[7.340669017300712]
348786,61,,77.19782926064761,73.17604713046522,33,2.454169505395378,0.4941372245944664,0.942354724621664,4.966574836391835,3.7539126876956175,1.840311728313808,1.245175880575636,"[-0.09569928767054137, -0.05851789070379709]",0.1121726222973795,1,0.1121726222973795,33,17.86619981185124,moving,1146,[],[],0.0,[],,152.10419319359,0,0.0,[1140],1.0,1,1.0,[51.22218791011494],[51.22218791011494]
344684,61,,77.39181624638577,73.48641125744652,34,2.5097579440716453,0.5253968407061356,0.9615912997124884,4.776880539857301,3.887000194350006,2.678233023049885,0.837921294736077,"[0.19398698573816375, 0.3103641269812982]",0.3660011502067199,1,0.3660011502067199,34,19.27668440345283,moving,1152,[],[],0.0,[],,4.962053758937212,0,0.0,[],0.0,0,0.0,,
350200,61,,78.05318801453544,74.36507998411498,35,2.501310480119639,0.5152324459625842,0.85800932147277,4.854722367972304,3.920800196040004,0.0866041757544153,-2.59162884729547,"[0.6613717681496638, 0.8786687266684652]",1.0997596768979097,1,1.0997596768979097,35,20.798887248929585,moving,1179,[],[],0.0,[],,172.55390525336634,0,0.0,[],0.0,0,0.0,,
352385,61,,77.63193070424722,73.62119471688177,36,1.3188329949161102,0.5242416055236776,1.0376476481998371,2.515696924891522,2.0956001047799995,3.011633783845583,2.9250296080911675,"[-0.4212573102882118, -0.7438852672332104]",0.8548818703644869,1,0.8548818703644869,36,21.982462837909814,moving,1179,[1210],[1210],1.0,[1210],[18.434948822921996],154.3036653598159,0,0.0,[1216],1.0,0,0.0,[33.3741013566914],[33.3741013566914]
351518,61,,77.65978237552744,74.03763579463897,37,1.3342952738386415,0.5145219267634142,0.9186181050437514,2.593271937372988,2.076587603829373,2.6931070084243083,-0.3185267754212746,"[0.02785167128021726, 0.41644107775719874]",0.4173714015558307,1,0.4173714015558307,37,23.719865233265544,moving,1199,[1229],[1229],1.0,[1229],[6.927218126009166],4.114978082574621,0,0.0,[1241],1.0,0,0.0,[27.98171574432584],[27.98171574432584]
357623,61,,77.65679838951598,74.62979182476909,38,1.3365047743918206,0.5050269514519696,0.7020181633771289,2.646402871271175,2.0618001030900013,0.0718199161883302,-2.621287092235978,"[-0.002983986011457773, 0.5921560301301128]",0.5921635485167688,1,0.5921635485167688,38,25.323115388563668,moving,1210,[1236],[1236],1.0,[1236],[0.2640339812591037],51.128102335610976,0,0.0,[],0.0,0,0.0,,
356076,61,,78.66298922829216,75.44927010287522,39,2.528019239795305,0.5003841590627117,0.5824007611056546,5.052156815936445,3.952487697624383,0.8923537260530143,0.820533809864684,"[1.0061908387761775, 0.819478278106132]",1.2976766362714938,1,1.2976766362714938,39,27.15485107054649,moving,1224,[1175],[],1.0,[1175],[13.784871766695431],163.52619638625598,0,0.0,[1257],1.0,0,0.0,[26.5105875247435],[26.5105875247435]
361896,61,,77.85099847406121,75.1098265305316,40,1.316255583452628,0.5355148237614791,0.4725342327023873,2.457925579365277,2.0280001014000124,2.85407054020302,1.9617168141500052,"[-0.8119907542309477, -0.3394435723436118]",0.880085747959786,1,0.880085747959786,40,28.523627875458395,moving,1232,[1247],[],1.0,[1247],[5.684124500864044],170.32076039639523,0,0.0,[1265],1.0,0,0.0,[42.774599817942374],[42.774599817942374]
365884,61,,78.5985259300902,75.28251095975416,42,2.518733328902387,0.5022681718715217,0.3448154464902669,5.01471817240028,3.8785501939275018,3.011516770997839,0.0026937624157299,"[-0.1975384496146262, -0.0819543081868801]",0.213864320789,1,0.213864320789,42,32.08598382174894,moving,1216,[],[],0.0,[],,2.886383396291148,0,0.0,[],0.0,0,0.0,,
375482,61,,79.39533417123538,75.42474822407907,46,2.49943666564343,0.5195564706829544,0.4527683065386627,4.810712226060687,3.99051269952563,1.694851185537097,0.258220753425626,"[0.22009099872346383, 0.10224811124226107]",0.2426823519988661,1,0.2426823519988661,46,40.1047078897933,moving,1235,[],[],0.0,[],,167.34732398801887,0,0.0,[1206],1.0,0,0.0,[29.21924669048461],[29.21924669048461]
377753,61,,78.69884076530516,75.13234306685182,47,1.3078128481627322,0.5258698405094399,0.5051265760492369,2.486951613151612,2.0618001030900053,3.104165957786197,1.4093147722491002,"[-0.6964934059302124, -0.29240515722725036]",0.7553832407972529,1,0.7553832407972529,47,42.0657133970974,moving,1240,[1262],[],1.0,[1262],[16.75026450502571],164.9176066479603,0,0.0,[1268],1.0,0,0.0,[34.13444160057418],[34.13444160057418]
380287,61,,79.528924257518,75.77752836348517,50,2.5858397823223345,0.4922124064767385,0.5456403968502441,5.253503870070651,3.990512699525639,2.395560656305352,-0.470253848678952,"[0.02283950344640573, 0.042418760376151]",0.0481766971629199,1,0.0481766971629199,50,43.612779119278414,moving,1244,[],[],0.0,[],,168.03091764457344,0,0.0,[],0.0,0,0.0,,
373304,61,,79.00572885469867,75.52362297922366,51,1.3307718009452338,0.5168159695946767,0.5981603500996778,2.574943266534349,2.116725105836247,2.51652922567356,0.1209685693682081,"[-0.5231954028193257, -0.25390538426151466]",0.5815508349991976,1,0.5815508349991976,51,41.214764583763866,moving,1252,[1271],[1271],1.0,[1271],[19.689400445603553],175.7670894223214,0,0.0,[1269],1.0,0,0.0,[26.56505117707799],[26.56505117707799]
384366,61,,79.92027515098532,76.05419544975403,52,2.487658698568754,0.5212938575744552,0.5391360239852858,4.772085192301441,4.060225203011255,3.067714427066806,0.5511852013932459,"[0.9145462962866446, 0.5305724705303732]",1.057308883220189,1,1.057308883220189,52,38.920739667911874,moving,1258,[],[],0.0,[],,178.1248455060513,0,0.0,[1276],1.0,0,0.0,[32.15967235219341],[32.15967235219341]
396404,61,,79.05629000718105,75.59005789110248,57,1.3104723804037095,0.5219855210188054,0.6243457839277998,2.5105531238604946,2.1061626053081306,0.760239202676335,-1.845512392754669,"[-0.13466083431347897, -0.10343788504110307]",0.1698026394370202,1,0.1698026394370202,57,33.7936463471765,moving,1262,[1283],[1283],1.0,[1283],[17.134227470284344],129.83570430256276,0,0.0,[1280],1.0,0,0.0,[17.759555449474817],[17.759555449474817]
397268,61,,79.4714836501552,75.422988133096,58,1.348161629767597,0.5267508147686237,0.7725784669843208,2.55939163636563,2.1505251075262466,2.104019950119377,1.343780747443042,"[0.4151936429741596, -0.16706975800647683]",0.4475467184624379,1,0.4475467184624379,58,37.48124073466291,moving,1269,[1289],[1289],1.0,[1289],[21.599522444807576],,0,0.0,[1283],1.0,0,0.0,[6.459297827536872],[6.459297827536872]
398434,61,,80.36000891030639,75.80096980392244,59,2.529437247669593,0.5296442496858262,0.8073694654025085,4.775728706900909,4.081350204067512,0.7847772827912509,-1.319242667328126,"[0.8885252601511837, 0.3779816708264434]",0.9655813178637408,1,0.9655813178637408,59,49.97177178877365,moving,1274,[],[],0.0,[],,,0,0.0,[],0.0,0,0.0,,
281912,62,,62.12489805457923,32.08305959702231,1,2.234915870029168,0.5156514514368523,-1.1501847862260108,4.33415995204051,3.6229376811468814,,,"[-0.09087265563263003, 0.05289686893826939]",0.1051471268518499,1,0.1051471268518499,1,0.6182602895083585,moving,489,[],[],0.0,[],,,0,0.0,[],0.0,0,0.0,,
292333,62,,62.01842604510952,32.60513953887023,2,2.246865964711369,0.5403212336419346,1.931264339706105,4.158389167064169,3.55322517766126,0.8424640895123668,,"[-0.10647200946971225, 0.5220799418479203]",0.5328261953774855,1,0.5328261953774855,2,2.1783447496655857,moving,500,[],[],0.0,[],,,0,0.0,[],0.0,0,0.0,,
293085,62,,61.64672123371142,33.443866860612445,3,2.262439812704978,0.5259042919075556,1.6749052068462045,4.301999142274872,3.6187126809356407,0.2159862589381396,-0.6264778305742271,"[-0.37170481139810363, 0.838727321742212]",0.9174028488365206,1,0.9174028488365206,3,4.4420324446561645,moving,510,[579],[579],1.0,[579],[76.25482641171922],10.92266559091114,0,0.0,[579],1.0,0,0.0,[76.25482641171922],[76.25482641171922]
286160,62,,61.40356016056082,34.49886350854088,4,2.241072771051196,0.5322922871822399,1.9739933365978743,4.210229652048151,3.555337677766877,0.1906364776556914,-0.0253497812824482,"[-0.24316107315059554, 1.0549966479284336]",1.0826565635675889,1,1.0826565635675889,4,7.10131704819825,moving,534,[],[],0.0,[],,17.574792451212183,0,0.0,[],0.0,0,0.0,,
297944,62,,60.854399452665945,35.42914901219392,5,2.2604882087663984,0.5160047171184001,2.187693625069656,4.380751054738356,3.6081501804075113,0.3067379936282974,0.116101515972606,"[-0.5491607078948775, 0.9302855036530389]",1.0802817231641897,1,1.0802817231641897,5,9.947055198735503,moving,550,[],[],0.0,[],,173.2354351057324,1,0.0,[532],1.0,1,1.0,[22.79510577858943],[22.79510577858943]
292706,62,,61.10705892740033,35.09770834632254,6,2.2452653561351577,0.54120098097061,2.100660647830406,4.14867200001821,3.563787678189388,3.023528723720001,2.716790730091704,"[0.25265947473438644, -0.33144066587137644]",0.4167609928559983,1,0.4167609928559983,6,12.758786855930028,moving,538,[],[],0.0,[],,2.559004307097166,0,0.0,[],0.0,0,0.0,,
310789,62,,61.467846659346094,34.57781936606374,19,2.2707603689204143,0.5491983743566449,-1.2903854763356626,4.134681519369905,3.703212685160635,2.863824114034587,0.1146525993558791,"[-0.018852872808039933, 0.025343564908581584]",0.0315868183803247,1,0.0315868183803247,19,55.97638095174815,moving,549,[],[],0.0,[],,30.68064869892916,0,0.0,[],0.0,0,0.0,,
307839,62,,61.53947017281703,33.5734252500141,20,2.302970858059609,0.5192328597928852,-1.5044343480394062,4.435333424348821,3.614487680724376,2.573201861464153,-0.2906222525704338,"[0.07162351347093932, -1.004394116049646]",1.006944620144063,1,1.006944620144063,20,58.69068668449245,moving,528,[],[],0.0,[],,20.953953637025823,0,0.0,[],0.0,0,0.0,,
313704,62,,61.68702006069213,33.25747614007779,21,2.2970732819422333,0.522865151012544,1.6896970689929718,4.393242268095094,3.7074376853718887,0.3657154822763601,-2.207486379187793,"[0.14754988787510115, -0.3159491099363052]",0.3487044729875119,1,0.3487044729875119,21,61.214854488710586,moving,514,[],[],0.0,[],,108.87327713039193,0,0.0,[],0.0,0,0.0,,
342331,62,,61.60647838146979,33.24878405065846,33,2.2585616018942365,0.5139707068201754,1.6467844021607323,4.3943391557613545,3.7095501854775095,0.9136374557900276,-0.9782502296439556,"[-0.0141440167482898, 0.12414969427616285]",0.1249527902795315,1,0.1249527902795315,33,85.69212331093568,moving,511,[],[],0.0,[],,97.7484991921515,0,0.0,[],0.0,0,0.0,,
339421,62,,61.62570035766248,33.941727141235525,34,2.296713119988416,0.5498047381106768,-1.505787954599643,4.177325077045959,3.6905376845268822,0.1411705244780053,-0.7724669313120222,"[0.019221976192682177, 0.6929430905770673]",0.6932096444418887,1,0.6932096444418887,34,88.38160732390442,moving,526,[],[],0.0,[],,21.025800304775096,0,0.0,[],0.0,0,0.0,,
345259,62,,61.30370634046452,34.854205395298365,35,2.2797017772924386,0.5413728238398906,1.89741255756016,4.210964564351043,3.720112686005632,0.3669694431851424,0.225798918707137,"[-0.3219940171979587, 0.9124782540628402]",0.967624261399459,1,0.967624261399459,35,90.90091871248926,moving,551,[],[],0.0,[],,166.04130086466336,1,0.0,[588],1.0,1,1.0,[48.13802118806436],[48.13802118806436]
343855,62,,61.33559240776941,34.5217267126041,36,2.2739013913701496,0.5309003790384104,-1.3196268898242225,4.283103725577928,3.6884251844212574,2.897967394382883,2.5309979511977407,"[0.031886067304888854, -0.3324786826942656]",0.3340041852047457,1,0.3340041852047457,36,93.15496142213426,moving,551,[],[],0.0,[],,22.75157923579524,0,0.0,[],0.0,0,0.0,,
343311,62,,60.94255155298677,33.25775392149361,37,2.248069215779621,0.5373290351996297,1.3872171503634971,4.183785108400876,3.589137679456879,0.3970899676930022,-2.500877426689881,"[-0.3930408547826403, -1.2639727911104899]",1.323672289577715,1,1.323672289577715,37,95.64831335739387,moving,532,[],[],0.0,[],,6.0670897462241955,0,0.0,[],0.0,0,0.0,,
350056,62,,60.21265857830457,31.566255491940865,38,2.243126812328581,0.5634673551912355,0.8922689082284683,3.980934816653727,3.743350187167509,0.1058906920855973,-0.2911992756074049,"[-0.729892974682194, -1.6914984295527447]",1.8422569559292816,1,1.8422569559292816,38,98.73413655152709,moving,515,[],[],0.0,[],,30.764554468182343,0,0.0,[],0.0,0,0.0,,
348370,62,,58.99182994467821,30.68268782280903,39,2.272007418801303,0.5950590691845545,0.402734951006431,3.8181208159969264,3.764475188223761,0.5369427683789187,0.4310520762933214,"[-1.2208286336263612, -0.8835676691318355]",1.5070216914885706,1,1.5070216914885706,39,102.54384770347107,moving,513,[476],[],1.0,[476],[83.51953397957108],55.01608839507429,0,0.0,[476],1.0,0,0.0,[83.51953397957108],[83.51953397957108]
353219,62,,58.30474456538996,30.92089676299834,40,2.276995919109585,0.5420680944337252,-0.0584638323057475,4.200571740877432,3.652512682625633,0.9602118840622892,0.4232691156833704,"[-0.6870853792882485, 0.23820894018930971]",0.7272068602659015,1,0.7272068602659015,40,107.14485574502284,moving,518,[],[],0.0,[],,0.7048005137607337,0,0.0,[],0.0,0,0.0,,
360154,62,,56.28524073816007,31.593337006674176,41,2.256194912502981,0.5495868269152698,2.6559690691708804,4.105256534561772,3.663075183153756,0.0123010895348724,-0.9479107945274168,"[-2.01950382722989, 0.6724402436758368]",2.128513939233425,1,2.128513939233425,41,112.77536519233016,moving,515,[],[],0.0,[],,17.972502402719698,0,0.0,[],0.0,0,0.0,,
363833,62,,54.63866505129022,32.80680357069864,42,2.2794328027603266,0.5047864413500922,2.699612763753344,4.515637933268966,3.6609626830481328,0.3136793417500506,0.3013782522151782,"[-1.646575686869852, 1.2134665640244648]",2.045412573197952,1,2.045412573197952,42,118.4478148590295,moving,533,[],[],0.0,[],,2.1739318421569584,0,0.0,[],0.0,0,0.0,,
364914,62,,53.14117407720509,34.00064387532526,43,2.2387877692524247,0.53514850959035,2.536782359586161,4.183488749629875,3.589137679456883,0.0379422683595845,-0.275737073390466,"[-1.4974909740851245, 1.1938403046266188]",1.9151328649515136,1,1.9151328649515136,43,123.90976246338678,moving,546,[],[],0.0,[],,9.99671224528601,0,0.0,[],0.0,0,0.0,,
385339,62,,51.68422367442962,35.65087745227044,44,2.328123709276805,0.5461930472189972,-0.8102644635941932,4.26245577663558,3.665187683259384,0.1744755430546771,0.1365332746950925,"[-1.456950402775469, 1.6502335769451832]",2.201357611708033,1,2.201357611708033,44,128.41298900048247,moving,579,[],[],0.0,[],,4.115260607572162,0,0.0,[],0.0,0,0.0,,
365240,62,,50.921086555399945,36.39935202236277,45,2.2730728427372653,0.5300830847903647,2.3652831978361024,4.288144458780857,3.703212685160636,0.0718248471797611,-0.1026506958749159,"[-0.763137119029679, 0.748474570092327]",1.068921159167416,1,1.068921159167416,45,131.17103805133453,moving,597,[645],[645],1.0,[645],[26.25269410290859],27.02891122833776,0,0.0,[645],1.0,0,0.0,[26.25269410290859],[26.25269410290859]
369751,62,,50.69579523820927,37.07163015106144,46,2.2501339570593637,0.5719786767963753,2.543768437279778,3.933947275206576,3.66730018336501,0.4717434941637602,0.399918646983999,"[-0.22529131719067408, 0.6722781286986645]",0.7090233140934699,1,0.7090233140934699,46,132.7332063850779,moving,614,[],[],0.0,[],,47.01892774129867,0,0.0,[],0.0,0,0.0,,
373688,62,,50.074601439129175,37.35412546568729,47,2.240439251475558,0.5688910155966229,2.547476327108717,3.9382573991362886,3.760250188012504,0.8206350998429498,0.3488916056791896,"[-0.6211937990800962, 0.2824953146258551]",0.6824114146181347,1,0.6824114146181347,47,133.82543906992808,moving,616,[],[],0.0,[],,47.87244137856515,0,0.0,[],0.0,0,0.0,,
377277,62,,49.95827012040768,37.71922646614975,49,2.346490321316885,0.5307278863502057,2.6854222015524147,4.421268189718848,3.768700188435008,2.602794462760944,2.151235006094123,"[0.26378133557698646, -0.09318104767661595]",0.2797557875091961,1,0.2797557875091961,49,132.09410807764857,moving,614,[],[],0.0,[],,153.62421614040082,1,0.0,[618],1.0,1,1.0,[75.10804740498273],[75.10804740498273]
374651,62,,50.32262267714986,37.3425749233184,50,2.2848363392267625,0.5353679444813606,2.589780429562984,4.267786973013868,3.711662685583134,0.4624261860415712,-2.1403682767193724,"[0.36435255674218325, -0.37665154283135394]",0.5240411914361361,1,0.5240411914361361,50,130.8133994912505,moving,604,[],[],0.0,[],,51.33674699308159,0,0.0,[],0.0,0,0.0,,
380822,62,,50.27246476046116,36.950359804537655,52,2.34130499169676,0.5194267618853834,2.394701394737519,4.507478558090527,3.762362688118136,0.2249372616510854,-0.708161061407337,"[0.003985322595745799, -0.06563947069874843]",0.065760344507948,1,0.065760344507948,52,130.14915601205962,moving,607,[],[],0.0,[],,9.594866876244868,0,0.0,[],0.0,0,0.0,,
377337,62,,50.31144323730982,35.982923728546524,53,2.3142156237849907,0.5406169411662112,2.102551277760866,4.280693865776381,3.713775185688762,0.0203721826042088,-0.2045650790468766,"[0.03897847684866207, -0.9674360759911309]",0.9682209886108434,1,0.9682209886108434,53,129.53139033251685,moving,582,[],[],0.0,[],,28.40810096689685,0,0.0,[],0.0,0,0.0,,
393582,62,,50.56665231802964,35.553364471972074,56,2.3108993907483866,0.5543507358294913,-0.931590064271092,4.1686593728256165,3.608150180407509,0.840174927201377,-0.0379351581031134,"[0.16589506857275893, 0.014420459558330379]",0.1665206396535691,1,0.1665206396535691,56,136.85099612478425,moving,581,[],[],0.0,[],,,0,0.0,[],0.0,0,0.0,,
393773,62,,50.878988655774144,35.17128384266736,57,2.368273183853299,0.5202053651698207,-0.9360605745916,4.552573545796049,3.711662685583129,0.9722054739046014,0.1320305467032244,"[0.31233633774450453, -0.382080629304717]",0.4934973101907828,1,0.4934973101907828,57,139.83120301578393,moving,582,[],[],0.0,[],,,0,0.0,[],0.0,0,0.0,,
288662,64,,89.99309558618916,54.24036534504684,0,2.891823798345364,0.5305677249266848,0.8600582969428264,5.450432927756704,4.628487731424396,,,"[0.0, 0.0]",0.0,0,0.0,0,0.0,moving,816,[],[],0.0,[],,,0,0.0,[],0.0,0,0.0,,
295809,64,,90.15228414309998,53.8427239694149,6,2.917142616280356,0.5204587763377616,0.4742847765862696,5.6049446159924505,4.681300234065006,2.8877207618829908,2.5688207229302527,"[0.006923556132321096, 0.004296108302774826]",0.008148139423609,1,0.008148139423609,6,18.00803859306481,moving,821,[],[],0.0,[],,,0,0.0,[],0.0,0,0.0,,
286461,64,,89.00305131486374,53.24414710846152,7,1.5192870314576064,0.512297357819338,0.3941057211392642,2.965635110679965,2.3596626179831257,3.066418904745858,0.1786981428628671,"[-1.1492328282362365, -0.5985768609533793]",1.2957740358429244,1,1.2957740358429244,7,22.66021310641178,moving,830,[849],[849],1.0,[849],[25.47960648746934],179.32625906169525,0,0.0,[],0.0,0,0.0,,
287695,64,,90.1264945370946,53.81259856752634,8,2.926826408918374,0.5230065468122204,0.4684614330885995,5.596156351689452,4.563000228150009,3.1298336559108995,0.0634147511650415,"[1.1234432222308612, 0.5684514590648249]",1.259071775114266,1,1.259071775114266,8,27.2151296024582,moving,832,[],[],0.0,[],,170.85733038831475,0,0.0,[867],1.0,0,0.0,[1.18481925987831],[1.18481925987831]
287153,64,,88.98740745934741,52.98556089142903,9,1.6141122767562222,0.4981911497550552,0.4814145773547524,3.239945706682726,2.340650117032508,2.982022966443854,-0.1478106894670454,"[-1.1390870777471918, -0.8270376760973122]",1.407661425334615,1,1.407661425334615,9,32.16502816203403,moving,827,[847],[],1.0,[847],[22.227568582569006],96.4757563075281,0,0.0,[872],1.0,1,1.0,[0.5509039792185604],[0.5509039792185604]
285477,64,,89.24543083505644,52.70355710052659,10,2.897410276717411,0.5277900796910359,0.5767569734732425,5.489702039139372,4.645387732269387,1.6838195959180484,-1.2982033705258056,"[0.2580233757090298, -0.28200379090244354]",0.3822331755560109,1,0.3822331755560109,10,37.346434794985,moving,824,[],[],0.0,[],,99.96065366052471,0,0.0,[],0.0,0,0.0,,
286849,64,,87.81323390266984,51.79126145739605,11,1.6120247478680072,0.4782960284982635,0.5001928718215498,3.3703494317721683,2.2519251125962505,1.7446425288218783,0.0608229329038301,"[-1.4321969323866028, -0.9122956431305411]",1.6980787359873992,1,1.6980787359873992,11,42.80342508360869,moving,819,[835],[835],1.0,[835],[19.25340428461064],179.21606475934277,0,0.0,[809],1.0,0,0.0,[60.76718254247568],[60.76718254247568]
287074,64,,88.9531270300234,52.53948115844455,12,2.91194086235186,0.5160182988621311,0.581978126864164,5.643096124251724,4.541875227093756,3.1279104025179105,1.383267873696032,"[1.1398931273535595, 0.7482197010485052]",1.3635208332933504,1,1.3635208332933504,12,48.205769568284666,moving,816,[],[],0.0,[],,15.35602526998786,0,0.0,[807],1.0,1,1.0,[48.98082014416029],[48.98082014416029]
282734,64,,90.40698735499888,54.19069316444701,13,1.522575069477443,0.5013517834629609,0.8960821806374203,3.03693956957855,2.338537616926878,0.2680132009807343,-2.8598972015371764,"[1.4538603249754942, 1.65121200600246]",2.200047938865087,1,2.200047938865087,13,54.22200232890383,moving,857,[],[],0.0,[],,6.411889881395506,0,0.0,[],0.0,0,0.0,,
329849,64,,91.0107754791,55.05455040504461,14,1.5249619721352934,0.5108113609321939,1.1876203717813836,2.985372074247424,2.2836126141806345,0.1119085897056831,-0.1561046112750511,"[0.6037881241011007, 0.8638572405975964]",1.0539494442042368,1,1.0539494442042368,14,61.07266518616338,moving,867,[],[],0.0,[],,17.138584304034588,0,0.0,[],0.0,0,0.0,,
319078,64,,91.4870633676083,56.53687372773431,15,1.4785511208398143,0.5214758208138425,1.2935984773191858,2.8353205687126777,2.294175114708762,0.2991247252359928,0.1872161355303096,"[0.4762878885083097, 1.4823233226897017]",1.5569626153923997,1,1.5569626153923997,15,68.37393615888,moving,888,[],[],0.0,[],,3.183390303283105,0,0.0,[],0.0,0,0.0,,
310004,64,,91.78633487041266,57.31665673594431,16,2.95241652778505,0.5205362636472872,1.3534880324489236,5.671874822126883,4.647500232375005,0.055560642168343,-0.2435640830676497,"[0.2992715028043591, 0.7797830082100035]",0.8352394700227127,1,0.8352394700227127,16,75.88472489483625,moving,889,[],[],0.0,[],,2.586259836577403,0,0.0,[],0.0,0,0.0,,
312066,64,,92.06249334902732,57.94928599066985,17,1.6859631813882636,0.4909452862872516,1.4683923686784877,3.4341162416249538,2.359662617983132,0.0451387494603661,-0.0104218927079768,"[0.27615847861466136, 0.6326292547255363]",0.6902776827084531,1,0.6902776827084531,17,83.79668798612238,moving,904,[943],[943],1.0,[943],[25.717333317773765],10.475043056402315,0,0.0,[],0.0,0,0.0,,
316986,64,,93.514066755022,60.09667912438062,18,1.5646792502006803,0.5032946683591557,2.244098733108447,3.1088730888047293,2.4103626205181303,0.1828239906223904,0.1376852411620243,"[1.4515734059946794, 2.1473931337107715]",2.591980444312642,1,2.591980444312642,18,91.89424810930711,moving,953,[990],[],1.0,[990],[10.592040953273212],42.14184380591555,0,0.0,[],0.0,0,0.0,,
314781,64,,93.33757881528264,61.33918413386781,19,1.550720220926745,0.4814748455521322,-0.7624572723718938,3.2207710023738696,2.2096751104837544,0.7355139272744047,0.5526899366520142,"[-0.17648793973935994, 1.2425050094871892]",1.254976769296629,1,1.254976769296629,19,99.50004351515412,moving,978,[1007],[],1.0,[1007],[5.975791016570035],40.35113976165864,0,0.0,[],0.0,0,0.0,,
310873,64,,92.09751074320432,62.43879606680491,20,2.932469541978317,0.5084674011405615,-0.6079551625990516,5.767271481712277,4.588350229417497,0.7042602457733433,-0.0312536815010613,"[-1.2400680720783157, 1.0996119329371012]",1.6573820399792256,1,1.6573820399792256,20,106.39378008863376,moving,985,[],[],0.0,[],,176.03036827244773,1,0.0,[],0.0,1,0.0,,
317920,64,,93.15718354217454,61.6228884176983,21,1.5658958496989412,0.4844671080017961,-0.8057518232308827,3.232202607433023,2.275162613758127,3.072309509852376,2.3680492640790325,"[1.0596727989702117, -0.8159076491066131]",1.3373898955607684,1,1.3373898955607684,21,113.45523213641869,moving,977,[],[],0.0,[],,2.445605387840917,0,0.0,[],0.0,0,0.0,,
313173,64,,93.48501381554588,61.39206382436465,22,1.5582441799545477,0.5022171292434604,2.35296622092581,3.102730052839666,2.300512615025634,0.0426838662223369,-3.029625643630039,"[0.3278302733713474, -0.2308245933336508]",0.4009397473765573,1,0.4009397473765573,22,120.306438997405,moving,987,[1008],[1008],1.0,[1008],[13.359073887382479],119.89887042029974,1,1.0,[977],1.0,1,1.0,[8.423308358651568],[8.423308358651568]
318693,64,,93.0101647990672,61.17112387130885,23,1.5791661382764497,0.512756703968216,2.125942459491574,3.0797571753919697,2.3512126175606225,2.092630058256268,2.0499461920339312,"[-0.4748490164786858, -0.2209399530557974]",0.5237328052614932,1,0.5237328052614932,23,127.04751506581712,moving,972,[1006],[],1.0,[1006],[10.223184480228568],79.80182602905036,0,0.0,[],0.0,0,0.0,,
324230,64,,92.50502387074708,61.88853485080351,24,1.5495835480632616,0.5097830562056324,2.0429913534468747,3.03969213805765,2.368112618405626,1.3928046133106275,-0.6998254449456405,"[-0.5051409283201309, 0.7174109794946588]",0.8774086111747532,1,0.8774086111747532,24,133.58323248274868,moving,977,[1015],[1015],1.0,[1015],[15.208333168918905],9.216584894302745,0,0.0,[],0.0,0,0.0,,
326482,64,,92.02688329456028,62.87176632040691,25,1.5920050616754922,0.5076325814066925,1.8089340510887453,3.136136489237772,2.423037621151884,0.1608597521951945,-1.2319448611154329,"[-0.4781405761867745, 0.9832314696034032]",1.0933263618035969,1,1.0933263618035969,25,139.59095919701795,moving,998,[1038],[],1.0,[1038],[17.756350340654087],42.03208835878107,0,0.0,[],0.0,0,0.0,,
322265,64,,92.25951176274415,63.67779710021303,26,1.5801789901155194,0.5118636780087266,1.9359374172845631,3.08710904485897,2.382900119145007,0.7335983333498699,0.5727385811546754,"[0.23262846818386151, 0.8060307798061146]",0.8389288540778789,1,0.8389288540778789,26,144.92419240978688,moving,1012,[1048],[],1.0,[1048],[12.576406850419403],34.777457564041505,0,0.0,[],0.0,0,0.0,,
333291,64,,91.77630780063237,65.10710346308866,27,1.4837475847568329,0.6222233569994357,2.0726478678489366,2.38458998375109,2.378675118933761,0.6069811399651233,-0.1266171933847466,"[-0.4832039621118014, 1.4293063628756357]",1.5087752476619312,1,1.5087752476619312,27,149.4723294806413,moving,1032,[1064],[],1.0,[1064],[21.743276613124998],3.0718340062457656,0,0.0,[1085],1.0,0,0.0,[41.99022425882447],[41.99022425882447]
344755,64,,91.48065221423089,66.16552639940419,32,1.5677067813131351,0.5072797511814119,2.7470154661673725,3.0904186056354077,2.4188126209406327,1.7456730653229195,-0.2748528242616017,"[-0.06094933355487342, 0.0690084507048141]",0.0920705573430615,1,0.0920705573430615,32,165.17944470794143,moving,1055,[1069],[],1.0,[1069],[13.058243394871258],11.35834699613892,0,0.0,[],0.0,0,0.0,,
348064,64,,91.41175592786333,67.09294176057399,33,1.661426264311836,0.4925998724766812,-0.1026248212948082,3.3727703906185744,2.368112618405636,0.6493118479259001,-1.0963612173970194,"[-0.0688962863675755, 0.9274153611698068]",0.9299709406260857,1,0.9299709406260857,33,168.53379197969994,moving,1070,[1030],[1030],1.0,[1030],[45.812108305459674],41.74514005269421,0,0.0,[],0.0,1,0.0,,
344201,64,,91.83685523709264,67.64701149509295,34,1.5981528914336478,0.4844034975436881,0.1588512539408289,3.2992183160062982,2.334312616715626,0.7285901406257206,0.0792782926998204,"[0.4250993092293385, 0.5540697345189614]",0.6983571388746399,1,0.6983571388746399,34,172.1901665440091,moving,1076,[],[],0.0,[],,20.53582757457339,0,0.0,[],0.0,0,0.0,,
349580,64,,93.16931714403364,68.47858023047253,35,1.59173763850857,0.4898633913235728,0.1649631827246374,3.24935005697776,2.376562618828133,0.3584178057981055,-0.370172334827615,"[1.3324619069409778, 0.8315687353795767]",1.5706563262246696,1,1.5706563262246696,35,175.30475036094057,moving,1100,[],[],0.0,[],,16.771590106243472,0,0.0,[],0.0,0,0.0,,
351708,64,,94.16371849074788,68.74867957503575,36,1.4901550598517286,0.5584820478827333,0.261157840452358,2.6682237423764468,2.391350119567508,0.2927194681488638,-0.0656983376492417,"[0.9944013467142412, 0.2700993445632207]",1.030430829449788,1,1.030430829449788,36,178.06016330879427,moving,1100,[],[],0.0,[],,29.502275254040455,0,0.0,[],0.0,0,0.0,,
349564,64,,95.39508762884778,68.43466514413848,37,1.5615767606774411,0.5154506066867978,0.039457448771061,3.029537147535649,2.395575119778772,0.5149118400126498,0.222192371863786,"[1.2313691380999074, -0.31401443089727366]",1.270777327888977,1,1.270777327888977,37,180.7267277410757,moving,1111,[],[],0.0,[],,1.1272303810822066,0,0.0,[],0.0,0,0.0,,
357019,64,,96.33590457593596,68.17492994104015,38,1.5367224168685043,0.5210971348136171,2.900820916137856,2.949013368530898,2.404025120201264,0.0196738815784062,-0.4952379584342435,"[0.9408169470881802, -0.2597352030983302]",0.976011733360237,1,0.976011733360237,38,183.54597708699905,moving,1111,[],[],0.0,[],,20.5217143234352,0,0.0,[],0.0,0,0.0,,
361518,64,,97.73875506874886,67.15737566634549,40,1.5439807954659757,0.4882481189791514,2.819686048229231,3.1622872376737305,2.3469876173493858,1.1951687511897866,0.9673077505058554,"[-0.029362938771768654, -0.24028426483344845]",0.2420717044593717,1,0.2420717044593717,40,185.74284176527837,moving,1104,[],[],0.0,[],,4.246376097169724,0,0.0,[],0.0,0,0.0,,
360960,64,,98.90218184340388,66.17415017220523,41,1.5471916092071016,0.487516596154423,2.8044225343071867,3.1736183371222544,2.327975116398758,0.9907450246024896,-0.204423726587297,"[1.163426774655008, -0.9832254941402567]",1.523251204598738,1,1.523251204598738,41,187.406189838994,moving,1082,[],[],0.0,[],,43.650506015043696,0,0.0,[],0.0,0,0.0,,
387024,64,,99.0326370244302,64.96304415879968,44,1.5937353082431502,0.5086016927794866,-0.6902808758003064,3.133562728691394,2.433600121680008,1.0925391998224168,0.5833012938435272,"[-0.12407552394093102, -0.23688513324191263]",0.267412232316054,1,0.267412232316054,44,193.30529182786444,moving,1059,[],[],0.0,[],,7.148281434950463,0,0.0,[],0.0,0,0.0,,
366666,64,,99.02415620005434,64.47733767748969,45,1.5827810326430451,0.5101831271988009,2.2764194143398875,3.1023782407964458,2.448387622419382,0.4650305333509663,-0.6275086664714504,"[-0.008480824375851626, -0.4857064813099896]",0.4857805166622322,1,0.4857805166622322,45,195.07091105748947,moving,1060,[],[],0.0,[],,29.538522974194844,0,0.0,[],0.0,0,0.0,,
372955,64,,98.80300261845794,64.10247488838401,46,1.5483152813224978,0.5174745874982086,2.134672360827741,2.992060516069029,2.3723376186168754,0.515544482075717,0.0505139487247507,"[-0.22115358159639698, -0.37486278910567705]",0.435236737085694,1,0.435236737085694,46,196.71031209493955,moving,1053,[1086],[1086],1.0,[1086],[12.88516939970328],136.62364000573953,0,0.0,[1034],1.0,0,0.0,[51.079588957838496],[51.079588957838496]
372321,64,,98.71601272659922,64.48420544796694,48,1.550750796095545,0.4943805001490831,2.2199375527385445,3.1367555873014967,2.368112618405626,2.8346191648777848,0.5274393813444465,"[0.05722437846075934, -0.0821582048587004]",0.1001229250263115,1,0.1001229250263115,48,195.39774027624065,moving,1051,[1037],[1037],1.0,[1037],[117.70417091632319],118.30682937705132,0,0.0,[1037],1.0,0,0.0,[117.70417091632319],[62.29582908367681]
380336,64,,99.70603496017895,64.21021877697075,49,1.54166337599983,0.5223999609689065,2.3386366100371303,2.951116943310014,2.439937621996889,0.6924228940268263,-2.1421962708509583,"[0.9900222335797366, -0.27398667099619445]",1.027235473913254,1,1.027235473913254,49,188.7484578284425,moving,1047,[],[],0.0,[],,39.7064537270139,0,0.0,[],0.0,0,0.0,,
379056,64,,100.04853452968916,63.71787081003235,50,1.5980580228749015,0.4890516617438818,2.2818637652803213,3.2676670950804594,2.3744501187225144,0.6930083518271664,0.00058545780034,"[0.34249956951020977, -0.49234796693839655]",0.599760348525185,1,0.599760348525185,50,184.51455148554692,moving,1038,[1021],[1021],1.0,[1021],[42.394058113701064],46.56548910015236,0,0.0,[1021],1.0,0,0.0,[42.394058113701064],[42.394058113701064]
372027,64,,100.88448658010424,63.59129144486773,51,1.5928690499395242,0.5069245922416679,-0.6937753090441315,3.142220902907292,2.4293751214687496,0.812721102599193,0.1197127507720265,"[0.8359520504150879, -0.12657936516462343]",0.8454810265633811,1,0.8454810265633811,51,179.11287872440724,moving,1041,[],[],0.0,[],,52.37203745006966,0,0.0,[],0.0,0,0.0,,
383335,64,,101.12623715027824,63.15547902468517,52,1.569355501681238,0.5113955340658245,-0.794526330952667,3.0687704470239616,2.4040251202012546,0.9140644894815504,0.1013433868823575,"[0.24175057017397705, -0.4358124201825646]",0.4983731571471594,1,0.4983731571471594,52,175.33881826588606,moving,1038,[],[],0.0,[],,0.6663319145053893,0,0.0,[],0.0,0,0.0,,
380054,64,,102.04945296681036,61.53585923400104,53,1.5894567201916174,0.5167665837872933,2.021129189712077,3.0757730280134656,2.4568376228418813,0.0116296858192841,-0.9024348036622664,"[0.9232158165321209, -1.6196197906841263]",1.8642681433395687,1,1.8642681433395687,53,166.2069164375444,moving,1013,[],[],0.0,[],,37.42072959751934,0,0.0,[],0.0,0,0.0,,
390738,64,,101.81294767989222,59.79503181134709,55,1.5582180110936128,0.5045603153673954,1.728292215629701,3.088269060476936,2.3807876190393875,0.1129184226192211,-0.5462538082682054,"[-0.0026600674768815225, -0.09440371669475667]",0.0944411863794893,1,0.0944411863794893,55,158.27042567905033,moving,987,[969],[969],1.0,[969],[71.0520933502242],5.291984292939551,0,0.0,[969],1.0,0,0.0,[71.0520933502242],[71.0520933502242]
395046,64,,101.79384725883338,59.34765871639675,56,1.549887579788207,0.5184054192985074,1.6605289226703943,2.989721021600188,2.351212617560643,0.0144985818313803,-0.0984198407878407,"[-0.01910042105883747, -0.4473730949503363]",0.4477806518487232,1,0.4477806518487232,56,155.08485110685584,moving,976,[957],[],1.0,[957],[78.47128416621801],7.739610856515555,0,0.0,[957],1.0,0,0.0,[78.47128416621801],[78.47128416621801]
395258,64,,101.91222915598664,58.070298235379184,57,1.572591649471716,0.5061654143386146,1.5959838819005967,3.1068729804989865,2.408250120412503,0.1350816922693064,0.120583110437926,"[0.11838189715327019, -1.277360481017567]",1.2828343899502528,1,1.2828343899502528,57,152.08055617985175,moving,967,[948],[948],1.0,[948],[76.52424084407502],20.01277431889203,0,0.0,[948],1.0,0,0.0,[76.52424084407502],[76.52424084407502]
396054,64,,101.71855208855196,57.33298369659087,58,1.632610252935914,0.5093202438486639,1.4853511089513107,3.2054690004056017,2.401912620095632,0.3492888043232607,0.2142071120539543,"[-0.1936770674346917, -0.7373145387883113]",0.7623277087701341,1,0.7623277087701341,58,150.9255283203404,moving,951,[1001],[1001],1.0,[1001],[20.844030197394247],,0,0.0,[],0.0,1,0.0,,
397280,64,,101.85069351549356,58.17149627741039,59,1.5964121062640189,0.5258097413132123,1.5667894847094523,3.0361021883637456,2.448387622419381,3.0410216476661187,2.691732843342858,"[0.13214142694160103, 0.8385125808195184]",0.8488608277608125,1,0.8488608277608125,59,156.05641906042962,moving,970,[],[],0.0,[],,,0,0.0,[],0.0,0,0.0,,
295783,65,,76.34401048578866,54.444279026759546,2,2.547124770928149,0.5546330695151538,2.485922921541124,4.592450235891599,4.186975209348757,0.0626729305404058,,"[-0.10665381862864365, 0.07110459051683904]",0.1281830715057139,1,0.1281830715057139,2,0.4524974081390399,moving,826,[],[],0.0,[],,,0,0.0,[],0.0,0,0.0,,
297611,65,,76.0503477062419,53.97886189368557,3,2.582903742647497,0.5123459338301708,-0.5446704039684901,5.041327689161795,4.036987701849381,1.595933625650286,1.5332606951098802,"[-0.29366277954676434, -0.46541713307397714]",0.5503189401155766,1,0.5503189401155766,3,0.4308397102170182,moving,824,[],[],0.0,[],,,0,0.0,[],0.0,0,0.0,,
335251,65,,76.23063004646019,53.52387570995015,30,2.606736506264681,0.5129306512914872,2.275870208897562,5.082044716378882,4.203875210193765,0.1633152182494412,-1.443806276252836,"[0.04749874839238544, -0.05496043416054874]",0.0726414511278454,1,0.0726414511278454,30,0.8295321349723181,moving,844,[],[],0.0,[],,20.415495333729854,0,0.0,[],0.0,0,0.0,,
343803,65,,77.14026903335228,52.51471061521033,31,1.4211692686341646,0.4850453826745967,2.2018346474870243,2.929971749854976,2.0892626044631304,0.0208752145199398,-0.1424400037295013,"[0.9096389868920909, -1.0091650947398136]",1.3586233013294329,1,1.3586233013294329,31,0.8260831696793369,moving,836,[870],[],1.0,[870],[24.171993193471074],171.76602676899086,0,0.0,[],0.0,0,0.0,,
352006,65,,76.40145267875525,53.61847369897647,39,2.611505106218328,0.5491938551083964,2.438588330978821,4.755160826959519,4.305275215263759,1.9669555292853904,-0.6830844669946634,"[-0.03890802282194272, 0.038032006859211265]",0.0544083429783696,1,0.0544083429783696,39,0.7056764470166215,moving,871,[],[],0.0,[],,165.2929797044793,0,0.0,[],0.0,0,0.0,,
355997,65,,77.2058682341482,52.90688312287834,40,1.4751206498099434,0.4938473164120988,2.32862313400605,2.9869973993723304,2.135737606786879,3.0918242576651283,1.124868728379738,"[0.80441555539295, -0.711590576098132]",1.0739858163634284,1,1.0739858163634284,40,0.6601255566940061,moving,867,[900],[900],1.0,[900],[29.74488129694223],177.13852635589117,0,0.0,[],0.0,0,0.0,,
360746,65,,76.1923361452833,53.71698014879704,41,2.5940687699976177,0.5347320553723737,2.495520996222338,4.851156282731498,4.269362713468141,3.091650517041053,-0.0001737406240747,"[-1.013532088864892, 0.8100970259187008]",1.297499320447281,1,1.297499320447281,41,0.5468726016009829,moving,865,[],[],0.0,[],,175.16253797736752,0,0.0,[],0.0,0,0.0,,
364802,65,,77.03029752019398,53.15607275747956,42,1.4283913707569034,0.4973339402709411,2.4105641699649665,2.872097106380341,2.173762608688125,3.057163013854672,-0.0344875031863818,"[0.8379613749106767, -0.5609073913174782]",1.0083632120802355,1,1.0083632120802355,42,0.557035637692571,moving,863,[895],[895],1.0,[895],[27.28420729362306],172.4838237249196,0,0.0,[],0.0,0,0.0,,
365860,65,,75.98272482950064,54.0768219463976,45,2.63337752413962,0.5475881706610374,2.421606937669368,4.809047501812649,4.31161271558063,2.094813903451904,1.9941790405296016,"[0.17337199241129042, 0.10469078546073973]",0.2025290307907663,1,0.2025290307907663,45,0.6266507067279098,moving,876,[],[],0.0,[],,164.91726421792958,0,0.0,[936],1.0,0,0.0,[131.7125743604202],[48.287425639579794]
375458,65,,77.10378980636375,53.52444420425996,47,1.4225380392552474,0.5148323944704556,2.213752530875301,2.7631090322481286,2.2308001115400047,1.5034683358182002,0.2514939322599399,"[0.21785414926564783, 0.22196295201229788]",0.311011225550257,1,0.311011225550257,47,0.6878177576648817,moving,883,[918],[],1.0,[918],[23.119288447314332],160.8279267821839,0,0.0,[905],1.0,0,0.0,[28.086353770163377],[28.086353770163377]
370757,65,,76.22312700825576,54.41757528848299,48,2.5793067253655426,0.5411909121308116,2.360985060596626,4.7659830709465,4.286262714313139,1.5544254800767698,0.0509571442585696,"[-0.8806627981079913, 0.893131084223036]",1.2542926682305102,1,1.2542926682305102,48,0.7510796430114682,moving,872,[],[],0.0,[],,178.17213530206553,0,0.0,[892],1.0,0,0.0,[41.54731550472576],[41.54731550472576]
377921,65,,77.3002314011069,53.25316155677379,50,1.4478513382066769,0.4981434046944678,2.174212440063515,2.9064950465312385,2.186437609321886,1.4350282888897523,-1.6998426919017908,"[-0.024821037088159414, -0.031759282937258604]",0.0403080132829767,1,0.0403080132829767,50,0.9008039889270968,moving,864,[901],[],1.0,[901],[28.90101563091182],173.90642726118767,0,0.0,[922],1.0,0,0.0,[78.53468952175291],[78.53468952175291]
382501,65,,76.53470417874877,53.921845199184666,52,2.6190124380872746,0.5422444216362846,2.110507995349244,4.829948144388659,4.351750217587503,2.0835677969281603,0.3908874478363624,"[-0.02110833752851704, -0.0755368132028309]",0.0784306831670945,1,0.0784306831670945,52,1.151495778013697,moving,866,[],[],0.0,[],,159.61715521548436,0,0.0,[918],1.0,0,0.0,[45.22159838609332],[45.22159838609332]
379269,65,,77.12055800279136,52.84194368865694,53,1.5217738946462214,0.5165925644835545,1.9986397762632344,2.945791324285827,2.260375113018746,0.7695654116810162,-1.314002385247144,"[0.5858538240425872, -1.0799015105277263]",1.2285812857053406,1,1.2285812857053406,53,1.5100553770309109,moving,859,[903],[],1.0,[903],[25.01243153748814],178.00761194195326,0,0.0,[],0.0,0,0.0,,
390499,65,,76.58921645988248,53.74497286417657,55,2.6258277130775647,0.5603829739534858,2.070754558887066,4.685773542605025,4.265137713256885,2.9030745461006244,-0.2321368407230277,"[0.032965144915451106, -0.12150228859071177]",0.1258948248025998,1,0.1258948248025998,55,2.572403650261653,moving,861,[],[],0.0,[],,173.67350712690182,0,0.0,[],0.0,0,0.0,,
395736,65,,77.21949609391176,52.3389961204071,58,1.5255716662535124,0.4970267013467019,1.8979174813761384,3.0693957932641265,2.171650108582501,1.9193738629438453,0.4831024353458717,"[0.0019369739302703692, -0.2754038877632823]",0.275410699253201,1,0.275410699253201,58,2.770519265954956,moving,867,[904],[904],1.0,[904],[26.43687291325446],,0,0.0,[852],1.0,0,0.0,[69.44395478041655],[69.44395478041655]
396918,65,,76.94909395129174,53.25045162653989,59,2.5771671278941315,0.5337556566789528,1.933769408424364,4.828364993692731,4.29260021463001,2.860226151087391,0.9408522881435456,"[-0.2704021426200143, 0.9114555061327891]",0.95071996844143,1,0.95071996844143,59,1.1178802966410466,moving,870,[],[],0.0,[],,,0,0.0,[],0.0,0,0.0,,
301077,69,,15.15934164882391,104.14130491232814,0,1.537497895999896,0.5230502809508795,2.238568963805605,2.9394839310759973,2.4399376219968807,,,"[0.0, 0.0]",0.0,0,0.0,0,0.0,moving,1602,[1629],[],1.0,[1629],[14.112619280013433],,0,0.0,[],0.0,0,0.0,,
297301,69,,14.179447021152024,105.6592167155478,1,1.4926470729237111,0.5225528978934688,2.2820155240542173,2.856451622296835,2.37656261882813,,,"[-0.9798946276718858, 1.5179118032196754]",1.8067234773738428,1,1.8067234773738428,1,1.991238780254438,moving,1614,[1645],[],1.0,[1645],[12.724355685422374],,0,0.0,[],0.0,0,0.0,,
303591,69,,13.27553546622531,106.67479968487886,2,1.5287622983534486,0.5311832582647695,2.3848244216047445,2.878031780119533,2.385012619250628,0.1540424954075674,,"[-0.9039115549267134, 1.0155829693310494]",1.3595826075400126,1,1.3595826075400126,2,6.098032690831556,moving,1637,[1672],[1672],1.0,[1672],[23.3032811976072],0.3080106503865461,0,0.0,[],0.0,0,0.0,,
305949,69,,12.234032233209405,107.85771652187502,3,1.5373336660411836,0.525087821257114,2.327970967652477,2.927764849622011,2.404025120201265,0.0053757999804543,-0.1486666954271131,"[-1.0415032330159075, 1.1829168369961565]",1.5760777987242822,1,1.5760777987242822,3,12.352506626338773,moving,1667,[1696],[],1.0,[1696],[11.409712174934157],11.157948572581924,0,0.0,[],0.0,0,0.0,,
301627,69,,11.59184641010973,108.9609043514538,4,1.494762083262423,0.5644673513443902,-0.85864753689811,2.6480930734122228,2.423037621151874,0.1947429403597583,0.1893671403793039,"[-0.6421858230996733, 1.1031878295787862]",1.2764897252704224,1,1.2764897252704224,4,19.357984604681373,moving,1701,[1731],[],1.0,[1731],[9.523530594114973],25.485797269343077,0,0.0,[],0.0,0,0.0,,
305275,69,,10.459263827373013,109.73378181311128,5,1.5167359688670865,0.5125539340333485,2.3181083246912237,2.9591734023612086,2.3617751180887545,0.4448110748458103,0.250068134486052,"[-1.1325825827367186, 0.7728774616574867]",1.3711611420459289,1,1.3711611420459289,5,29.19473499601379,moving,1695,[],[],0.0,[],,154.48141887205963,0,0.0,[],0.0,1,0.0,,
304013,69,,10.73525888907132,109.25903529852872,6,1.5323786835291353,0.5198369925675184,-0.7717075473180754,2.947806149694328,2.38923761946188,2.696209392469959,2.2513983176241483,"[0.27599506169831045, -0.4747465145825629]",0.5491425381357247,1,0.5491425381357247,6,39.888691224350026,moving,1685,[1719],[],1.0,[1719],[8.554807378091397],168.36629466606175,0,0.0,[],0.0,1,0.0,,
297339,69,,10.488852436134618,109.53457375285956,7,1.6254512553934737,0.5165824734566048,-0.7420984190615476,3.146547432236914,2.429375121468756,2.9385461913057207,0.2423367988357618,"[-0.2464064529367036, 0.27553845433082813]",0.3696452080899599,1,0.3696452080899599,7,55.74821038051522,moving,1704,[1738],[1738],1.0,[1738],[11.957873222564508],5.685483923315291,0,0.0,[],0.0,0,0.0,,
298888,69,,9.2521264939297,110.66818674939324,8,1.6806466886232747,0.4981668174562833,2.48298424177996,3.373662455490144,2.439937621996882,0.0992304140310331,-2.839315777274688,"[-1.2367259422049184, 1.133612996533671]",1.6776678700007015,1,1.6776678700007015,8,73.89702166327625,moving,1728,"[1726, 1759]",[],2.0,"[1726, 1759]","[117.51113401903498, 21.573717919553467]",6.309578287873456,0,0.0,[],0.0,0,0.0,,
298248,69,,7.657205815331498,111.83547291890535,9,1.634014707017542,0.5049356064890325,-0.7545839042490257,3.236085326561406,2.4040251202012497,0.1101229155357202,0.0108925015046871,"[-1.5949206785982017, 1.1672861695121384]",1.9764435161558425,1,1.9764435161558425,9,91.90561145655622,moving,1750,[1782],[1782],1.0,[1782],[20.472279519741925],8.26569724753089,0,0.0,[],0.0,0,0.0,,
296501,69,,6.692585093004888,112.34694320904322,10,1.5444134871699275,0.5007462472102394,2.363344574563008,3.0842237875454352,2.321637616081881,0.1442636319424707,0.0341407164067504,"[-0.9646207223266101, 0.5114702901378507]",1.091831028884785,1,1.091831028884785,10,110.46554718078067,moving,1776,[1807],[1807],1.0,[1807],[25.175569332663194],26.407171320225498,0,0.0,[],0.0,0,0.0,,
300073,69,,5.525422570001393,113.97367825116136,11,3.0326564591127614,0.5570724689807842,-0.6876140327257266,5.443917314135605,5.038312751915634,0.4608920856761682,0.3166284537336975,"[-1.167162523003495, 1.6267350421181561]",2.0021326760130167,1,2.0021326760130167,11,136.83003287129003,moving,1779,[1746],[],1.0,[1746],[66.5957395408399],142.47509511303895,0,0.0,[1846],1.0,0,0.0,[123.39737745410469],[56.602622545895315]
300860,69,,6.484607376258404,113.68378884152456,12,1.634139055570453,0.5150039389172314,2.7199654686386423,3.1730612760091583,2.469512623475635,2.4866595118146084,2.02576742613844,"[0.9591848062570119, -0.28988940963679966]",1.0020336133952163,1,1.0020336133952163,12,158.72360956004516,moving,1791,[1809],[],1.0,[1809],[15.740971786933741],162.1603847434629,0,0.0,[1850],1.0,0,0.0,[146.30993247402023],[33.69006752597977]
292825,69,,4.983655150382599,114.721382695166,13,3.004464560531293,0.5384187844692887,-0.4247493152028945,5.580162964582947,5.050987752549382,2.8302326300742084,0.3435731182596,"[-1.500952225875806, 1.0375938536414395]",1.824680407489495,1,1.824680407489495,13,197.7376950762041,moving,1814,[],[],0.0,[],,6.153684094138596,0,0.0,[],0.0,0,0.0,,
332451,69,,4.035469223693661,115.23624954757275,14,3.057473392515791,0.5806620396054615,2.8219789644594244,5.265495561916243,5.01718775085938,0.1074020485703325,-2.722830581503876,"[-0.9481859266889376, 0.5148668524067403]",1.0789552480423752,1,1.0789552480423752,14,234.18598460860088,moving,1835,[],[],0.0,[],,,0,0.0,[],0.0,0,0.0,,
328187,69,,3.227421133317184,115.73824265954066,15,1.538366047229578,0.5115240242111178,-0.2556413822358881,3.0074170017763606,2.4082501204125,0.0584375071827845,-0.048964541387548,"[-0.8080480903764773, 0.5019931119679057]",0.9512827134055858,1,0.9512827134055858,15,276.8596923010929,moving,1838,[],[],0.0,[],,,0,0.0,[],0.0,0,0.0,,
292899,70,,42.02806123238266,70.52127037267128,0,1.7965064977504506,0.5323487961444897,2.643280676393834,3.374679365787171,2.7906126395306283,,,"[0.0, 0.0]",0.0,0,0.0,0,0.0,moving,1078,[],[],0.0,[],,,0,0.0,[],0.0,0,0.0,,
289613,70,,42.24655043888277,70.05313385009909,1,1.846226692339235,0.510995629617009,-0.1397278458601199,3.6129989873357258,2.85187514259376,,,"[0.2184892065001094, -0.46813652257219474]",0.5166133342481922,1,0.5166133342481922,1,0.7943434872310775,moving,1073,[],[],0.0,[],,,0,0.0,[],0.0,0,0.0,,
302441,70,,41.491587694106514,68.57119324554088,5,1.850173962541928,0.5010843608549022,0.9402202288665148,3.6923402665877214,2.860325143016256,0.6808073041005687,0.0974295563406122,"[-0.1795800143384696, -0.2679751421034098]",0.3225827929929735,1,0.3225827929929735,5,11.60817121120901,moving,1039,[1003],[1003],1.0,[1003],[87.12916520509326],24.262200085569727,0,0.0,[1003],1.0,0,0.0,[87.12916520509326],[87.12916520509326]
298056,70,,41.16381596819497,68.30820764854431,6,1.8914674962740616,0.4963750133409747,1.114454132551422,3.810561461470577,2.8328626416431364,0.3042267158317332,-0.3765805882688354,"[-0.32777172591154624, -0.26298559699657176]",0.4202329455607652,1,0.4202329455607652,6,15.353707387098323,moving,1034,[],[],0.0,[],,21.49410278186701,0,0.0,[],0.0,0,0.0,,
288982,70,,40.44331935191325,67.04833001204143,7,1.84133940777091,0.5031035464254625,1.1736249541048354,3.659961097180845,2.818075140903757,0.3751428633056519,0.0709161474739186,"[-0.7204966162817144, -1.2598776365028783]",1.45134662745792,1,1.45134662745792,7,19.363118087698087,moving,1026,[],[],0.0,[],,19.280307259900543,0,0.0,[],0.0,0,0.0,,
289523,70,,40.36302980622168,66.61444993243595,8,1.8362900848783563,0.4987251056797875,1.1393167382640996,3.6819684109854474,2.763150138157506,0.3365048424814306,-0.0386380208242213,"[-0.08028954569157065, -0.4338800796054869]",0.441246342337047,1,0.441246342337047,8,23.39409516445498,moving,1022,[],[],0.0,[],,5.91862777840411,0,0.0,[],0.0,0,0.0,,
288961,70,,40.26009261631082,66.26475841679576,9,1.813384307662905,0.499012301035353,1.2131452256044242,3.633947106915976,2.786387639319376,0.103299541933149,-0.2332053005482815,"[-0.1029371899108611, -0.3496915156401883]",0.3645273942757618,1,0.3645273942757618,9,27.652214265501225,moving,1011,[997],[997],1.0,[997],[52.65344297240287],45.24860839650786,0,0.0,[997],1.0,0,0.0,[52.65344297240287],[52.65344297240287]
286833,70,,39.47358277122349,65.84040251341563,10,1.8216039587779245,0.506199990145523,0.9554105344950914,3.5985855279338264,2.841312642065627,0.7897371984646178,0.6864376565314687,"[-0.7865098450873376, -0.42435590338013185]",0.8936865609109692,1,0.8936865609109692,10,32.03148756423831,moving,1011,[],[],0.0,[],,54.9230858718822,0,0.0,[],0.0,0,0.0,,
289010,70,,38.85391272177627,66.15036278510793,12,1.8617352108757228,0.5062741892870695,0.9230341392815032,3.6773259436697754,2.9004626450231337,2.2289912626218378,1.5766492437665502,"[0.19229124625448435, 0.18095619575446165]",0.2640474733225633,1,0.2640474733225633,12,40.48278438281727,moving,1014,[],[],0.0,[],,103.05996172757578,0,0.0,[],0.0,0,0.0,,
330447,70,,38.84316205792976,66.10563241440633,14,1.8477497472597983,0.5145511026673539,0.9325223571561884,3.5909936596799565,2.902575145128753,3.0915736359698487,0.1899977211674794,"[0.17965884751434658, 0.2486144378914048]",0.3067351303946817,1,0.3067351303946817,14,48.29007559507196,moving,1032,[],[],0.0,[],,29.869485851055117,0,0.0,[],0.0,0,0.0,,
321205,70,,38.502379422248,65.7450612104161,15,1.8603952188768376,0.5172423914481917,0.94643490909057,3.596757051694939,2.925812646290631,3.010161661636493,-0.0814119743333554,"[-0.34078263568176226, -0.3605712039902329]",0.4961294165126422,1,0.4961294165126422,15,52.2098662763678,moving,1026,[1000],[1000],1.0,[1000],[67.13125305102326],33.59380450803718,0,0.0,[1000],1.0,0,0.0,[67.13125305102326],[67.13125305102326]
310816,70,,38.41801425898433,65.25613200674586,16,1.834415766638356,0.5173594627074214,1.1196641536426577,3.5457276784666827,2.832862641643126,0.5863224969365627,-2.4238391646999307,"[-0.08436516326366927, -0.4889292036702386]",0.4961544587868975,1,0.4961544587868975,16,55.91952586741336,moving,1023,[1013],[1013],1.0,[1013],[48.331807958428115],12.903527001805584,0,0.0,[1013],1.0,0,0.0,[48.331807958428115],[48.331807958428115]
312792,70,,38.11890340726524,64.54085873848636,17,1.8637163536892911,0.4938663067227495,1.2907564558338551,3.7737264687213385,2.811737640586874,0.2252090313014997,-0.3611134656350629,"[-0.29911085171908525, -0.7152732682594944]",0.7752955242375228,1,0.7752955242375228,17,59.33955912722585,moving,1000,[],[],0.0,[],,5.060826026555552,0,0.0,[],0.0,0,0.0,,
317527,70,,37.55754421292517,62.77473203425497,18,1.881554425822528,0.4982851720201621,0.1025953324632047,3.7760594363951774,2.847650142382503,0.0883280770340163,-0.1368809542674834,"[-0.5613591943400706, -1.7661267042313966]",1.8531939133478148,1,1.8531939133478148,18,62.4285497019638,moving,1009,[],[],0.0,[],,67.80549495297966,0,0.0,[],0.0,0,0.0,,
315058,70,,35.34067677527471,62.59785580848728,19,1.855039576795836,0.5104418159793408,0.0013987257585126,3.634184188528385,2.862437643121872,1.1834291378738897,1.095101060839873,"[-2.216867437650464, -0.17687622576769257]",2.22391241629628,1,2.22391241629628,19,64.93474290118783,moving,1008,[],[],0.0,[],,0.8508055564685167,0,0.0,[],0.0,0,0.0,,
311030,70,,32.549066583532564,62.41679403675288,20,1.9071937961014789,0.4940333649910766,3.057877090420132,3.860455449473392,2.826525141326252,0.0148493582546531,-1.1685797796192363,"[-2.7916101917421443, -0.18106177173439164]",2.797475795752701,1,2.797475795752701,20,66.59958660270249,moving,1007,[],[],0.0,[],,4.469247249469217,0,0.0,[],0.0,0,0.0,,
313297,70,,30.8342413723586,62.43949028278948,22,1.849704445002082,0.514669472215773,0.2762208148103151,3.593965729186676,2.8096251404812507,2.563023069326794,2.391393807475816,"[0.22698332562200463, -0.18560027960435832]",0.2932045257148002,1,0.2932045257148002,22,66.01923676577844,moving,1004,[1000],[1000],1.0,[1000],[132.46801148283504],26.973722912460605,0,0.0,[1000],1.0,0,0.0,[132.46801148283504],[47.53198851716496]
318936,70,,30.30251963973708,62.17767275282845,23,1.8136731439655929,0.5291192514489441,3.133319454575373,3.42772095137158,2.796950139847498,1.9986166107216816,-0.5644064586051121,"[-0.53172173262152, -0.2618175299610286]",0.5926857682928832,1,0.5926857682928832,23,65.12881700276577,moving,1001,[],[],0.0,[],,178.46890106156306,0,0.0,[994],1.0,0,0.0,[29.760989190673893],[29.760989190673893]
324455,70,,30.82771899427816,62.41906358191989,24,1.836000966950566,0.5042998958289273,0.4380273508750152,3.6406927348908074,2.7589251379462567,3.1148699359402787,1.1162533252185969,"[0.5251993545410727, 0.2413908290914435]",0.5780172094149221,1,0.5780172094149221,24,63.92573812829215,moving,991,[],[],0.0,[],,167.66522751485934,0,0.0,[986],1.0,0,0.0,[134.36036077422563],[45.639639225774374]
333259,70,,30.116394580068505,62.263325013369474,27,1.8668482745808528,0.522813166354136,-0.032585166773098,3.570775173087957,2.8518751425937614,2.911108299698122,2.29026752302992,"[0.1319452646800343, -0.007399837168357237]",0.1321526029316203,1,0.1321526029316203,27,62.12777409748841,moving,1000,[],[],0.0,[],,168.22738782820375,0,0.0,[1004],1.0,1,1.0,[156.71881111082837],[23.28118888917163]
338303,70,,30.696317229577463,62.52300641992979,29,1.823580453877601,0.4910606215586984,3.00429987170232,3.71355464848574,2.7547001377350027,1.2246539661074052,1.1747688922500157,"[0.09655385330858834, 0.26264878033686045]",0.2798339300391873,1,0.2798339300391873,29,63.05877023027652,moving,1003,[],[],0.0,[],,28.2572320132064,0,0.0,[],0.0,0,0.0,,
335540,70,,32.270306299324176,62.40921357836916,30,1.8734518428579128,0.5077220449688162,-0.0252050026522281,3.689916286721366,2.7948376397418704,1.2906853643277505,0.0660313982203453,"[1.5739890697467125, -0.11379284156063108]",1.578097082714674,1,1.578097082714674,30,64.20890230823655,moving,1014,[],[],0.0,[],,2.2256857726385406,0,0.0,[],0.0,0,0.0,,
345461,70,,34.177863066880754,62.19657032633144,31,1.9119898251322107,0.501527410902301,2.9916576229034324,3.812333650303058,2.877225143861251,0.0388455448473364,-1.251839819480414,"[1.9075567675565779, -0.21264325203772216]",1.91937228647495,1,1.91937228647495,31,66.33077421924756,moving,1008,[],[],0.0,[],,4.713615799428754,0,0.0,[],0.0,0,0.0,,
344416,70,,35.56215877699713,61.92562574127386,32,1.878714314480784,0.483277127007307,-0.2291155654825761,3.8874472005632046,2.727237636361884,0.0822681153740564,0.0434225705267199,"[1.3842957101163762, -0.27094458505757757]",1.4105621507819588,1,1.4105621507819588,32,69.86566236917277,moving,1004,[],[],0.0,[],,31.39382168425753,0,0.0,[],0.0,0,0.0,,
346473,70,,35.8810746149777,62.04371949981439,33,1.8885857289238748,0.4925851750606557,-0.232985396446635,3.834028762013227,2.8561001428049995,0.5479255531742856,0.4656574378002291,"[0.318915837980569, 0.11809375854052462]",0.3400785902127275,1,0.3400785902127275,33,74.2223697218894,moving,1000,[1002],[1002],1.0,[1002],[137.20918740312823],48.22564331759484,0,0.0,[1002],1.0,0,0.0,[137.20918740312823],[42.790812596871774]
343627,70,,36.28238302393611,61.83118225808851,34,1.8772988258564776,0.5030947296127556,2.8331000511909714,3.731501674250257,2.8075126403756303,0.8416962597844313,0.2937707066101457,"[0.401308408958414, -0.21253724172587596]",0.4541150935844096,1,0.4541150935844096,34,79.26015923492238,moving,998,[],[],0.0,[],,46.84459243133243,0,0.0,[],0.0,0,0.0,,
360652,70,,36.4461746916423,61.88738340694096,40,1.908199720574012,0.4892962557115464,2.137850760122665,3.8998862106538335,2.771600138580004,0.1338351355253694,-2.996117743774624,"[-0.13506539636053105, -0.04832898035270006]",0.1434515654705762,1,0.1434515654705762,40,127.93019595887928,moving,1004,[978],[978],1.0,[978],[51.818214571651865],96.531718260897,0,0.0,[978],1.0,0,0.0,[51.818214571651865],[51.818214571651865]
365226,70,,36.6950528424,60.75605141758112,42,1.896037218147319,0.4761805148376111,1.722109404702724,3.981761451944149,2.7800501390025083,0.35814569938402,-1.1176155667916012,"[-0.011578510047407065, -0.10526144389452696]",0.1058963335799618,1,0.1058963335799618,42,153.0093493789072,moving,977,[],[],0.0,[],,16.18674841520038,0,0.0,[],0.0,0,0.0,,
366299,70,,36.64182213266305,59.95038230983798,43,1.877972780250303,0.5220950589384281,1.569201444837035,3.59699397283853,2.847650142382513,0.0435828902182628,-0.3145628091657571,"[-0.0532307097369511, -0.8056691077431424]",0.8074256743693073,1,0.8074256743693073,43,165.45986889330393,moving,962,[],[],0.0,[],,31.672300304691845,0,0.0,[],0.0,0,0.0,,
386694,70,,35.63023412691033,58.52969048171161,44,1.9451714915318887,0.5007463860696625,1.1839837782755906,3.884544243642892,2.898350144917505,0.5527859219972759,0.509203031779013,"[-1.0115880057527207, -1.4206918281263654]",1.744040012123518,1,1.744040012123518,44,177.70922684560145,moving,947,[],[],0.0,[],,8.378741783832709,0,0.0,[],0.0,0,0.0,,
366101,70,,34.95669003111451,57.21197349469366,45,1.8695692332655116,0.5141253433237345,0.966612077410678,3.636407458887474,2.974400148720006,0.1462366313023037,-0.4065492906949721,"[-0.673544095795819, -1.3177169870179526]",1.479878274337818,1,1.479878274337818,45,188.14884828203404,moving,934,[878],[],1.0,[878],[53.13010235415598],11.769165904623152,0,0.0,[878],1.0,0,0.0,[53.13010235415598],[53.13010235415598]
371752,70,,34.70062030995734,56.89397342427196,46,1.8568636915481609,0.5075982214869821,0.8379915960680997,3.6581367170841874,2.930037646501878,0.2054106952491309,0.0591740639468271,"[-0.25606972115717497, -0.31800007042169653]",0.4082839047546661,1,0.4082839047546661,46,196.47260968674505,moving,938,[878],[878],1.0,[878],[71.896598553439],12.805907780135836,0,0.0,[878],1.0,0,0.0,[71.896598553439],[71.896598553439]
375623,70,,34.254571530076994,55.98092940480829,47,2.1183862698357903,0.489077064136845,0.8509200645402482,4.331395653514147,3.198325159916254,0.2235052544701284,0.0180945592209974,"[-0.44604877988034275, -0.9130440194636691]",1.0161736542103006,1,1.0161736542103006,47,205.70849304156707,moving,916,[879],[879],1.0,[879],[95.95076490056056],29.109648555635623,0,0.0,[],0.0,0,0.0,,
390601,70,,33.15261630500478,55.2135239993839,55,1.867338362100008,0.5074450300383591,0.5479726653245871,3.6798830445907615,2.957500147875008,2.010475249501704,0.1275484992354487,"[-0.24060128285156424, -0.18998034647927398]",0.3065640379402049,1,0.3065640379402049,55,260.1518887765017,moving,913,[],[],0.0,[],,,0,0.0,[],0.0,0,0.0,,
394798,70,,33.7428131166292,55.54560112236275,56,1.927397186337596,0.4925416399254643,0.5443030213282587,3.913165974412369,2.908912645445632,2.985728510292413,0.9752532607907094,"[0.5901968116244234, 0.33207712297884484]",0.6772056497531174,1,0.6772056497531174,56,259.99825476799833,moving,911,[],[],0.0,[],,,0,0.0,[],0.0,0,0.0,,
293215,71,,9.563273711041417,86.09166251776016,1,1.448917100030866,0.5114874916848895,-1.1490104902405436,2.832751775137242,2.235025111751256,,,"[0.28290725723372034, 0.04315464681452852]",0.2861797332747256,1,0.2861797332747256,1,0.5674634064354378,moving,1330,[1288],[],1.0,[1288],[3.62884741258258],,0,0.0,[],0.0,0,0.0,,
301191,71,,10.050470995114996,85.33443179411488,2,1.474461502660739,0.4969168405913262,2.017416469251028,2.967219828786934,2.2624876131243767,1.1504524963763818,,"[0.48719728407358076, -0.7572307236452787]",0.900421880254487,1,0.900421880254487,2,1.680857074450151,moving,1326,[1282],[1282],1.0,[1282],[1.173128451309239],,0,0.0,[1271],1.0,0,0.0,[30.932769093497665],[30.932769093497665]
295000,71,,10.619911033798102,84.44915819108539,4,1.461289968319799,0.5173020957848282,2.194942905374476,2.824829012344892,2.327975116398756,1.8127247074455248,1.7501437161809228,"[-0.06276294218852208, -0.02597302877148877]",0.0679248491770452,1,0.0679248491770452,4,5.164111267402596,moving,1337,[1295],[],1.0,[1295],[3.0094236939651253],56.82839948425846,0,0.0,[1275],1.0,0,0.0,[54.62524815612394],[54.62524815612394]
301646,71,,10.303526141426568,83.74113530059893,6,1.4799357908921655,0.4954549510895477,2.499150033099362,2.987023921423452,2.230800111540004,0.5097992053950612,-0.4497753585874662,"[-0.21165634164217018, -0.2371520992550984]",0.3178671501405062,1,0.3178671501405062,6,9.687349512816947,moving,1312,[],[],0.0,[],,121.405431845557,1,0.0,[1270],1.0,1,1.0,[14.906300671104864],[14.906300671104864]
293948,71,,9.688054753479394,84.63609077504921,8,1.447774601398692,0.5172097353057339,2.435888832389965,2.799202146771041,2.247700112385004,2.1357661733174664,0.5092195189698183,"[0.22950171494251492, 0.0516644621889526]",0.2352450930727973,1,0.2352450930727973,8,14.487775109488574,moving,1339,[],[],0.0,[],,38.035851222106,0,0.0,[],0.0,0,0.0,,
294042,71,,9.232568745791784,84.77924526798104,9,1.469987708373588,0.4869518295217165,2.520391011841636,3.018753846386424,2.20967511048375,2.615653618566373,0.4798874452489063,"[-0.45548600768761105, 0.1431544929318278]",0.4774523138971757,1,0.4774523138971757,9,16.95933811458425,moving,1338,[],[],0.0,[],,15.312384329366733,0,0.0,[],0.0,0,0.0,,
291108,71,,8.886331329028375,85.00203615812778,10,1.493255993851937,0.4902334598710541,2.560079274771777,3.046009944414458,2.213900110695002,0.2672515228782366,-2.348402095688136,"[-0.34623741676340813, 0.22279089014674014]",0.4117233652580028,1,0.4117233652580028,10,19.494618133096008,moving,1348,[],[],0.0,[],,3.042039032989782,0,0.0,[],0.0,0,0.0,,
294653,71,,8.125789922770855,85.55059248144352,11,1.4680540999744165,0.5309942856441414,2.6871675746083468,2.764726739372612,2.2603751130187537,0.0530935970998519,-0.2141579257783847,"[-0.76054140625752, 0.5485563233157364]",0.9377298494139156,1,0.9377298494139156,11,22.030616854227883,moving,1345,[],[],0.0,[],,31.39244019798413,0,0.0,[],0.0,0,0.0,,
294706,71,,7.9765854917594865,85.90543614401956,12,1.5007217007678475,0.5229415841147013,2.569702093311098,2.869769294229012,2.336425116821248,0.5479014416902436,0.4948078445903917,"[-0.14920443101136804, 0.3548436625760445]",0.3849363416252196,1,0.3849363416252196,12,24.78349960931399,moving,1345,[1339],[],1.0,[1339],[63.13549625590538],40.11000065956026,0,0.0,[1339],1.0,0,0.0,[63.13549625590538],[63.13549625590538]
288511,71,,8.187224722586778,86.58154409903288,13,1.4837540191269178,0.502104856682203,2.3195754582353745,2.95506804879609,2.300512615025631,0.7000515744864236,0.15215013279618,"[0.21063923082729197, 0.6761079550133218]",0.7081601883725244,1,0.7081601883725244,13,27.62749698356229,moving,1364,[1332],[],1.0,[1332],[8.438377977823933],165.47081224506957,1,1.0,[],0.0,0,0.0,,
324179,71,,8.138722425690279,85.58091759846089,15,1.4890565483735547,0.5010556004138426,2.837760236768096,2.971838947900555,2.1864376093218665,1.5933689079466211,-1.4470666815615278,"[0.14973612817072013, -0.02698243243632703]",0.1521478220013,1,0.1521478220013,15,34.11163495924906,moving,1346,[1333],[],1.0,[1333],[7.645013271670724],78.16704124843235,0,0.0,[1341],1.0,1,1.0,[66.192273177378],[66.192273177378]
314036,71,,9.367752806691447,85.26059536506521,16,1.491563155989558,0.508281756659322,-0.1031972076631611,2.934520345158256,2.258262612913133,0.0766715717369194,-1.5166973362097018,"[1.2290303810011682, -0.3203222333956717]",1.270087402752845,1,1.270087402752845,16,37.836808571758766,moving,1353,[1349],[1349],1.0,[1349],[1.5964590612445786],18.279495136089867,0,0.0,[1336],1.0,0,0.0,[18.992248211301295],[18.992248211301295]
316682,71,,10.6973650104459,84.4008414547761,17,1.524050098284554,0.5135751434076852,0.2114763727013838,2.967530881989621,2.342762617138127,0.3190373757270571,0.2423658039901377,"[1.3296122037544524, -0.8597539102891147]",1.583365213281571,1,1.583365213281571,17,41.797876922570914,moving,1332,[1342],[],1.0,[1342],[6.888258276994691],44.87829769370432,0,0.0,[1330],1.0,0,0.0,[136.19348942398204],[43.806510576017956]
321470,71,,11.320062630933668,84.53309517902312,18,1.5246254057552324,0.4963109269512899,0.244787205065958,3.0719158554912607,2.315300115764999,0.783274057445318,0.4642366817182608,"[0.6226976204877683, 0.13225372424702186]",0.6365872871322016,1,0.6365872871322016,18,45.86776328184755,moving,1343,[1357],[1357],1.0,[1357],[1.6258628773995838],18.478174254904992,0,0.0,[1382],1.0,0,0.0,[3.7102312153012917],[3.7102312153012917]
318187,71,,12.497161252754934,85.22560038260212,19,1.4991716110313915,0.5056962375030809,0.3331337070992815,2.964569438826916,2.3364251168212595,0.3225049805053421,-0.4607690769399759,"[1.1770986218212656, 0.6925052035790031]",1.365695655143385,1,1.365695655143385,19,49.922254920377625,moving,1354,[1367],[1367],1.0,[1367],[2.9761937929282],3.891081132367219,0,0.0,[1355],1.0,0,0.0,[60.811146014126976],[60.811146014126976]
314787,71,,12.769308955730589,85.4116651048261,20,1.5430308193098652,0.5087570248374856,0.2872147965152076,3.0329425324451527,2.380787619039379,0.0679121772220405,-0.2545928032833015,"[0.27214770297565316, 0.18606472222397485]",0.3296732520105464,1,0.3296732520105464,20,53.690695041029855,moving,1361,[1378],[],1.0,[1378],[2.921354672509466],25.6638548624628,0,0.0,[1393],1.0,0,0.0,[65.60396139449942],[65.60396139449942]
321321,71,,13.815140727696482,85.5716284833779,21,1.5098705193359512,0.5110881323710599,0.4475044820107901,2.954227311699259,2.3575501178775027,0.4479187661039358,0.3800065888818952,"[1.0458317719658954, 0.15996337855180798]",1.0579945074200685,1,1.0579945074200685,21,57.30491930950102,moving,1351,[1376],[1376],1.0,[1376],[7.776429194909497],29.010603958623545,0,0.0,[1371],1.0,0,0.0,[55.998121786267404],[55.998121786267404]
319594,71,,14.513446828379063,85.31311733543147,22,1.5043710396866832,0.519263811724629,0.8740534442723911,2.8971228221936385,2.380787619039378,0.5063305570700802,0.0584117909661444,"[0.6983061006825828, -0.2585111479464359]",0.7446203219514611,1,0.7446203219514611,22,60.722016360109386,moving,1355,[1391],[1391],1.0,[1391],[5.857617363668567],29.4314510436201,0,0.0,[1423],1.0,0,0.0,[66.62839809620533],[66.62839809620533]
327731,71,,15.754901748407336,85.51234459952839,24,1.5330658413643048,0.4983316308599403,1.3797130656526502,3.076396813741859,2.3913501195675044,0.9604173402037816,0.3387181118179252,"[0.12724178324729607, -0.10571900664699285]",0.1654296822531518,1,0.1654296822531518,24,65.57809713549072,moving,1351,[],[],0.0,[],,71.471600545589,0,0.0,[],0.0,0,0.0,,
329678,71,,16.28265434430805,84.50479340924893,25,1.5372846762884236,0.523816457555946,1.535732595769887,2.9347773520923304,2.378675118933749,0.3950209150220863,-0.5653964251816952,"[0.527752595900715, -1.0075511902794574]",1.1374015137643765,1,1.1374015137643765,25,66.9109887390517,moving,1345,[],[],0.0,[],,9.517309894285848,0,0.0,[],0.0,0,0.0,,
325151,71,,16.58346872444586,83.58597773518908,26,1.5269942619742818,0.5321085522117838,1.643826187074596,2.869704415813496,2.3998001199900085,0.1661083935879215,-0.2289125214341648,"[0.3008143801378118, -0.9188156740598572]",0.9668048066676984,1,0.9668048066676984,26,66.56679758542246,moving,1333,[],[],0.0,[],,24.91337562099738,0,0.0,[],0.0,0,0.0,,
341122,71,,17.048436789846786,83.08808389538105,29,1.5603457540053716,0.4861165394237954,1.79612159137144,3.209818279079505,2.32375011618751,1.303624204331272,0.9907423255360002,"[0.16163827926536456, 0.015169632175968673]",0.1623485480816572,1,0.1623485480816572,29,63.37469813298346,moving,1317,[1290],[1290],1.0,[1290],[19.446689647865938],38.23233253656261,0,0.0,[1290],1.0,0,0.0,[19.446689647865938],[19.446689647865938]
336224,71,,17.125991989331304,82.16627089080498,30,1.5751555276521327,0.489769721121714,1.7687343190408726,3.216114552864909,2.3364251168212538,1.5804358373415122,0.2768116330102401,"[0.07755519948451806, -0.921813004576066]",0.925069740275098,1,0.925069740275098,30,62.1018871142164,moving,1310,[],[],0.0,[],,35.50604897202101,0,0.0,[],0.0,0,0.0,,
348532,71,,17.41807363569328,81.82204530023704,32,1.5422446210823275,0.4912776280127686,-1.229123504836507,3.1392527018190286,2.3279751163987523,1.4883171142741425,1.20651627690704,"[0.14418206877613216, 0.04196913174806127]",0.1501661645519769,1,0.1501661645519769,32,60.01144417461887,moving,1306,[1349],[1349],1.0,[1349],[7.6068677719717925],158.06698444958005,0,0.0,[],0.0,1,0.0,,
350480,71,,17.285466228716793,82.22109191451555,33,1.5386201510486608,0.5010075439877306,1.983712102550501,3.071051862417346,2.346987617349378,1.608368824638718,0.1200517103645755,"[-0.13260740697648643, 0.39904661427851806]",0.4205031804305121,1,0.4205031804305121,33,59.095119712722365,moving,1308,[],[],0.0,[],,98.55732397734307,0,0.0,[],0.0,0,0.0,,
346513,71,,17.957329960986133,82.33744326949365,34,1.5461072832915037,0.5075479704148731,2.181988235769972,3.046228875721255,2.3955751197787545,1.72014980535939,0.111780980720672,"[0.6718637322693404, 0.11635135497809301]",0.681863998568722,1,0.681863998568722,34,57.61319971211911,moving,1318,[1357],[],1.0,[1357],[2.5682738885122376],112.9489233162367,0,0.0,[],0.0,0,0.0,,
351405,71,,17.591849754864857,82.90512764340446,35,1.5633059382062864,0.5244575008447385,2.2213079187415827,2.9808057577368707,2.467400123370004,1.9713305984509228,0.2511807930915328,"[-0.3654802061212763, 0.567684373910808]",0.6751602250199257,1,0.6751602250199257,35,55.41473781500206,moving,1337,[1381],[1381],1.0,[1381],[3.3594192748069105],17.42283016013389,0,0.0,[],0.0,0,0.0,,
353814,71,,17.36955238987216,83.71487950092826,36,1.4981178398571322,0.5559491962616149,-0.8058917511781714,2.694702771280126,2.4124751206237525,0.3040857513101073,-1.6672448471408154,"[-0.22229736499269492, 0.809751857523807]",0.8397107771405291,1,0.8397107771405291,36,54.66929641932508,moving,1358,[1395],[1395],1.0,[1395],[0.0],21.667222824622183,0,0.0,[],0.0,0,0.0,,
354200,71,,17.45493318491166,84.4862418782392,37,1.546248348025991,0.5028310462031195,2.583191419493448,3.0750852790449645,2.408250120412497,0.3781643780529229,0.0740786267428156,"[0.08538079503949803, 0.7713623773109362]",0.7760733195338929,1,0.7760733195338929,37,55.80115159416342,moving,1385,[1406],[1406],1.0,[1406],[7.6806489773538935],49.465552307396415,0,0.0,[],0.0,0,0.0,,
357267,71,,17.082326385760197,84.88373221058929,39,1.5365492562956933,0.5145326220568658,2.606817261563297,2.9863009465819155,2.3871251193562504,1.3936740191009636,0.0689872465950933,"[0.043923242884993385, 0.24244102064427864]",0.2463877021212172,1,0.2463877021212172,39,63.56200216939701,moving,1396,[],[],0.0,[],,,0,0.0,[],0.0,0,0.0,,
362143,71,,17.48592846745158,84.63280514612487,40,1.550216459530187,0.5170938200713207,2.575865367710769,2.997940411116056,2.416700120835004,1.9478059593171064,0.5541319402161426,"[0.4036020816913819, -0.25092706446442037]",0.4752462856523429,1,0.4752462856523429,40,69.33546216482038,moving,1403,[],[],0.0,[],,,0,0.0,[],0.0,0,0.0,,
295860,72,,46.50636868402752,54.78681760898767,2,1.353317077877155,0.5268805921386426,1.2760459979298029,2.5685460767950343,2.1420751071037527,0.4995612202012721,,"[0.2181546457927368, 0.016561405242711658]",0.2187823796025808,1,0.2187823796025808,2,0.6047083906416442,moving,837,[876],[876],1.0,[876],[31.080638825084222],,0,0.0,[],0.0,0,0.0,,
298016,72,,47.46854852782713,55.08495111771818,3,1.361277710774755,0.5303555312537098,1.576923006703373,2.566726715486165,2.1716501085825115,0.2247002342914648,-0.2748609859098072,"[0.9621798437996176, 0.29813350873050837]",1.007310101628203,1,1.007310101628203,3,1.1868350057961023,moving,849,[815],[815],1.0,[815],[67.21707309082626],,0,0.0,[],0.0,0,0.0,,
300673,72,,48.80893576061499,54.66301978192939,5,1.462302072976213,0.5153970358956231,1.7496877960329342,2.8372341537337724,2.2751626137581225,0.2978727697724241,-0.2712077245640243,"[0.14684135579184243, -0.09339360212048575]",0.1740251380916735,1,0.1740251380916735,5,2.674681180909645,moving,843,[],[],0.0,[],,60.25488380727277,0,0.0,[],0.0,0,0.0,,
295864,72,,48.91584533872838,54.1715340098615,6,1.441164637042591,0.5223901440358646,1.7425915867881483,2.7587898690210517,2.285725114286255,0.7901271913277776,0.4922544215553535,"[0.10690957811338819, -0.49148577206788957]",0.5029790473146493,1,0.5029790473146493,6,3.5745021130255714,moving,827,[],[],0.0,[],,6.142060362570713,0,0.0,[],0.0,0,0.0,,
287190,72,,48.95927536578581,53.76714844074662,9,1.4176025962731145,0.5002115880403772,1.3763587803879482,2.83400590903281,2.1948876097443755,2.008948490660846,1.5287036372765488,"[-0.046958187362761805, 0.0360294411692621]",0.0591877689338393,1,0.0591877689338393,9,6.964144434955755,moving,831,[],[],0.0,[],,61.19065538997588,0,0.0,[],0.0,0,0.0,,
285575,72,,49.370619766715215,53.59525298615967,10,1.4500993849217498,0.5044968204876367,1.447489364051732,2.874347916643186,2.2455876122793788,2.882962727611589,0.8740142369507433,"[0.4113444009294014, -0.1718954545869451]",0.4458164010931189,1,0.4458164010931189,10,8.222835850196635,moving,837,[],[],0.0,[],,81.304009861499,0,0.0,[],0.0,0,0.0,,
286951,72,,49.20017095477413,52.910776552126265,11,1.3986690162894593,0.5506149610852639,1.0266789017379183,2.540194355657678,2.3026251151312587,1.41902266715709,-1.4639400604544992,"[-0.1704488119410854, -0.6844764340334066]",0.7053798878896506,1,0.7053798878896506,11,9.482725027643603,moving,830,[],[],0.0,[],,29.46576210740016,0,0.0,[],0.0,0,0.0,,
287136,72,,48.70900283585211,52.39227315447139,12,1.4142404724982212,0.5170380012618837,0.7795820549576279,2.7352737497952253,2.1758751087937607,0.5142745653835158,-0.9047481017735742,"[-0.49116811892201895, -0.5185033976548752]",0.7142071789229257,1,0.7142071789229257,12,10.769225537791302,moving,823,[],[],0.0,[],,10.40305960988622,0,0.0,[],0.0,0,0.0,,
282465,72,,48.15801294104461,51.54531662510175,13,1.436051029537399,0.5133982974919065,0.655188153668195,2.7971480165651266,2.249812612490629,0.1815676424737513,-0.3327069229097644,"[-0.5509898948075005, -0.8469565293696419]",1.0104084455416282,1,1.0104084455416282,13,12.12255761892935,moving,821,[818],[818],1.0,[818],[138.385382650692],34.48540670482217,0,0.0,[818],1.0,0,0.0,[138.385382650692],[41.61461734930799]
329674,72,,48.18467807536921,50.48403805864213,14,1.465412340317976,0.5058874190902162,0.9077938447403828,2.89671631477486,2.277275113863755,0.601883890888475,0.4203162484147237,"[0.02666513432460249, -1.0612785664596203]",1.0616135007690586,1,1.0616135007690586,14,13.485032635333166,moving,804,[],[],0.0,[],,43.56291607014217,0,0.0,[],0.0,0,0.0,,
309450,72,,47.57794245636418,49.81310702638857,16,1.4117943231671144,0.5301300418076844,0.7518886532713123,2.663109448302633,2.2899501144975067,0.183639042843477,-0.6219939807312547,"[-0.12613068857440624, -0.18560717805476656]",0.224408054992925,1,0.224408054992925,16,15.859240731032283,moving,805,[],[],0.0,[],,20.320197646351527,0,0.0,[],0.0,0,0.0,,
310206,72,,47.101748642692506,49.5646225952657,17,1.4319632636068922,0.5080104754972211,0.6978847760834727,2.81876719610032,2.222350111117504,0.4929766900475121,0.3093376472040351,"[-0.4761938136716708, -0.24848443112286844]",0.5371266709907687,1,0.5371266709907687,17,17.03798402968183,moving,789,[],[],0.0,[],,5.768538766780824,0,0.0,[],0.0,0,0.0,,
315497,72,,46.19595080288972,48.96906535033172,18,1.4391664469054353,0.5275640555814539,0.4192954325257885,2.7279463634406635,2.3005126150256325,0.1006799945092586,-0.3922966955382534,"[-0.905797839802787, -0.5955572449339854]",1.084047120094304,1,1.084047120094304,18,18.23019462535049,moving,795,[],[],0.0,[],,3.8535413630928224,0,0.0,[],0.0,0,0.0,,
308777,72,,45.46000422864672,48.41089174830645,20,1.4327625434174789,0.5112981449289425,0.2327667664559923,2.8022056360415637,2.277275113863752,1.3132279003533185,0.9635430421846508,"[-0.24701939464871003, 0.09921224594118883]",0.2661985181726414,1,0.2661985181726414,20,20.23977961482833,moving,789,[],[],0.0,[],,29.2444949638517,0,0.0,[],0.0,0,0.0,,
339930,72,,44.76498664035841,48.31403273938045,28,1.4467628193426527,0.5148470931368675,3.024270296393414,2.810082524750788,2.1885501094275006,2.8653906615210385,1.6981046530627228,"[-0.13938848544426463, -0.017822535904969072]",0.140523281560494,1,0.140523281560494,28,28.743654000684643,moving,780,[776],[776],1.0,[776],[1.972102772088372],12.810179213804703,0,0.0,[776],1.0,0,0.0,[1.972102772088372],[1.972102772088372]
342851,72,,43.93746346908251,48.38463353949594,32,1.4431689314334843,0.5082373292353212,-0.1304058787450768,2.839557128959484,2.245587612279376,0.3820842050546771,-0.1212936372914916,"[-0.17229461152893322, 0.062095436978317764]",0.1831427761486492,1,0.1831427761486492,32,33.1250762454028,moving,781,[797],[797],1.0,[797],[157.02634695473103],5.400625907863191,0,0.0,[797],1.0,0,0.0,[157.02634695473103],[22.973653045268975]
344912,72,,43.436546157252806,48.47545841033331,33,1.429379948469219,0.489914298412362,-0.2373359169102005,2.917612229529391,2.171650108582499,0.166543597667009,-0.2155406073876681,"[-0.5009173118297028, 0.09082487083737334]",0.5090847772751816,1,0.5090847772751816,33,34.22811804037779,moving,781,[792],[792],1.0,[792],[142.92432055217003],0.7582850276202138,0,0.0,[792],1.0,0,0.0,[142.92432055217003],[37.07567944782997]
345346,72,,42.67327712362762,48.62431147698617,37,1.4262278064797014,0.5109220895540088,-0.0759422373315576,2.7914780661072536,2.182212609110623,1.8395160094999503,0.6004613958015164,"[-0.008077905423689913, -0.06400997597869917]",0.0645176687491707,1,0.0645176687491707,37,39.28123410287707,moving,810,[811],[811],1.0,[811],[155.6348203021832],168.24349889765642,0,0.0,[817],1.0,1,1.0,[153.320390147647],[26.679609852352996]
370965,72,,43.08039786528296,48.62943604579206,46,1.4407054229111025,0.5166756233348123,0.1128268550604965,2.788413770350275,2.258262612913128,2.279610107696713,1.0355760435665098,"[-0.016122091729819488, -0.0011168567515085215]",0.016160730514061,1,0.016160730514061,46,56.06295991831195,moving,805,[816],[],1.0,[816],[28.764922656339166],116.08493326560895,0,0.0,[],0.0,0,0.0,,
377490,72,,42.97887179098351,48.83037037963848,50,1.4900275942554706,0.4957018435142135,0.6034699888595676,3.0058948009797875,2.2603751130187546,0.0881306521474055,0.0508486471671076,"[-0.20094879696102197, 0.20257116087083915]",0.285334004662328,1,0.285334004662328,50,58.56161841730527,moving,802,[796],[796],1.0,[796],[143.2813191243232],,0,0.0,[],0.0,0,0.0,,
388054,72,,43.11773526285525,48.4036903828384,54,1.4582145002681974,0.5178642220581088,0.4102068359338982,2.815823990452411,2.315300115764999,2.4826715061540745,0.5894923143017485,"[-0.018203990068926146, 0.010407489384313351]",0.0209690507585383,1,0.0209690507585383,54,56.07465468153703,moving,792,[815],[],1.0,[815],[9.559772638696046],,0,0.0,[],0.0,0,0.0,,
288875,73,,14.63182195500091,55.27213906296279,0,1.744468472393376,0.5228098167498703,1.4010568856932717,3.3367171321268208,2.818075140903759,,,"[0.0, 0.0]",0.0,0,0.0,0,0.0,moving,839,[],[],0.0,[],,,0,0.0,[],0.0,0,0.0,,
286791,73,,14.53174683693873,54.95811260879528,1,1.7224713171899533,0.533268359685161,1.3280754048344652,3.230027219703963,2.84553764227688,,,"[-0.10007511806218083, -0.31402645416750374]",0.3295870798016432,1,0.3295870798016432,1,0.2373977162204881,moving,830,[],[],0.0,[],,,0,0.0,[],0.0,0,0.0,,
300517,73,,14.251134756685126,53.87621577780066,5,1.7291017737760133,0.5265770994110152,1.739642722854161,3.2836630679724603,2.7716001385800006,1.1687425902953557,-0.0574494672277374,"[-0.017465923654789606, -0.0943276426616535]",0.0959310307419842,1,0.0959310307419842,5,2.88203377484922,moving,825,[864],[864],1.0,[864],[45.08543951244246],162.90540524731716,1,1.0,[864],1.0,1,1.0,[45.08543951244246],[45.08543951244246]
295881,73,,14.221325764531231,54.5444556069658,6,1.730702703900368,0.5142309770506767,1.3470308050344966,3.3656134716478,2.754700137735004,2.913925287866057,1.7451826975707014,"[-0.029808992153892433, 0.6682398291651381]",0.6689043618454613,1,0.6689043618454613,6,3.463120432859782,moving,829,[],[],0.0,[],,27.525758582179257,0,0.0,[],0.0,0,0.0,,
286683,73,,14.406599699596024,54.94229176989942,7,1.7095931809822404,0.545144217685344,1.1368386852424488,3.136038364748856,2.7716001385800024,0.4804151163681079,-2.433510171497949,"[0.1852739350647905, 0.397836162933622]",0.4388622147692139,1,0.4388622147692139,7,3.906072566585875,moving,848,[893],[893],1.0,[893],[38.04704253182608],7.366863104736138,0,0.0,[893],1.0,0,0.0,[38.04704253182608],[38.04704253182608]
287909,73,,14.7048357196269,55.41335427455904,8,1.7206745581901657,0.5382105493203637,1.3239012037076476,3.197028672817696,2.7906126395306305,0.1285760167213426,-0.3518390996467653,"[0.29823602003087757, 0.47106250465962063]",0.557534399781801,1,0.557534399781801,8,4.326971865039104,moving,857,[],[],0.0,[],,19.28370889523282,0,0.0,[],0.0,0,0.0,,
287543,73,,14.819040454863892,55.90588188908299,9,1.7153148334301835,0.551308553418225,1.315200070931728,3.111351751745702,2.8370876418543816,0.3365642122179336,0.2079881954965909,"[0.11420473523699215, 0.4925276145239508]",0.505594870048347,1,0.505594870048347,9,4.638161078328736,moving,868,[908],[908],1.0,[908],[69.26488630220634],112.53717456557558,1,1.0,[908],1.0,1,1.0,[69.26488630220634],[69.26488630220634]
329886,73,,14.876912136628937,55.8644621809262,14,1.7056444948260046,0.5375701589233995,0.9961930984093968,3.1728779332579142,2.8011751400587546,2.486221241700361,0.0026314107515217,"[-0.024152012679167, -0.1456700115553886]",0.1476586332829939,1,0.1476586332829939,14,5.249908237600253,moving,880,[],[],0.0,[],,81.04266896714832,0,0.0,[],0.0,0,0.0,,
311389,73,,14.400776702470724,54.91507356132446,17,1.7283300129701602,0.5185597875290457,1.0713706928111288,3.332942612472342,2.7800501390025065,2.802910177513084,0.1107538571081043,"[-0.1627906338614391, -0.24214515908646916]",0.2917791434321867,1,0.2917791434321867,17,5.503583625812081,moving,862,[],[],0.0,[],,10.647968954466574,0,0.0,[],0.0,0,0.0,,
316149,73,,14.291431434980309,54.533404872108335,18,1.6649909908981664,0.5932174638533068,1.068288651325048,2.806712702089115,2.809625140481249,0.3128632399361225,-2.490046937576961,"[-0.10934526749041495, -0.3816686892161272]",0.3970231427140073,1,0.3970231427140073,18,5.638882452095336,moving,867,[],[],0.0,[],,7.999690260095091,0,0.0,[],0.0,0,0.0,,
322377,73,,14.172759640377889,54.26669214296764,24,1.728801593214227,0.5555908530594995,1.0942386725577036,3.111645167831958,2.9194751459737542,2.7028730646865182,2.550656227257355,"[-0.04138394221494579, -0.025605661416634007]",0.048664982994277,1,0.048664982994277,24,7.254742346093162,moving,846,[],[],0.0,[],,17.724258901377517,0,0.0,[],0.0,0,0.0,,
320146,73,,13.921291984307956,53.9845558110792,26,1.6912249557055374,0.5678623479059622,1.0397925140581394,2.978230484803341,2.896237644811877,1.4488489566798108,1.1469255204090256,"[-0.004166636863049078, 0.0028069940958417305]",0.0050239504976273,1,0.0050239504976273,26,8.137689575676818,moving,852,[],[],0.0,[],,173.91931218832272,1,0.0,[],0.0,0,0.0,,
345543,73,,14.339591861757466,54.56818763871324,33,1.7369678988679629,0.5238304593502868,1.1958743565450316,3.315897095832008,2.801175140058755,0.1282114662376502,-2.843326590840378,"[-0.15884500863956497, 0.24538469334300572]",0.2923104248855049,1,0.2923104248855049,33,10.887659121520423,moving,869,[915],[915],1.0,[915],[28.261826719467138],9.77500202965644,0,0.0,[],0.0,0,0.0,,
346019,73,,15.050637410524796,55.26925431996671,37,1.7138197842774383,0.5455698206854188,0.7969375150864405,3.141339053770067,2.815962640798131,0.2025177021837821,-0.0843488134105628,"[0.15961326338213944, 0.16279855123132592]",0.2279907062371509,1,0.2279907062371509,37,11.902191652655295,moving,906,[],[],0.0,[],,178.5777605384971,0,0.0,[930],1.0,1,1.0,[37.011797904166286],[37.011797904166286]
354148,73,,14.523402572070005,54.77461727902048,38,1.7259089915375103,0.5414392529138137,0.7438557492833673,3.187631820650877,2.8370876418543776,3.099824143281966,2.8973064410981846,"[-0.5272348384547918, -0.4946370409462233]",0.7229400923703749,1,0.7229400923703749,38,11.983807758115852,moving,895,[],[],0.0,[],,171.33884368127056,0,0.0,[863],1.0,1,1.0,[100.18171504220825],[79.81828495779175]
356234,73,,15.033094347458038,55.12507230011057,40,1.7004943684370188,0.5263622277713755,0.8874235919356028,3.230654250471076,2.7800501390025043,1.0920791497459217,-1.9509708803193773,"[0.033209128478636885, -0.015517240861001369]",0.0366555722673776,1,0.0366555722673776,40,11.17171280080931,moving,904,[],[],0.0,[],,57.53433324821904,0,0.0,[],0.0,0,0.0,,
365981,73,,15.434203284406191,54.95462482107193,43,1.749055438414674,0.5055358621808297,1.4216090897786295,3.45980487095303,2.7209001360450067,2.855435985592982,2.595774198552057,"[-0.048055651332093774, 0.016380821669315537]",0.0507708276819837,1,0.0507708276819837,43,9.994684100687808,moving,889,[],[],0.0,[],,53.29514647850182,0,0.0,[],0.0,0,0.0,,
378084,73,,15.73758903351492,55.13171411447404,50,1.883794681174044,0.5380472421494363,1.748414085108602,3.501169662441727,3.01876265093813,2.8565279083624437,1.2749545559333704,"[0.1266613113543169, 0.07407294531122943]",0.1467306683044672,1,0.1467306683044672,50,20.300489747689085,moving,888,[],[],0.0,[],,70.63583850623155,0,0.0,[],0.0,0,0.0,,
371257,73,,15.638802034162852,55.64430420801009,51,1.847730599645148,0.5262388673905405,1.7481879970429055,3.5112013082718225,2.9997501499875048,1.2320070369434133,-1.62452087141903,"[-0.09878699935206825, 0.5125900935360548]",0.5220224853703975,1,0.5220224853703975,51,24.751633130322777,moving,901,[],[],0.0,[],,12.10135505951085,0,0.0,[],0.0,0,0.0,,
379598,73,,15.408953311432564,56.18553830031296,53,1.7711694761938792,0.5280702528455363,1.539074561215311,3.354041373566931,2.767375138368756,0.5026175599101033,0.4942790561953742,"[-0.1586915222030605, 0.1878924559271553]",0.2459401842185665,1,0.2459401842185665,53,34.714227748830844,moving,917,[],[],0.0,[],,57.521357468082186,0,0.0,[],0.0,0,0.0,,
388432,73,,16.030455624641814,57.08943675061854,54,1.782875540022182,0.5124367385476605,1.6985486557673748,3.4792110048065203,2.830750141537504,1.3036846519181624,0.8010670920080591,"[0.6215023132092501, 0.9038984503055758]",1.096949193804923,1,1.096949193804923,54,39.78937740089774,moving,929,[],[],0.0,[],,33.24297807469976,0,0.0,[],0.0,0,0.0,,
390691,73,,16.06862574710631,58.81302520808032,55,1.8262835526175496,0.4997170865605568,-1.4447940285812182,3.654634995948326,2.80328764016438,0.5801994205717962,-0.7234852313463662,"[0.03817012246449636, 1.72358845746178]",1.7240110582430823,1,1.7240110582430823,55,43.45977893582986,moving,961,[],[],0.0,[],,17.722070396652718,0,0.0,[],0.0,0,0.0,,
395033,73,,16.30586956998883,59.502394000531226,56,1.839964168527864,0.5045793814663698,1.713916707406556,3.646530627511377,2.84976264248813,0.3093084786918074,-0.2708909418799888,"[0.23724382288251888, 0.6893687924509067]",0.729050041836041,1,0.729050041836041,56,46.36113089224053,moving,972,[],[],0.0,[],,,0,0.0,[],0.0,0,0.0,,
395369,73,,16.363984133550407,60.63272483148666,57,1.827106145494013,0.4993143650791509,-1.488466541780035,3.659230082844465,2.7906126395306297,0.2800820535559987,-0.0292264251358086,"[0.058114563561577626, 1.1303308309554367]",1.131823789247408,1,1.131823789247408,57,48.61046426467177,moving,999,[],[],0.0,[],,,0,0.0,[],0.0,0,0.0,,
296010,74,,130.5330198257515,55.41706358139619,6,1.9300457640681528,0.5157668154289099,1.4108571094084963,3.742089848225567,3.039887651994372,2.6139514271637347,0.297638062595055,"[-0.09540343995109879, -0.0924887154288001]",0.1328758022973802,1,0.1328758022973802,6,8.292879313653708,moving,843,[],[],0.0,[],,,0,0.0,[],0.0,0,0.0,,
287789,74,,130.5088656222564,54.968441215028136,8,1.8718088447978196,0.5299631202762243,1.3046617434429273,3.531960570807656,3.008200150410004,0.6693832406976399,-0.0067262839801434,"[0.02661395484162199, -0.043940859537357824]",0.051372188285041,1,0.051372188285041,8,14.235174237666142,moving,844,[],[],0.0,[],,,0,0.0,[],0.0,0,0.0,,
287294,74,,130.35023167070275,54.67981852352644,9,1.9093481654811444,0.5264522682715932,1.2459662771120976,3.6268210444790494,3.0905876545293705,1.0471375653562771,0.3777543246586372,"[-0.15863395155363946, -0.2886226915017005]",0.32934448323178,1,0.32934448323178,9,17.70012941877097,moving,842,[],[],0.0,[],,4.731572310504951,0,0.0,[],0.0,0,0.0,,
285603,74,,129.8633342586541,53.94491662253289,10,1.8956726757924691,0.530579081847718,1.05951734660956,3.572837189869744,3.0335501516775256,0.0825815156145216,-0.9645560497417556,"[-0.48689741204864845, -0.7349019009935489]",0.8815610551422989,1,0.8815610551422989,10,21.482104704863534,moving,841,[],[],0.0,[],,20.85743184888939,0,0.0,[],0.0,0,0.0,,
282612,74,,129.32734509055166,53.56094907344794,13,1.900872102116821,0.5305035613916768,0.6113405122394212,3.58314673162653,3.139175156958762,1.1245642234070248,-0.3667194768647599,"[-0.15092870617118592, -0.1522836676728474]",0.2144056664046041,1,0.2144056664046041,13,34.921644988981285,moving,842,[],[],0.0,[],,174.26906750608566,0,0.0,[],0.0,1,0.0,,
309821,74,,129.975388838681,53.93337726913559,16,1.90196227326457,0.520906076243876,0.5231318984988762,3.651257606705505,3.058900152945006,0.1817288358015304,0.0492273299832206,"[0.016036957335188617, 0.015695114516226738]",0.0224392651450115,1,0.0224392651450115,16,51.53845992420634,moving,862,[],[],0.0,[],,174.92725500325676,0,0.0,[854],1.0,1,1.0,[15.646241143077816],[15.646241143077816]
309476,74,,129.59039828014622,53.66421875799092,20,1.8974788756581584,0.5311201846531103,0.6310919748408115,3.572597936373771,3.052562652628133,2.09568503413641,-0.2372706421177941,"[-0.12869760683022946, -0.09787199156758675]",0.1616848809791258,1,0.1616848809791258,20,79.94290400474085,moving,853,[],[],0.0,[],,17.109869817574165,0,0.0,[],0.0,0,0.0,,
324077,74,,128.6386811518685,52.44307307855743,25,1.893863091605576,0.5144849659180181,1.161711494916131,3.681085390369519,2.968062648403129,0.0058489382418425,-0.0935633527018136,"[-0.16107078248955986, -0.2658354387969979]",0.3108251558226771,1,0.3108251558226771,25,127.67109219531244,moving,826,[],[],0.0,[],,10.782713090996138,0,0.0,[],0.0,0,0.0,,
319695,74,,128.29278360210702,52.13934742281654,26,1.914657613774272,0.5298584788047476,0.9517811902219728,3.6135264233071216,3.1391751569587445,0.3054752231829731,0.2996262849411306,"[-0.34589754976147447, -0.30372565574088384]",0.4603198767012147,1,0.4603198767012147,26,138.50333150636564,moving,827,[],[],0.0,[],,8.272546871496825,0,0.0,[],0.0,0,0.0,,
333085,74,,127.61039792708924,51.338729353638215,27,1.9309187922481093,0.5324351045945532,0.9302000660751072,3.6265805458460414,3.13072515653626,0.1443831804331866,-0.1610920427497864,"[-0.6823856750177839, -0.8006180691783271]",1.0519693446884797,1,1.0519693446884797,27,149.32499320806275,moving,814,[],[],0.0,[],,13.240166821738908,0,0.0,[],0.0,0,0.0,,
340007,74,,126.97314668357212,50.098856184558535,28,1.911712975217736,0.5329453520515589,1.011630445138582,3.58707129700756,3.1624126581206324,0.231084504552657,0.0867013241194704,"[-0.6372512435171132, -1.2398731690796794]",1.3940497203356106,1,1.3940497203356106,28,159.9294127979704,moving,790,[],[],0.0,[],,5.8513504888280785,0,0.0,[],0.0,0,0.0,,
336779,74,,126.62176468315472,49.19993686685222,29,1.942880599640433,0.5295256682437091,1.1569009028971815,3.6690961669231887,3.118050155902512,0.1021253317182296,-0.1289591728344274,"[-0.3513820004174022, -0.8989193177063157]",0.9651555573910992,1,0.9651555573910992,29,169.95433934953047,moving,770,[],[],0.0,[],,9.614432124743512,0,0.0,[],0.0,0,0.0,,
335131,74,,126.360578772094,48.76464245435737,30,1.947920995190316,0.5225224164959297,1.183056708070878,3.7279185231003193,3.101150155057512,0.1678034962862884,0.0656781645680588,"[-0.2611859110607213, -0.4352944124948479]",0.5076409219968913,1,0.5076409219968913,30,179.99905234467616,moving,773,[760],[],1.0,[760],[90.98099624412987],5.568282233940871,0,0.0,[760],1.0,0,0.0,[90.98099624412987],[89.01900375587013]
342356,74,,126.1318457021935,48.28285297151671,31,1.9734435228577567,0.5135587247150557,0.6925313405980023,3.8426832762946592,3.1328376566418843,0.0971848586625733,-0.0706186376237151,"[-0.22873306990049969, -0.4817894828406608]",0.5333290945016766,1,0.5333290945016766,31,190.1716134336073,moving,767,[],[],0.0,[],,41.43352889288183,0,0.0,[],0.0,0,0.0,,
342777,74,,125.10059028653008,47.841493212005375,32,1.9032909163028917,0.5682152977769032,0.4805683504841544,3.349594640885884,3.175087658754384,0.7231514999009888,0.6259666412384155,"[-1.0312554156634235, -0.4413597595113359]",1.121733555551872,1,1.121733555551872,32,200.23714935745335,moving,770,[],[],0.0,[],,0.3102984383604207,0,0.0,[],0.0,0,0.0,,
344714,74,,124.05628867385256,47.40122609126493,33,1.9434167255169952,0.5575597613188434,0.0117854089842368,3.485575646492255,3.191987659599377,0.005415729413227,-0.7177357704877618,"[-1.0443016126775149, -0.44026712074045093]",1.1333141646718907,1,1.1333141646718907,33,209.39104551036,moving,766,[],[],0.0,[],,2.475942954580113,0,0.0,[],0.0,0,0.0,,
341999,74,,122.87843872453637,46.96356529414596,34,1.942819089854107,0.5197701526618217,-0.1990434335598807,3.737842736649336,3.096925154846262,0.0432133566489973,0.0377976272357703,"[-1.1778499493162116, -0.43766079711896566]",1.2565339137639744,1,1.2565339137639744,34,217.443702886393,moving,762,[],[],0.0,[],,34.16659980210039,0,0.0,[],0.0,0,0.0,,
346766,74,,122.26765550969772,47.11339297059147,35,1.9058131589971996,0.5295428670455727,2.789820374975306,3.5989780574896955,3.071575153578764,0.5963196607578913,0.5531063041088939,"[-0.6107832148386336, 0.14982767644551132]",0.6288914597588977,1,0.6288914597588977,35,224.69148541764292,moving,770,[],[],0.0,[],,2.4175170164518853,0,0.0,[],0.0,0,0.0,,
345810,74,,121.79362985394177,47.20867393464051,36,1.9421028627382244,0.5298454292449583,2.725471645337631,3.6654140161325257,3.0652376532618866,0.0421936316600858,-0.5541260290978055,"[-0.4740256557559519, 0.09528096404903863]",0.4835067573726084,1,0.4835067573726084,36,231.9475312010657,moving,775,[],[],0.0,[],,10.49681887761068,0,0.0,[],0.0,0,0.0,,
345212,74,,120.4353874065619,47.75363895942366,37,1.933352567746726,0.5385280988869668,2.925112796385931,3.5900681352423223,3.082137654106889,0.183204050399802,0.1410104187397161,"[-1.3582424473798653, 0.5449650247831528]",1.463492201585423,1,1.463492201585423,37,239.36490424721708,moving,788,[],[],0.0,[],,10.732938111431713,0,0.0,[],0.0,0,0.0,,
353004,74,,119.79136222362165,47.880331450258815,38,1.9116652947633128,0.5456323047550222,3.108105091125033,3.5035779188726943,3.0863626543181257,0.187325108457269,0.0041210580574669,"[-0.6440251829402683, 0.1266924908351541]",0.6563683596085826,1,0.6563683596085826,38,246.35512425286612,moving,792,[802],[802],1.0,[802],[153.43494882292202],5.992122318331946,0,0.0,[802],1.0,0,0.0,[153.43494882292202],[26.565051177077976]
365534,74,,119.02504239379596,47.949222273571245,43,1.9688153382019729,0.5276847977089197,3.129072465515923,3.731044264966689,3.170862658543125,2.6654884691674288,0.8242325462316642,"[-0.15024636518691636, -0.12111729123891735]",0.1929854100416219,1,0.1929854100416219,43,281.49700202436327,moving,789,[],[],0.0,[],,7.853412364690993,0,0.0,[],0.0,0,0.0,,
386187,74,,118.07944372694612,47.90435720816556,44,1.999262993336367,0.526835973782608,0.2978906008216888,3.794849047573461,3.198325159916256,0.6310536666461172,-2.034434802521312,"[-0.9455986668498326, -0.04486506540568769]",0.9466624070079246,1,0.9466624070079246,44,289.9316686342344,moving,794,[],[],0.0,[],,8.506198835916392,0,0.0,[],0.0,0,0.0,,
365665,74,,117.54776380826554,47.798863513814645,45,1.9501805580627432,0.542625354835063,0.1898121617342602,3.5939724170381275,3.158187657909384,0.1484611765160499,-0.4825924901300672,"[-0.531679918680581, -0.10549369435091194]",0.5420446987804537,1,0.5420446987804537,45,298.0385061273956,moving,800,[],[],0.0,[],,12.070068965769336,0,0.0,[],0.0,0,0.0,,
370856,74,,116.97718802426556,47.55322096060586,46,1.9774494462927223,0.5234136116147308,0.300138248283924,3.777986285439333,3.208887660444385,0.2106624443954617,0.0622012678794117,"[-0.5705757839999848, -0.24564255320878203]",0.6212060763016783,1,0.6212060763016783,46,307.02207109381243,moving,789,[],[],0.0,[],,12.020433722648914,0,0.0,[],0.0,0,0.0,,
370030,74,,116.35279197835592,47.1109090368425,48,1.9407605155568817,0.5393258406760237,0.4324458637361958,3.598493469410282,3.1180501559025084,0.4631836277987062,0.3720233373144704,"[-0.11610623110718166, -0.16615158257183538]",0.2026992977122508,1,0.2026992977122508,48,326.92630177255063,moving,772,[],[],0.0,[],,14.608358202388676,0,0.0,[],0.0,0,0.0,,
370381,74,,115.30054612098168,46.71319827790946,51,1.997551162193024,0.5135340758977247,0.3224417417106542,3.88981229473632,3.191987659599386,0.586724328473762,0.1664373088832461,"[-0.2097619793838703, -0.1348915992777293]",0.249390921147388,1,0.249390921147388,51,354.0849715223513,moving,769,[],[],0.0,[],,4.39484787625149,0,0.0,[],0.0,0,0.0,,
382067,74,,114.77632427452724,46.46763904744172,52,1.9625724075422897,0.54633855924561,0.4718800684940496,3.5922275196029183,3.2173376608668924,0.1334169239830256,-0.4533074044907363,"[-0.5242218464544379, -0.24555923046774808]",0.57888503173602,1,0.57888503173602,52,361.01598088845617,moving,771,[],[],0.0,[],,,0,0.0,[],0.0,0,0.0,,
378747,74,,114.44087603497604,46.293970834190574,53,1.950385303063146,0.5461983144931344,0.5463451303539102,3.570837278897648,3.181425159071253,0.0396517602909746,-0.0937651636920509,"[-0.33544823955119796, -0.17366821325114046]",0.3777382290844302,1,0.3777382290844302,53,367.0110617406107,moving,764,[],[],0.0,[],,,0,0.0,[],0.0,0,0.0,,
280921,76,,108.44286280216178,3.243237342680725,8,1.65353157046144,0.4994929314057771,0.7476143743628718,3.3104203613206837,2.473737623686881,0.1603738484648976,-1.491870250850185,"[-0.1628816712236869, 0.10242224584536341]",0.1924077837942875,1,0.1924077837942875,8,6.808959701801303,moving,62,[],[],0.0,[],,,0,0.0,[],0.0,0,0.0,,
279693,76,,107.31829417231911,2.559921340593809,9,1.652173395947741,0.4899999183947425,0.7363330196005375,3.3717830022509405,2.4821876241093817,1.1073443926546818,0.946970544189784,"[-1.1245686298426563, -0.683316002086916]",1.315893370275204,1,1.315893370275204,9,8.244343004072675,moving,55,[38],[38],1.0,[38],[132.3808656211392],,0,0.0,[38],1.0,0,0.0,[132.3808656211392],[47.61913437886079]
279036,76,,106.8221778117998,2.2622938418681136,10,1.6347258449829156,0.5020251868509062,0.6917354077032285,3.256262609526012,2.492750124637511,0.0056504759391411,-1.1016939167155406,"[-0.4961163605193235, -0.29762749872569527]",0.57854435540644,1,0.57854435540644,10,9.679213728736103,moving,50,[41],[41],1.0,[41],[37.87498365109819],6.293360175979059,0,0.0,[39],1.0,0,0.0,[134.38740668038605],[45.61259331961395]
279600,76,,106.33600775770236,2.039021790105969,11,1.6529528813064012,0.5270169600728953,0.7893311686879974,3.136432044004371,2.623725131186256,0.1098398560847233,0.1041893801455821,"[-0.4861700540974567, -0.22327205176214449]",0.5349875985471081,1,0.5349875985471081,11,11.269258381627717,moving,47,[],[],0.0,[],,1.9079309326338416,0,0.0,[],0.0,0,0.0,,
279412,76,,105.84376719635875,1.832518564331476,12,1.6642061858734218,0.5307615495581193,0.7993060878085113,3.1355063064740496,2.6617501330874984,0.0332996766750899,-0.0765401794096333,"[-0.49224056134359273, -0.20650322577449298]",0.5338017913862096,1,0.5338017913862096,12,12.630843628870522,moving,42,[],[],0.0,[],,,0,0.0,[],0.0,0,0.0,,
278926,76,,105.37698002408024,1.2875298182700117,13,1.6335550396963474,0.5213223730399563,1.0113570551979565,3.1334834723679603,2.600487630024377,0.4653189511854589,0.4320192745103689,"[-0.4667871722785151, -0.5449887460614644]",0.7175674167194463,1,0.7175674167194463,13,15.469935850105664,moving,33,[],[],0.0,[],,,0,0.0,[],0.0,0,0.0,,
280813,77,,25.928089059193944,2.7760902725086027,0,1.6113734723701647,0.4782429840121537,2.513607668887779,3.3693614464592216,2.3575501178775022,,,"[0.0, 0.0]",0.0,0,0.0,0,0.0,moving,56,[],[],0.0,[],,,0,0.0,[],0.0,0,0.0,,
279296,77,,25.40770033489216,3.258803384773374,1,1.6157659689346124,0.4811640612765086,-0.678886427994157,3.3580354373268264,2.344875117243754,,,"[-0.5203887243017817, 0.4827131122647712]",0.7098002346666119,1,0.7098002346666119,1,0.3215926540966848,moving,56,[75],[],1.0,[75],[104.55642432007433],,0,0.0,[75],1.0,0,0.0,[104.55642432007433],[75.44357567992567]
287650,77,,25.02726316255482,3.339696248684158,2,1.5876200345069011,0.4918337979079998,2.592034278303609,3.2279604233377106,2.387125119356255,0.5383456496081397,,"[-0.3804371723373414, 0.08089286391078421]",0.3889422804578086,1,0.3889422804578086,2,1.0730622078105698,moving,59,[54],[],1.0,[54],[85.09762787938622],5.640559062861341,0,0.0,[54],1.0,0,0.0,[85.09762787938622],[85.09762787938622]
287396,77,,24.11913865734181,3.440973619643799,6,1.627536621578729,0.4825478975394235,0.2168775813495083,3.372798078445179,2.461062623053129,0.2452651295735329,-0.3588643030956472,"[-0.27404614813386985, 0.0546058505062188]",0.2794335166305546,1,0.2794335166305546,6,7.563442275143373,moving,71,[],[],0.0,[],,23.777848147327727,0,0.0,[],0.0,0,0.0,,
280372,77,,23.628458640598076,3.2870692431744613,7,1.6442381349905577,0.5037964318226453,0.4524916784186355,3.2636954752577307,2.484300124215004,0.5006188832727304,0.2553537536991975,"[-0.49068001674374173, -0.15390437646933774]",0.5142503630801385,1,0.5142503630801385,7,9.77008629935836,moving,65,[],[],0.0,[],,0.9913559124688156,0,0.0,[],0.0,0,0.0,,
280941,77,,23.036840252968283,3.0901990391926937,8,1.6354971999177912,0.4876288500847115,0.3428756395329482,3.353979567930959,2.4420501221025046,0.0173024247317127,-0.4833164585410176,"[-0.59161838762979, -0.19687020398176758]",0.6235143894069288,1,0.6235143894069288,8,12.468878245262244,moving,65,[],[],0.0,[],,9.133106103659784,0,0.0,[],0.0,0,0.0,,
279750,77,,22.09343978692552,2.936175212171551,9,1.6652171627546597,0.4931975442120757,0.5464327400801139,3.376369534473216,2.4103626205181308,0.1594027724428551,0.1421003477111423,"[-0.943400466042764, -0.1540238270211427]",0.9558910914010774,1,0.9558910914010774,9,15.762190998281527,moving,64,[],[],0.0,[],,48.11302272975316,0,0.0,[],0.0,0,0.0,,
279575,77,,21.440258862223363,1.91539073960125,11,1.6426778845806027,0.4925584867427878,0.7988600612323913,3.3349905215183164,2.4737376236868784,0.1740698033765167,-0.698520300150831,"[-0.14992408096474819, -0.17427097215389287]",0.229886062623612,1,0.229886062623612,11,21.756146005943727,moving,42,[],[],0.0,[],,,0,0.0,[],0.0,0,0.0,,
279400,77,,20.95955535804378,1.5721277449309032,12,1.6492527024414751,0.4903842539020467,0.6390425204628853,3.363184460590184,2.43993762199688,0.2402406308096577,0.0661708274331409,"[-0.4807035041795835, -0.3432629946703467]",0.5906820993060357,1,0.5906820993060357,12,26.13585290727623,moving,39,[],[],0.0,[],,,0,0.0,[],0.0,0,0.0,,
297381,80,,121.88384352026388,106.12474190831432,1,2.99941395914154,0.5461520701763545,-0.3831968021770475,5.491902572433752,5.029862751493149,,,"[0.020732345794911566, 0.08466810124653534]",0.0871694759124623,1,0.0871694759124623,1,0.982816273606236,moving,1621,[],[],0.0,[],,,0,0.0,[],0.0,0,0.0,,
303569,80,,122.32248081671472,106.36980715057148,2,3.056798510171732,0.5266499435560208,-0.4051848140123378,5.804232104406509,4.907337745366872,0.8211597297107098,,"[0.4386372964508496, 0.24506524225714088]",0.5024536304976427,1,0.5024536304976427,2,1.9222303125741125,moving,1632,[],[],0.0,[],,,0,0.0,[],0.0,0,0.0,,
305941,80,,123.96090623663378,106.70718531018082,3,3.002615423873748,0.5424146589856746,-0.0116536925370118,5.535645790784293,4.892550244627504,0.3064180835380654,-0.5147416461726444,"[1.6384254199190451, 0.3373781596093437]",1.6728006095223324,1,1.6728006095223324,3,2.890394622088305,moving,1659,[],[],0.0,[],,69.28993374765656,0,0.0,[],0.0,0,0.0,,
305233,80,,124.03505745650816,107.17144580381948,5,3.1059524228300446,0.5432975329919351,0.4376461794307387,5.716853536450994,4.890437744521887,1.1864145778528377,-0.5137243587502187,"[0.1802126715117538, 0.15704192649208437]",0.2390371804756501,1,0.2390371804756501,5,4.383877395741298,moving,1653,[1686],[],1.0,[1686],[133.8163713072713],22.139599562345055,0,0.0,[1686],1.0,0,0.0,[133.8163713072713],[46.18362869272869]
303934,80,,124.35579701242176,107.70075413320322,6,3.0366995806812245,0.4899505525498557,0.131416427305762,6.197971539938656,4.64327523216376,0.3092042161991551,-0.8772103616536825,"[0.32073955591357617, 0.5293083293837526]",0.618903199444515,1,0.618903199444515,6,5.379465923393107,moving,1669,[1670],[1670],1.0,[1670],[0.4795087193385541],9.38441938649581,0,0.0,[1683],1.0,0,0.0,[150.21077749581252],[29.789222504187478]
297307,80,,125.46268570828056,108.99224734848694,7,2.0586199957862803,0.498936075068309,2.886493892879537,4.126019541690659,3.143400157170003,0.163789016682396,-0.1454151995167591,"[1.1068886958588138, 1.2914932152837224]",1.7009283671406956,1,1.7009283671406956,7,6.111077734566152,moving,1701,[],[],0.0,[],,145.55748818677742,1,0.0,[],0.0,0,0.0,,
297656,80,,124.44010631358812,108.71903422965792,9,3.1141062780460187,0.5163885844202037,-0.3660318791228207,6.030548257650792,4.793262739663135,1.9674474480738904,-0.8086220183036175,"[-0.026754855864311367, 0.2665411996148208]",0.2678806327535229,1,0.2678806327535229,9,7.355838323647595,moving,1695,[1683],[1683],1.0,[1683],[154.2447292398329],74.20867689959748,0,0.0,[1683],1.0,0,0.0,[154.2447292398329],[25.755270760167093]
327314,80,,124.42642721780012,107.77757635515054,15,3.110370659562631,0.5060751702467264,0.0541659540909278,6.14606454224228,4.732000236600021,1.355354441560609,-0.5328227179691141,"[0.11170408651791774, -0.22586228744143]",0.2519753476693258,1,0.2519753476693258,15,13.636422894537006,moving,1704,[1688],[],1.0,[1688],[115.79037591171453],76.44154027734928,0,0.0,[1716],1.0,1,1.0,[154.46664689291978],[25.533353107080217]
325647,80,,123.75536729702736,107.6260261091251,18,3.0915712926894123,0.4933645937494386,0.3358018510759478,6.266301497629368,4.630600231529999,0.7473819194263124,-1.84329940437097,"[0.2671600867157764, 0.08394807214702382]",0.2800389093522239,1,0.2800389093522239,18,17.251307009931637,moving,1713,[],[],0.0,[],,51.42149583895636,0,0.0,[],0.0,0,0.0,,
325330,80,,123.68686831481082,107.48465972684168,23,3.062662096718729,0.5168116798010486,0.3398161125345044,5.9260698169548505,4.681300234065001,0.54220723585187,0.13289584123886,"[-0.20223159336622132, -0.11572603075831012]",0.2330024282073344,1,0.2330024282073344,23,25.777920767351763,moving,1710,[],[],0.0,[],,62.83661957747703,0,0.0,[],0.0,0,0.0,,
331009,80,,123.23180109971447,107.47424615510512,25,3.1641728953828387,0.5285419874863878,0.3778641424236681,5.986606495409846,4.905225245261256,0.696293636138105,0.3163340384027496,"[-0.07029874516892676, 0.04373096013929967]",0.0827907630538016,1,0.0827907630538016,25,27.821008314825317,moving,1727,[1701],[],1.0,[1701],[135.72182858157294],20.04532389510037,0,0.0,[1701],1.0,0,0.0,[135.72182858157294],[44.278171418427064]
349274,80,,123.12520932723496,107.43256720662951,28,3.160874932784714,0.5117631774011813,0.373639784686342,6.176440729550266,4.856637742831875,1.8111817574302485,0.2938504013073721,"[0.22168420009685974, 0.1120227828716196]",0.2483807328576163,1,0.2483807328576163,28,26.98743135688377,moving,1725,[],[],0.0,[],,17.9912338289877,0,0.0,[],0.0,0,0.0,,
351957,80,,122.42511059942868,107.39140290651432,31,3.130604969811758,0.5002704210393628,0.276851658337198,6.2578254443019175,4.7636877381843945,2.486062634661928,2.324830209537381,"[0.0534702852503699, 0.04252767378601163]",0.0683203808713428,1,0.0683203808713428,31,27.18608724051602,moving,1733,[],[],0.0,[],,20.977088294763377,0,0.0,[],0.0,0,0.0,,
353390,80,,121.91903699721402,107.16245428485162,32,3.16193550782698,0.4825145757269818,0.0702561228181491,6.553036254009616,4.801712740085609,2.894542061791652,0.4084794271297238,"[-0.5060736022146557, -0.22894862166270968]",0.5554529342975624,1,0.5554529342975624,32,27.651919606523236,moving,1741,[1744],[1744],1.0,[1744],[160.68710189304173],65.1623716335767,0,0.0,[1744],1.0,0,0.0,[160.68710189304173],[19.312898106958272]
354605,80,,121.91615266166012,106.82897111555548,33,3.1356121365937097,0.511179039171374,3.1233041568722726,6.134078075025467,4.8312877415643865,1.1372979334140882,-1.7572441283775635,"[-0.0028843355538867854, -0.3334831692961302]",0.3334956425433155,1,0.3334956425433155,33,28.0688766590088,moving,1734,[1739],[1739],1.0,[1739],[14.470294100065882],77.11733969712847,0,0.0,[1739],1.0,0,0.0,[14.470294100065882],[14.470294100065882]
350175,80,,120.7355824790962,106.5696842477234,34,1.7761357377069866,0.4894889659006353,0.135980734565394,3.6285511246182742,2.4547251227362423,1.3459514880938492,0.208653554679761,"[-1.180570182563926, -0.2592868678320883]",1.2087082508981215,1,1.2087082508981215,34,28.62532828662073,moving,1740,[1746],[1746],1.0,[1746],[3.7713225986591112],170.61857506451523,1,1.0,[1739],1.0,1,1.0,[152.81501365044255],[27.184986349557448]
356248,80,,123.44097114991224,106.71173705617409,35,3.109003487459061,0.5192270586959757,-0.0328862445880426,5.987753210064277,4.939025246951265,2.977855899936876,1.6319044118430268,"[2.7053886708160206, 0.14205280845068557]",2.7091155125923296,1,2.7091155125923296,35,29.5535779481794,moving,1749,[],[],0.0,[],,5.894872357916222,0,0.0,[],0.0,0,0.0,,
356333,80,,124.4172815426132,106.66246410253083,36,3.111121893249565,0.5128258520290764,3.039238874227209,6.066624529438054,5.021412751070628,0.1028849316304288,-2.8749709683064477,"[0.9763103927009666, -0.04927295364323925]",0.9775529688240144,1,0.9775529688240144,36,30.522217771367963,moving,1746,[1727],[1727],1.0,[1727],[5.946172094041154],5.579898673372691,0,0.0,[1727],1.0,0,0.0,[5.946172094041154],[5.946172094041154]
356971,80,,125.83260278348804,106.45172367578,37,3.1587159882217644,0.5357577220139154,3.026964879613195,5.89579180743889,5.053100252655004,0.0973876037780525,-0.0054973278523763,"[1.4153212408748317, -0.2107404267508599]",1.4309247857028011,1,1.4309247857028011,37,32.012761891935085,moving,1745,[],[],0.0,[],,130.45934000818812,0,0.0,[1721],1.0,0,0.0,[15.683272129185202],[15.683272129185202]
359235,80,,125.41785644431734,106.09027952411228,38,3.190035202403014,0.5108042685366442,-0.4073894340282428,6.245122444927585,5.181962759098127,2.27694502312163,2.1795574193435776,"[-0.4147463391706907, -0.3614441516677118]",0.550142164017885,1,0.550142164017885,38,33.38351052537864,moving,1734,[],[],0.0,[],,120.41628882809812,0,0.0,[],0.0,0,0.0,,
358836,80,,126.58066439640976,105.70093561354228,39,3.237826859160772,0.5167517512539924,2.703278288268628,6.265729823466673,5.053100252654994,2.1016607130827825,-0.1752843100388474,"[1.162807952092436, -0.3893439105699912]",1.2262589506899992,1,1.2262589506899992,39,35.45813113643208,moving,1728,[],[],0.0,[],,8.720357815143737,0,0.0,[],0.0,0,0.0,,
361653,80,,127.64419175967828,105.15359419303748,41,3.189144759497048,0.4953118346471904,-0.4168300776499756,6.438660529419146,4.98338774916937,0.0428488436294381,-0.1075545439595307,"[0.04360122858410875, -0.02475351658537761]",0.0501378471554799,1,0.0501378471554799,41,37.77016712050416,moving,1714,[],[],0.0,[],,178.95329933638178,0,0.0,[],0.0,0,0.0,,
370828,80,,126.76047266246512,105.62901397576256,43,1.5551648917151997,0.5543564061149666,-0.4737013552613049,2.8053520705462502,2.515987625799397,0.6590895136541061,-2.445460630158128,"[-0.09742905973678262, -0.010336491333148956]",0.0979758375022832,1,0.0979758375022832,43,39.166175273777824,moving,1730,[1714],[],1.0,[1714],[0.0],174.18810163854377,0,0.0,[],0.0,0,0.0,,
369783,80,,127.79622811934206,104.92798970756496,45,3.1299747539346674,0.5545866303450304,2.555655725365631,5.643797709272914,5.124925256246245,0.0099851148961014,-2.431229428725805,"[0.033053117573729196, -0.022839996927658035]",0.0401767848514312,1,0.0401767848514312,45,41.36262313534319,moving,1732,[],[],0.0,[],,179.95375988482976,0,0.0,[],0.0,0,0.0,,
378912,80,,126.65898668298094,105.699041104033,46,1.5784095949680772,0.5121858469613317,2.556409153550649,3.08171263288976,2.499087624954377,3.1327353345280624,3.122750219631961,"[-1.1372414363611227, 0.7710513964680388]",1.373986295627443,1,1.373986295627443,46,42.20958714353777,moving,1744,[1717],[1717],1.0,[1717],[3.974888548571254],100.97604415866417,0,0.0,[],0.0,0,0.0,,
381723,80,,126.44971530741871,105.2098617948386,47,1.584358649613718,0.5321235735024411,2.4578108537567656,2.9774261628468333,2.562462628123134,1.7623644362078874,-1.370370898320175,"[-0.2092713755622242, -0.4891793091944123]",0.5320628770865601,1,0.5320628770865601,47,44.82961192475607,moving,1747,[1713],[],1.0,[1713],[0.0],67.4169617639805,0,0.0,[],0.0,0,0.0,,
376730,80,,128.34954786038975,103.26001565198008,48,3.2208310617106184,0.5057776511515897,0.049020183311249,6.368077067812717,4.983387749169359,1.1766479544725734,-0.585716481735314,"[1.8998325529710343, -1.9498461428585188]",2.722363625629148,1,2.722363625629148,48,47.70696555559476,moving,1716,[],[],0.0,[],,72.64967468031642,0,0.0,[],0.0,0,0.0,,
384258,80,,129.45046939749463,103.81867431692751,49,3.2993239095511893,0.5042513203468703,0.2160898933865707,6.543014914232871,5.015075250753753,1.2679760236742903,0.0913280692017171,"[1.100921537104881, 0.5586586649474441]",1.23455568314363,1,1.23455568314363,49,48.82892280278923,moving,1716,[],[],0.0,[],,27.549843580996132,0,0.0,[],0.0,0,0.0,,
383217,80,,129.95934004011275,103.81295003652708,50,3.2821835386145306,0.5078886230156705,0.1332016696044475,6.462408075073698,5.09112525455626,0.4808354788978176,-0.7871405447764729,"[0.5088706426181204, -0.005724280400428938]",0.5089028377840721,1,0.5089028377840721,50,48.954079111784246,moving,1721,[],[],0.0,[],,143.84393790002514,1,0.0,[],0.0,0,0.0,,
375941,80,,129.61915087967148,103.5701918070226,51,3.168794871464791,0.5172205250609268,3.038860996453299,6.126583764423344,4.996062749803127,2.5105503253897243,2.0297148464919066,"[-0.3401891604412697, -0.24275822950447434]",0.4179237046087276,1,0.4179237046087276,51,47.36176759136487,moving,1715,[],[],0.0,[],,29.4374430329585,0,0.0,[],0.0,0,0.0,,
386773,80,,126.86766369657556,103.27739928771555,52,1.7074833627104675,0.5037871244179326,0.2018902988872466,3.389295358993674,2.522325126116252,0.5137803042933644,-1.99677002109636,"[-2.751487183095932, -0.2927925193070422]",2.767021716232699,1,2.767021716232699,52,47.09168037287967,moving,1717,[1734],[1734],1.0,[1734],[1.2128756770890448],173.9715318042595,0,0.0,[],0.0,0,0.0,,
383984,80,,128.39720191162326,103.27861816200476,53,3.305925582272264,0.5000024524522461,0.1223752365353643,6.611818734205118,4.989725249486254,3.036376034722354,2.5225957304289897,"[1.5295382150477081, 0.00121887428919365]",1.5295387007022283,1,1.5295387007022283,53,52.7137308756029,moving,1728,[],[],0.0,[],,131.0125205826055,0,0.0,[],0.0,0,0.0,,
390611,80,,128.15510523065996,103.55654805586208,54,1.6275836156743002,0.533985570181304,0.0545356667021092,3.047991755885252,2.570912628545644,2.286599845503316,-0.7497761892190384,"[-0.24209668096330006, 0.27792989385731914]",0.3685862569779109,1,0.3685862569779109,54,57.96523372243605,moving,1728,[1732],[1732],1.0,[1732],[1.2441352710689841],111.31021340110846,0,0.0,[],0.0,0,0.0,,
391854,80,,129.53543768237168,104.05208271777978,55,3.2819377798081093,0.5278996192410476,0.3252515411203061,6.216973189953227,5.198862759943125,1.942729714946858,-0.3438701305564575,"[1.3803324517117233, 0.4955346619177021]",1.466585244167685,1,1.466585244167685,55,65.89405836869253,moving,1732,[],[],0.0,[],,0.8039420336403474,0,0.0,[],0.0,0,0.0,,
397985,80,,130.95080699628426,104.5827296309326,56,1.6205507309293452,0.5102667636848389,0.4555514043928809,3.175889252959971,2.496975124848744,0.0140314354821872,-1.9286982794646708,"[1.4153693139125778, 0.5306469131528075]",1.5115741600080244,1,1.5115741600080244,56,73.88196141225578,moving,1743,[1721],[1721],1.0,[1721],[0.0],175.82382496621042,0,0.0,[],0.0,0,0.0,,
398268,80,,130.25291957546858,104.37765134449133,57,3.304839582474346,0.4967066209607529,0.4772548356445842,6.653504187405378,5.065775253288781,3.0687046491105705,3.054673213628383,"[-0.6978874208156753, -0.2050782864412639]",0.7273953228488897,1,0.7273953228488897,57,80.49985381512816,moving,1731,[],[],0.0,[],,170.55335930767606,0,0.0,[],0.0,0,0.0,,
399197,80,,131.3493164704897,104.9081985933555,58,1.5965675598927285,0.5219538779867141,0.6100602664546689,3.0588288107965123,2.499087624954386,2.9767176702558453,-0.0919869788547251,"[1.0963968950211154, 0.5305472488641669]",1.2180174607489331,1,1.2180174607489331,58,87.48928359920882,moving,1763,[1731],[],1.0,[1731],[8.569141879837645],,0,0.0,[],0.0,0,0.0,,
400123,80,,130.75668375534528,103.89269331039574,59,1.6441950765190938,0.5302480476469652,0.5320478035537914,3.100803640513893,2.5476751273837563,2.549743274662052,-0.4269743955937932,"[-0.5926327151444184, -1.0155052829597508]",1.1757825116825853,1,1.1757825116825853,59,83.70687624880243,moving,1747,[],[],0.0,[],,,0,0.0,[],0.0,0,0.0,,
301359,82,,13.633763715329373,106.49057262111006,0,1.6334568791191055,0.524549917257548,2.040176641720623,3.1140160838441178,2.5666876283343725,,,"[0.0, 0.0]",0.0,0,0.0,0,0.0,moving,1629,[],[],0.0,[],,,0,0.0,[],0.0,0,0.0,,
297633,82,,12.533631559908205,107.92284728895194,1,1.6373051163034569,0.5196159655507557,2.12329773855944,3.150990779446183,2.5645751282287543,,,"[-1.100132155421166, 1.432274667841881]",1.806018129347873,1,1.806018129347873,1,4.395897199905298,moving,1645,[],[],0.0,[],,,0,0.0,[],0.0,0,0.0,,
303772,82,,11.429715251728876,108.78931768571545,2,1.702624255471683,0.5035912555308577,-0.9249601263390732,3.380964694624953,2.5878126293906307,0.2503414229434914,,"[-1.103916308179329, 0.8664703967635035]",1.4033538983206562,1,1.4033538983206562,2,10.59169490604169,moving,1672,[],[],0.0,[],,15.652938108985932,0,0.0,[],0.0,0,0.0,,
305977,82,,10.48819927536294,110.07486569047016,3,1.6360445987907617,0.5096454066803253,2.1566267566865465,3.2101625509537244,2.5688001284400004,0.2731953076126995,0.022853884669208,"[-0.9415159763659364, 1.285548004754716]",1.593450973918286,1,1.593450973918286,3,17.712076640963115,moving,1696,[],[],0.0,[],,40.44139269856063,0,0.0,[],0.0,0,0.0,,
302185,82,,10.802812020669874,114.33575225887404,4,2.4150402365642503,0.5148147034778312,0.9602349875187296,4.691086366122497,3.817287690864381,0.7058354566818774,0.4326401490691779,"[0.3146127453069347, 4.26088656840389]",4.272485872219385,1,4.272485872219385,4,24.840430039032235,moving,1779,[1731],[],1.0,[1731],[68.00101964323146],142.93717848476,1,1.0,[],0.0,0,0.0,,
305310,82,,8.754234100886245,112.00273325274672,5,1.7031742589987435,0.5007015670291419,2.127948605979516,3.40157565134925,2.5666876283343805,2.494724388069864,1.7888889313879863,"[-2.0485779197836287, -2.33301900612733]",3.1047784423975204,1,3.1047784423975204,5,26.55420017595183,moving,1731,[1695],[1695],1.0,[1695],[23.12084866242472],60.79956667529963,0,0.0,[],0.0,0,0.0,,
304168,82,,8.946511867313244,111.46017405647892,6,1.673376360373912,0.5207881325292321,2.164418418954244,3.2131614678834577,2.600487630024381,1.0611526222698058,-1.4335717658000582,"[0.192277766426999, -0.5425591962677885]",0.5756224638744601,1,0.5756224638744601,6,36.027886781008235,moving,1719,[],[],0.0,[],,135.10349791466578,1,0.0,[],0.0,1,0.0,,
297652,82,,8.593982152452256,111.6289997803282,7,1.683848985837006,0.4987117145079887,2.2315495801101237,3.3763974995017545,2.573025128651259,2.358000869572186,1.29684824730238,"[-0.3525297148609887, 0.16882572384926675]",0.3908699590569719,1,0.3908699590569719,7,52.79031877863555,moving,1738,[],[],0.0,[],,10.04546105468896,0,0.0,[],0.0,0,0.0,,
299435,82,,7.236666847583384,112.60200111437103,8,1.7085203733037186,0.4913376479029605,2.2831371861679965,3.4772836573702826,2.4843001242150056,0.175326370285217,-2.182674499286969,"[-1.3573153048688713, 0.9730013340428343]",1.6700408476682276,1,1.6700408476682276,8,78.50703301048965,moving,1759,[],[],0.0,[],,6.590084576574426,0,0.0,[],0.0,0,0.0,,
298486,82,,5.778294638870145,113.925541823339,9,1.7413294455807868,0.5078024238751244,2.2092289575715465,3.429147565488982,2.583587629179384,0.1150186738461201,-0.0603076964390968,"[-1.4583722087132394, 1.3235407089679683]",1.969418570909334,1,1.969418570909334,9,109.4528197639473,moving,1782,[],[],0.0,[],,,0,0.0,[],0.0,0,0.0,,
296772,82,,4.881931657318,114.50843508954314,10,1.713525789835223,0.5014167522766352,2.1717147765911653,3.4173684506054527,2.545562627278133,0.1603918636328386,0.0453731897867185,"[-0.8963629815521452, 0.5828932662041382]",1.069219881260716,1,1.069219881260716,10,140.88068293434333,moving,1807,[],[],0.0,[],,,0,0.0,[],0.0,0,0.0,,
305504,83,,43.72867494513865,87.1953192682937,3,2.747865914438329,0.5433925290380346,0.3529659330518055,5.05687098661968,4.50807522540376,2.418744392128654,0.9270012333529948,"[0.27998918459257993, -0.15084115290700595]",0.3180361565909331,1,0.3180361565909331,3,1.616857336707187,moving,1367,[],[],0.0,[],,,0,0.0,[],0.0,0,0.0,,
296008,83,,44.970973346498745,87.58812444331676,4,2.7592929374185267,0.5332133838598548,0.6231856307867373,5.174838105983767,4.486950224347501,0.8004017222034109,-1.6183426699252434,"[1.2422984013600953, 0.39280517502305656]",1.302920267532416,1,1.302920267532416,4,2.55992663761101,moving,1376,[],[],0.0,[],,,0,0.0,[],0.0,0,0.0,,
302093,83,,45.883871761133385,88.41701583824783,6,2.7622985690353947,0.5349078162869296,0.7556829623249859,5.164064694754192,4.49540022477001,0.3983213556658913,0.0306480146007797,"[0.09613728310632297, 0.17658347350582915]",0.2010574552670185,1,0.2010574552670185,6,4.623370358989914,moving,1368,[],[],0.0,[],,22.388848060170716,0,0.0,[],0.0,0,0.0,,
292393,83,,46.023981353177255,88.71245310792662,7,2.819017743005684,0.5413856042338621,0.7957839098818572,5.207042302122155,4.588350229417497,0.0557245237007376,-0.3425968319651536,"[0.14010959204387063, 0.2954372696787857]",0.3269768770080775,1,0.3269768770080775,7,5.725386779673682,moving,1383,[],[],0.0,[],,25.532770894202457,0,0.0,[],0.0,0,0.0,,
295452,83,,46.02240523281247,89.27556699553473,12,2.769204392572984,0.5494523157612543,0.9247486495741024,5.039935792674404,4.588350229417513,2.867421193207265,0.7625391349007606,"[-0.05756862163449483, 0.2532937660527921]",0.2597534949102749,1,0.2597534949102749,12,13.27360334125816,moving,1380,[],[],0.0,[],,27.49464898852232,0,0.0,[],0.0,0,0.0,,
288893,83,,46.46802214018542,90.13766791377093,13,2.788708730469542,0.5299482598422324,0.9657888240546604,5.262228299984892,4.548212727410638,0.7005567927471414,-2.166864400460124,"[0.44561690737295123, 0.8621009182361803]",0.9704599019847748,1,0.9704599019847748,13,15.287245159190208,moving,1401,[],[],0.0,[],,13.97805588319153,0,0.0,[],0.0,0,0.0,,
331529,83,,47.12180042047556,90.88152499932306,14,2.830906217355589,0.5296758896336377,0.9128776179925446,5.344600863961638,4.647500232375007,0.24396309818944,-0.4565936945577014,"[0.6537782802901404, 0.7438570855521505]",0.990327927257064,1,0.990327927257064,14,17.211184566501856,moving,1417,[],[],0.0,[],,21.995732942519854,0,0.0,[],0.0,0,0.0,,
349979,83,,48.16076896858486,91.40388837842448,32,2.933451710657238,0.5148260655922018,0.907722613238558,5.697947145086571,4.61792523089626,1.5395590307349876,1.1578072164880142,"[0.014837024023485412, -0.011006145024680336]",0.018473562465799,1,0.018473562465799,32,33.649318235317594,moving,1460,[],[],0.0,[],,153.03861740149006,1,0.0,[],0.0,1,0.0,,
351480,83,,47.597880354725966,90.63891565357432,33,2.83977750641179,0.5387643328996627,1.0880888862154792,5.270908508601401,4.670737733536877,1.5669315256209944,0.0273724948860067,"[-0.5628886138588953, -0.7649727248501534]",0.9497509470259332,1,0.9497509470259332,33,33.35086311282829,moving,1439,[],[],0.0,[],,5.943002967769881,0,0.0,[],0.0,0,0.0,,
357683,83,,47.11646720564404,90.10965824462508,39,2.7800973886375537,0.5463576858695504,1.0028906726710374,5.088420023254393,4.51863772593188,3.0707895237010105,0.3717182066459861,"[-0.02732506357784814, 0.012546929222509107]",0.0300679984775857,1,0.0300679984775857,39,33.44825723411813,moving,1463,[],[],0.0,[],,25.755439747201972,0,0.0,[],0.0,0,0.0,,
362268,83,,46.6480546717303,89.92083635010002,40,2.883062425331782,0.5135661890258632,1.1224043249149496,5.613808866195806,4.579900228995012,0.813640641332285,-2.2571488823687256,"[-0.4684125339137353, -0.1888218945250486]",0.5050386220671789,1,0.5050386220671789,40,32.65679103773564,moving,1466,[1443],[1443],1.0,[1443],[27.448153178564738],2.814530248753793,0,0.0,[1440],1.0,0,0.0,[12.025991859826078],[12.025991859826078]
369067,83,,46.07047841764698,89.7203771300935,43,2.868085303020808,0.5385332231123696,0.9062116219600244,5.325735126321737,4.677075233853751,1.1150566607377383,-0.5489874766602649,"[-0.21585865799993798, -0.02862222433128636]",0.2177480010452556,1,0.2177480010452556,43,28.170423024447448,moving,1451,[],[],0.0,[],,23.68050564081954,0,0.0,[],0.0,0,0.0,,
368333,83,,44.64988715289969,88.40393489221705,45,2.881901196029828,0.5305787487303006,0.6065498885431158,5.431618214876397,4.649612732480637,0.6813242108971378,-0.0098224075999743,"[-0.22996131187117896, -0.032793753907768064]",0.2322878284647667,1,0.2322878284647667,45,22.93526920658983,moving,1463,[1440],[1440],1.0,[1440],[51.032656568129866],12.047222156339195,0,0.0,[1440],1.0,0,0.0,[51.032656568129866],[51.032656568129866]
376906,83,,44.1619463074466,87.71048716543552,46,2.85205711633232,0.521678663324768,0.799595054591914,5.467076414733084,4.639050231952506,0.8159779526401137,0.1346537417429759,"[-0.4879408454530889, -0.6934477267815282]",0.8479127422323267,1,0.8479127422323267,46,20.71885334285765,moving,1438,[1427],[1427],1.0,[1427],[50.21975561949057],4.505820559212327,0,0.0,[1427],1.0,0,0.0,[50.21975561949057],[50.21975561949057]
380064,83,,43.38174870359127,86.76865455016905,47,2.9133916991816773,0.5359243383090834,0.8356796026275392,5.436199647834315,4.805937740296885,0.0786414042623072,-0.7373365483778065,"[-0.7801976038553278, -0.9418326152664775]",1.2230114374940602,1,1.2230114374940602,47,19.53605764128284,moving,1425,[1392],[],1.0,[1392],[98.58362148011396],11.97296502185323,0,0.0,[1392],1.0,0,0.0,[98.58362148011396],[81.41637851988604]
375202,83,,42.7024783712378,86.23047840027499,48,2.8565796397900383,0.5435289784931013,0.953463303868424,5.255616080875244,4.653837732691887,0.2089676608574595,0.1303262565951523,"[-0.6792703323534752, -0.5381761498940563]",0.8666266512924643,1,0.8666266512924643,48,19.346134609404437,moving,1407,[],[],0.0,[],,82.0276247431637,0,0.0,[],0.0,0,0.0,,
384974,83,,42.84362986236571,85.99005406966873,52,2.891117700157445,0.5395057633630527,1.3136907382516068,5.358826349018831,4.712987735649378,1.6558864672683704,0.7713290259946974,"[0.1277856572149645, -0.1644774959586357]",0.2082835107892207,1,0.2082835107892207,52,16.680454527249456,moving,1395,[1378],[],1.0,[1378],[74.67220039244059],25.59491907115204,0,0.0,[1378],1.0,0,0.0,[74.67220039244059],[74.67220039244059]
382301,83,,42.89385774962299,85.39464629129927,53,2.853744019932708,0.5291977809698892,1.4396468342251745,5.3925850080143904,4.645387732269377,0.5763481886173796,-1.0795382786509908,"[0.05022788725727878, -0.5954077783694629]",0.5975226047616855,1,0.5975226047616855,53,15.68613494098089,moving,1389,[1375],[1375],1.0,[1375],[59.44115389671224],5.445129389525651,0,0.0,[1375],1.0,0,0.0,[59.44115389671224],[59.44115389671224]
391510,83,,43.01517860828103,84.724875855489,55,2.9165531768056163,0.5125409320012551,-1.5564805265490929,5.69038099146094,4.60102523005125,0.4242830711538137,0.2275244834037704,"[-0.023989134363439746, -0.16618118007971816]",0.1679037318828705,1,0.1679037318828705,55,12.81091493520778,moving,1377,[1353],[1353],1.0,[1353],[27.203062439036813],,0,0.0,[1353],1.0,0,0.0,[27.203062439036813],[27.203062439036813]
396516,83,,43.079622357765565,84.28668803074737,56,2.8730529864265657,0.5360912054757819,1.453773368503534,5.35926155303504,4.662287733114383,0.2893869461406245,-0.1348961250131892,"[0.06444374948453913, -0.4381878247416324]",0.4429013057097818,1,0.4429013057097818,56,12.338145860762154,moving,1360,[],[],0.0,[],,,0,0.0,[],0.0,0,0.0,,
279374,84,,79.20145757454344,4.301839867990057,1,1.5807385333910526,0.5053455065559661,2.701356164936753,3.128035201429042,2.410362620518134,,,"[-0.11000383614502596, 0.2983634106353019]",0.3179961772923559,1,0.3179961772923559,1,1.0220625137855106,moving,74,[95],[],1.0,[95],[28.321211238008793],,0,0.0,[59],1.0,0,0.0,[16.24563304547429],[16.24563304547429]
288417,84,,79.01892794192153,5.481737919683891,2,1.2470851866728336,0.5250081393750113,2.6881886829189554,2.375363528949111,1.930825096541254,0.1997450195623183,,"[-0.18252963262190747, 1.1798980516938338]",1.1939331971161509,1,1.1939331971161509,2,2.5231813343305527,moving,98,[83],[],1.0,[83],[7.830127191852068],,0,0.0,[],0.0,0,0.0,,
287159,84,,79.50757990976797,4.161941662490124,3,1.592901318986372,0.4914132979762045,2.716695244564497,3.241469706958366,2.439937621996882,2.9404774181651816,2.740732398602863,"[0.4886519678464367, -1.319796257193767]",1.40735315617043,1,1.40735315617043,3,4.311939291659879,moving,79,[100],[],1.0,[100],[25.24709438564459],128.7309022288186,0,0.0,[],0.0,0,0.0,,
292788,84,,79.10058566545943,4.297440532967999,5,1.633439276948207,0.5082165821372858,2.614452674205745,3.214061355650457,2.4821876241093825,0.5872631314666887,-1.5344050954050323,"[-0.06843646028657702, 0.06818218547828803]",0.0966041381781955,1,0.0966041381781955,5,8.382244945300421,moving,82,[110],[110],1.0,[110],[25.24709438564459],15.114002326254791,0,0.0,[],0.0,0,0.0,,
287554,84,,78.19545224013545,4.897170049079644,6,1.6503888828835962,0.5091602845832586,2.399936643702234,3.2413935903001923,2.5920376296018803,0.1983641616353896,-0.3888989698312991,"[-0.9051334253239816, 0.5997295161116449]",1.0857909606062446,1,1.0857909606062446,6,10.796099189999657,moving,87,[118],[118],1.0,[118],[23.54932979100294],13.989208849690376,0,0.0,[],0.0,0,0.0,,
281158,84,,77.77749616742982,5.353563103220913,8,1.6009780884478426,0.5072905041224007,-0.8229048790968398,3.155939398505976,2.4378251218912608,0.3128709067348857,0.1554276963053193,"[-0.08581326727895089, 0.1515198046868642]",0.1741326162826313,1,0.1741326162826313,8,15.551768019145122,moving,95,[135],[],1.0,[135],[21.801409486351815],19.035050578817497,0,0.0,[],0.0,0,0.0,,
280190,84,,76.92812583245254,7.311857367205877,9,1.6009291597183295,0.4864961710145061,2.1660518365670884,3.290733319400768,2.420925121046244,0.1060679428957907,-0.2068029638390949,"[-0.8493703349772801, 1.958294263984964]",2.13455999922603,1,2.13455999922603,9,17.926641341784084,moving,131,[164],[164],1.0,[164],[40.206686753400646],48.221490707344365,0,0.0,[],0.0,0,0.0,,
279342,84,,77.20585508789063,7.913644349639314,10,1.6247854485096769,0.4966847431980615,2.2552265960683595,3.271261037832535,2.4864126243206286,0.8416237830630081,0.7355558401672174,"[0.27772925543808924, 0.6017869824334374]",0.6627828539970974,1,0.6627828539970974,10,19.994154435978057,moving,139,[174],[],1.0,[174],[29.958670526819347],70.38366871758666,0,0.0,[],0.0,0,0.0,,
280197,84,,76.66048444801268,8.447524552539805,11,1.634154755824129,0.4953424216831126,2.2205347057617217,3.299040591499254,2.4589501229475097,1.2284267587548223,0.3868029756918142,"[-0.5453706398779445, 0.533880202900491]",0.7631888402551155,1,0.7631888402551155,11,22.19800872858328,moving,145,[184],[],1.0,[184],[8.123184245096013],6.414173666640568,0,0.0,[],0.0,0,0.0,,
325620,84,,75.41403493739017,9.420511487270874,14,1.6199791466977205,0.5115660362106064,2.028952589519613,3.166705824916789,2.503312625165629,0.2564921494355414,0.2060069876765293,"[-0.021556993240650968, 0.010416173718773791]",0.0239416088122153,1,0.0239416088122153,14,27.427315057023296,moving,162,[],[],0.0,[],,107.51391557034404,0,0.0,[],0.0,0,0.0,,
308473,84,,75.269526271982,9.03322109303921,19,1.6599619674921575,0.5110685495032522,3.101092049425774,3.2480221471378066,2.5983751299187525,0.6696395787568347,-0.9529325367866116,"[-0.14100777463255554, -0.19404201581077807]",0.2398655798707597,1,0.2398655798707597,19,35.842650172878585,moving,171,[],[],0.0,[],,59.38654767272002,0,0.0,[],0.0,0,0.0,,
306629,84,,74.19948796610112,8.841625221040994,20,1.6602377250288105,0.5083072814372857,0.0609964227781364,3.26620881828475,2.5350001267500075,0.7652057723794149,0.0955661936225802,"[-1.0700383058808853, -0.19159587199821537]",1.0870560952495467,1,1.0870560952495467,20,37.96967105669611,moving,174,[],[],0.0,[],,52.26914648898821,0,0.0,[],0.0,0,0.0,,
310604,84,,73.9455959215058,9.07117613760056,21,1.6862898491607334,0.5114466804240867,0.218870029641484,3.2970980430696666,2.5899251294962564,0.9122687034400784,0.1470629310606634,"[-0.2538920445953181, 0.22955091655956572]",0.3422788243554189,1,0.3422788243554189,21,39.6496538071354,moving,171,[],[],0.0,[],,17.51202917503868,0,0.0,[],0.0,0,0.0,,
331780,84,,73.53306350922871,9.260096900991805,27,1.6507524586064706,0.5031581073923586,0.3744964715192331,3.280782788459031,2.494862624743136,2.3160149913148604,1.338346970965931,"[-0.04655142549901825, -0.0805932675903005]",0.0930715316134446,1,0.0930715316134446,27,45.95971689328502,moving,164,[],[],0.0,[],,138.5394672340001,1,0.0,[147],1.0,1,1.0,[123.08630739474418],[56.91369260525582]
336417,84,,74.02505545686591,9.409152978197548,28,1.6583943825965102,0.4919020043235968,0.1838239124119295,3.3713917975937715,2.528662626433132,2.3887636599584217,0.0727486686435612,"[0.491991947637203, 0.1490560772057421]",0.514075666309749,1,0.514075666309749,28,44.935179577162856,moving,170,[],[],0.0,[],,7.1770869550097744,0,0.0,[],0.0,0,0.0,,
335342,84,,74.81896484872622,9.544542627823231,29,1.649710382253463,0.4939393727423271,0.5408821296366961,3.339904598198665,2.5582376279118857,0.1252637980668484,-2.263499861891573,"[0.7939093918603106, 0.13538964962568478]",0.8053710199093173,1,0.8053710199093173,29,42.52649858780188,moving,169,[],[],0.0,[],,175.93039772522258,1,0.0,[],0.0,1,0.0,,
334510,84,,74.342641328581,9.497769414571312,30,1.6709947209643294,0.4927249706217588,0.124472500370395,3.3913335442604784,2.5244376262218817,3.070564694648275,2.9453008965814265,"[-0.47632352014522894, -0.04677321325191919]",0.4786144892514766,1,0.4786144892514766,30,40.34875055038157,moving,176,[173],[],1.0,[173],[139.36501894391046],23.350888319120916,0,0.0,[173],1.0,0,0.0,[139.36501894391046],[40.63498105608954]
338184,84,,73.86511222190082,9.233515683376254,31,1.6609862980739432,0.4978463185069749,2.4276472529875885,3.3363434383831287,2.5519001275950077,0.4075498844341443,-2.6630148102141304,"[-0.4775291066801799, -0.26425373119505835]",0.5457692572665492,1,0.5457692572665492,31,38.269003661124586,moving,163,[],[],0.0,[],,98.83348262707328,0,0.0,[],0.0,0,0.0,,
336820,84,,75.15397375813504,7.571483728381535,32,1.64383091158322,0.5108368983098911,2.1644273556175837,3.2179173372594088,2.5666876283343787,1.7249696830550434,1.317419798620899,"[1.2888615362342222, -1.6620319549947187]",2.103215224128906,1,2.103215224128906,32,35.667041131498024,moving,133,[105],[105],1.0,[105],[40.16559369373674],5.407062360298258,0,0.0,[105],1.0,0,0.0,[40.16559369373674],[40.16559369373674]
337961,84,,76.33118407882218,6.317868375000997,33,1.7099694217062815,0.4547879958982043,2.696899234323846,3.759926464921528,2.361775118088765,0.0943710410478605,-1.630598642007183,"[1.1772103206871378, -1.253615353380538]",1.7197021815895115,1,1.7197021815895115,33,33.80257689476736,moving,116,[],[],0.0,[],,31.286278416099613,0,0.0,[],0.0,0,0.0,,
337128,84,,78.39049479130401,5.746227742222,34,1.6847179550719245,0.4891869596813379,-0.5815548562368058,3.443914278028525,2.554012627700626,0.5460485690565747,0.4516775280087142,"[2.0593107124818317, -0.5716406327789976]",2.1371788936788616,1,2.1371788936788616,34,32.77204169249115,moving,107,[],[],0.0,[],,20.0391712987029,0,0.0,[],0.0,0,0.0,,
340395,84,,79.72566699036037,4.791986764207055,35,1.6809860388788502,0.5070533768928304,-0.8253330958200947,3.315205292941259,2.530775126538763,0.3497495185335137,-0.196299050523061,"[1.335172199056359, -0.954240978014945]",1.6411156708946242,1,1.6411156708946242,35,31.797561268917352,moving,92,[],[],0.0,[],,15.23104014995206,0,0.0,[],0.0,0,0.0,,
339494,84,,80.18076905781928,4.234289666752046,36,1.682058579802358,0.5113310350992651,-1.0924032415292029,3.289568722297129,2.549787627489384,0.2658317991201143,-0.0839177194133994,"[0.4551020674589097, -0.5576970974550086]",0.719822161589316,1,0.719822161589316,36,30.924790662359342,moving,79,[],[],0.0,[],,41.66539246169449,0,0.0,[],0.0,0,0.0,,
338347,84,,80.1488297814986,3.4877014760814173,37,1.6989452762900987,0.4859758041029416,1.754233948628836,3.495946221903304,2.5350001267500075,0.7271982825921942,0.4613664834720799,"[-0.03193927632067073, -0.7465881906706286]",0.7472710644878009,1,0.7472710644878009,37,29.8921113522594,moving,77,[],[],0.0,[],,7.690039834441087,0,0.0,[],0.0,0,0.0,,
346062,84,,79.93695589913234,2.303000766794823,38,1.6675617222459138,0.505498655006078,-1.5171853315322912,3.2988450230908395,2.4821876241093896,0.1342165147205166,-0.5929817678716776,"[-0.21187388236626248, -1.1847007092865942]",1.203497533280859,1,1.203497533280859,38,28.157450953221645,moving,50,[],[],0.0,[],,144.33548112735502,1,0.0,[],0.0,1,0.0,,
345031,84,,79.40643554660988,3.414019902858369,39,1.7064830969983842,0.4759483292668037,1.3396710115903836,3.585437729400613,2.4695126234756324,2.519129373122482,2.384912858401965,"[-0.5305203525224584, 1.1110191360635464]",1.2311845374028796,1,1.2311845374028796,39,26.87427968467777,moving,79,[],[],0.0,[],,59.57562237062122,0,0.0,[],0.0,0,0.0,,
348717,84,,80.0593086065767,4.38009596732496,40,1.672342821311719,0.4884310815277135,0.9311447196626592,3.423907455031259,2.515987625799382,1.0397907642921305,-1.4793386088303515,"[0.6528730599668222, 0.96607606446659]",1.1659957953464912,1,1.1659957953464912,40,26.08145062945406,moving,95,[],[],0.0,[],,2.531060389667243,0,0.0,[],0.0,0,0.0,,
359157,84,,80.64129322482263,5.329075224801979,41,1.6806537277571036,0.4937396682935285,0.9043412930045674,3.4039268782389063,2.4990876249543703,0.0441753373665065,-0.995615426925624,"[0.5819846182459258, 0.9489792574770197]",1.1132240237241071,1,1.1132240237241071,41,25.880239958024205,moving,111,[],[],0.0,[],,54.84109732229323,0,0.0,[],0.0,0,0.0,,
363217,84,,80.37619851841319,5.943986635086091,42,1.6730413452242514,0.4832203594990145,0.7517099174669957,3.462274120566444,2.5012001250600138,0.9571577136806624,0.9129823763141558,"[-0.26509470640944244, 0.6149114102841118]",0.6696202251006937,1,0.6696202251006937,42,25.47238259147842,moving,120,[],[],0.0,[],,82.3548021406194,0,0.0,[],0.0,0,0.0,,
363630,84,,80.98202861881273,6.307525220344719,43,1.6789170756029836,0.5097024193845222,1.242134577539714,3.293916237694763,2.528662626433124,1.4373624521822836,0.4802047385016212,"[0.6058301003995439, 0.3635385852586275]",0.7065340851805848,1,0.7065340851805848,43,24.5820712103665,moving,117,[164],[164],1.0,[164],[81.3843518158359],74.77873727231416,0,0.0,[164],1.0,0,0.0,[81.3843518158359],[81.3843518158359]
382880,84,,80.88133932688346,6.664654370944109,44,1.6704718713090436,0.5059488785565173,0.932568444548966,3.301661377479351,2.5709126285456207,1.3051351758856862,-0.1322272762965974,"[-0.10068929192927101, 0.3571291505993903]",0.3710519690246367,1,0.3710519690246367,44,24.295182480705733,moving,130,[155],[155],1.0,[155],[94.41489924382154],3.4939876958260396,0,0.0,[155],1.0,0,0.0,[94.41489924382154],[85.58510075617846]
363951,84,,80.11733871858675,8.853729519220725,45,1.8366558774036088,0.5545950351849355,-0.4012635062107004,3.311706309796222,3.0187626509381267,0.0609815893163345,-1.2441535865693516,"[-0.7640006082967119, 2.1890751482766158]",2.3185657062675693,1,2.3185657062675693,45,23.582844153662723,moving,180,[156],[156],1.0,[156],[5.99441288295516],172.43668005708466,1,1.0,[],0.0,0,0.0,,
371010,84,,80.60651255855281,6.486601270572682,50,1.6807638339973294,0.5210263911805291,0.835014085175366,3.225870824295666,2.604712630235638,0.3602449389056247,-0.790064639275242,"[-0.000423858152416301, 0.009077827341927858]",0.0090877172592033,1,0.0090877172592033,50,13.128932468284978,moving,119,[],[],0.0,[],,34.11316351195639,0,0.0,[],0.0,0,0.0,,
377605,84,,80.46007145594389,6.131961958854448,52,1.713355112291423,0.5057204151859565,0.9332657194260404,3.3879492716571704,2.6364001318200065,1.6209079299847813,-0.8052531930657383,"[0.08563805814358716, -0.0609649922951121]",0.1051218687436039,1,0.1051218687436039,52,10.473237777281902,moving,110,[],[],0.0,[],,102.5052028010842,0,0.0,[],0.0,0,0.0,,
386024,84,,80.76437252270641,6.078677876454036,54,1.7713148632063405,0.4877716488508957,3.037753615871903,3.6314428429353103,2.64273763213688,2.9825873648490027,2.622558074750685,"[-0.15191762219191673, 0.0674123436148264]",0.1662028519733923,1,0.1662028519733923,54,8.48310799052137,moving,123,[],[],0.0,[],,159.9503020680809,0,0.0,[],0.0,0,0.0,,
388480,84,,79.60353806277477,6.7483911369764575,55,1.6860591674389702,0.5001747658706621,2.3636243620050443,3.370940084320368,2.596262629813125,0.1056407881427488,-2.8769465767062536,"[-1.1608344599316354, 0.6697132605224212]",1.3401688306643846,1,1.3401688306643846,55,9.458739392498035,moving,124,[],[],0.0,[],,150.0491650105532,0,0.0,[],0.0,1,0.0,,
392401,84,,80.44963044419767,5.286894316340383,56,1.722231879289572,0.4913039190238613,2.536559632850536,3.50543077838939,2.615275130763755,2.6188519693024253,2.513211181159676,"[0.846092381422892, -1.4614968206360741]",1.6887407363568907,1,1.6887407363568907,56,9.86228344922412,moving,100,[],[],0.0,[],,32.51786124947805,0,0.0,[],0.0,0,0.0,,
392498,84,,82.06655006263821,4.448238108462442,57,1.744539781796414,0.4821693273930035,2.3140093531974664,3.6181060940329903,2.566687628334378,0.5675437445100692,-2.051308224792356,"[1.6169196184405479, -0.8386562078779418]",1.821475579718305,1,1.821475579718305,57,13.237494430048743,moving,89,[],[],0.0,[],,35.8056493583069,0,0.0,[],0.0,0,0.0,,
392997,84,,82.72953224656429,4.546032349590408,58,1.7454093950454548,0.4862466349134647,2.1560792361912555,3.5895557310254245,2.5666876283343822,0.6249264721170503,0.0573827276069811,"[0.6629821839260757, 0.09779424112796598]",0.6701560189994443,1,0.6701560189994443,58,14.001997019587677,moving,84,[],[],0.0,[],,,0,0.0,[],0.0,0,0.0,,
393943,84,,83.19901245453681,4.087424650824765,59,1.7247999851009366,0.493263866718086,-0.838695518004157,3.496708560018461,2.613162630658123,0.9201342603240666,0.2952077882070163,"[0.46948020797252354, -0.45860769876564245]",0.6563022832849527,1,0.6563022832849527,59,15.120100417713251,moving,84,[],[],0.0,[],,,0,0.0,[],0.0,0,0.0,,
293208,85,,2.8192967949525465,71.75121406096103,0,2.836276328601919,0.5046714338145286,-0.2381652421637005,5.620045317730974,4.385550219277508,,,"[0.0, 0.0]",0.0,0,0.0,0,0.0,moving,1106,[1075],[1075],1.0,[1075],[130.92137946878614],,0,0.0,[1075],1.0,0,0.0,[130.92137946878614],[49.07862053121386]
289900,85,,4.633378183926326,71.56784779077996,1,2.9210590967880865,0.5069880183227582,0.041196676587369,5.761593945457869,4.446812722340642,,,"[1.8140813889737797, -0.1833662701810681]",1.8233251149647325,1,1.8233251149647325,1,1.4738396945668215,moving,1103,[],[],0.0,[],,,0,0.0,[],0.0,0,0.0,,
301749,85,,6.581392976838633,72.19327393289204,3,2.93672285494732,0.5032561470999842,0.3874291195503389,5.835443584485154,4.486950224347513,0.9127177966576744,0.5542101292907913,"[0.053277981099873806, 0.1259061024999255]",0.1367146294907763,1,0.1367146294907763,3,6.247949422668542,moving,1114,[1108],[],1.0,[1108],[63.60199143860291],58.49679669550617,0,0.0,[1108],1.0,0,0.0,[63.60199143860291],[63.60199143860291]
292723,85,,6.849068567453223,73.29102777567311,4,2.9497170294704342,0.5060297362406913,0.443697872824196,5.82913773286124,4.478500223925005,0.1611360614371725,-0.7515817352205019,"[0.2676755906145898, 1.0977538427810742]",1.1299175727244375,1,1.1299175727244375,4,9.860432826432293,moving,1142,[],[],0.0,[],,9.567855766865708,0,0.0,[],0.0,0,0.0,,
303254,85,,7.290963435656766,74.31850739301912,5,2.883883079980712,0.5318868109056296,0.4687733287356965,5.421986446835184,4.579900228995001,0.1669905854877335,0.005854524050561,"[0.4418948682035433, 1.0274796173460032]",1.1184746034694375,1,1.1184746034694375,5,14.432735147380043,moving,1145,[],[],0.0,[],,21.012586032547983,0,0.0,[],0.0,0,0.0,,
300439,85,,9.216294658841688,76.29257075137488,6,1.45763979552151,0.5226273987090656,0.7017181419575866,2.789061191820416,2.1991126099556246,0.3667388106265344,0.1997482251388008,"[1.9253312231849202, 1.9740633583557639]",2.75750366487038,1,2.75750366487038,6,19.402390914919906,moving,1176,[1145],[1145],1.0,[1145],[49.398705354995556],10.632567875476823,0,0.0,[1145],1.0,0,0.0,[49.398705354995556],[49.398705354995556]
290587,85,,9.512497044964384,76.73752426837402,7,1.3667102026513966,0.5453400997167114,0.7462913075259585,2.5061612072197947,2.2054501102725017,0.185573317368846,-0.1811654932576883,"[0.29620238612269745, 0.444953516999135]",0.5345273480699365,1,0.5345273480699365,7,24.121243702408183,moving,1196,[1166],[1166],1.0,[1166],[3.456619172042025],156.73126540952808,0,0.0,[1183],1.0,0,0.0,[45.64014966952355],[45.64014966952355]
290905,85,,8.769995168744783,76.25386554270986,8,2.853303810821008,0.5157838851413458,0.9164711004944875,5.531975490159191,4.531312726565636,2.735476622213367,2.5499033048445208,"[-0.7425018762196007, -0.48365872566415646]",0.8861347522249101,1,0.8861347522249101,8,29.05951527887258,moving,1173,[1213],[1213],1.0,[1213],[55.04791644426251],135.58950238279598,0,0.0,[1213],1.0,0,0.0,[55.04791644426251],[55.04791644426251]
292217,85,,8.992397344151588,77.25625707544005,9,2.8709376231997528,0.5011014412604571,1.132561579384725,5.729254372085368,4.448925222446257,2.366483247720487,-0.3689933744928799,"[0.2224021754068044, 1.0023915327301864]",1.02676750655387,1,1.02676750655387,9,34.47752722525775,moving,1181,[1232],[1232],1.0,[1232],[63.19079214947896],1.6036776802619443,0,0.0,[1232],1.0,0,0.0,[63.19079214947896],[63.19079214947896]
289643,85,,9.167106710659043,78.16300003836528,10,2.969033607442025,0.4933331819495092,1.544751063096047,6.018313213210732,4.410900220545012,0.0279894556613158,-2.3384937920591717,"[0.1747093665074555, 0.9067429629252359]",0.9234209027089824,1,0.9234209027089824,10,39.56416710357411,moving,1200,[1275],[],1.0,[1275],[37.04171372135263],42.30732085992524,0,0.0,[1275],1.0,0,0.0,[37.04171372135263],[37.04171372135263]
292725,85,,8.585843772928431,79.11521158933378,11,2.916975433348481,0.509664697882048,-1.0743859707944547,5.723322500989775,4.4763877238193786,0.7384020467033742,0.7104125910420583,"[-0.581262937730612, 0.9522115509684994]",1.115604517997779,1,1.115604517997779,11,44.40634524389391,moving,1215,[1280],[1280],1.0,[1280],[29.095195255215266],3.390582870167964,0,0.0,[1280],1.0,0,0.0,[29.095195255215266],[29.095195255215266]
292479,85,,7.657150880652007,80.45182766919176,12,2.9251077392258105,0.5160880785826965,2.142088404198604,5.667845975552988,4.495400224770009,0.0591768346461503,-0.6792252120572237,"[-0.9286928922764242, 1.3366160798579756]",1.6275788869052252,1,1.6275788869052252,12,48.8102774236252,moving,1237,[],[],0.0,[],,41.8523940373561,0,0.0,[],0.0,0,0.0,,
286025,85,,7.310379615383425,80.53415685968821,13,2.977460323267565,0.4955163512988992,2.3316893147592026,6.008803373415902,4.467937723396872,0.7304620757939065,0.6712852411477561,"[-0.3467712652685817, 0.08232919049645204]",0.3564104460082142,1,0.3564104460082142,13,52.75772455509153,moving,1249,[1307],[1307],1.0,[1307],[16.229894829541884],25.593723753015936,0,0.0,[1307],1.0,0,0.0,[16.229894829541884],[16.229894829541884]
331119,85,,6.651103130642205,81.06706525594166,14,2.8933012608935704,0.5064727409006137,2.263250596106827,5.712649521371437,4.46582522329126,0.4466947473360081,-0.2837673284578984,"[-0.6592764847412207, 0.5329083962534469]",0.8477245083930048,1,0.8477245083930048,14,56.38581114189053,moving,1264,[],[],0.0,[],,12.17406640893558,0,0.0,[],0.0,0,0.0,,
316102,85,,6.218187296760656,81.60403376028029,17,2.915077450325468,0.5144636688535683,2.206251657657037,5.666245503441344,4.53976272698813,1.2572254152374724,0.825370087054953,"[-0.2142168579050372, 0.061541706357331805]",0.2228816812393494,1,0.2228816812393494,17,64.3307437626884,moving,1272,[],[],0.0,[],,2.6912182781482303,0,0.0,[],0.0,0,0.0,,
321089,85,,5.28341571865912,82.6580869783848,18,1.4203953982476365,0.5101220897517353,2.121415628812018,2.7844224486316795,2.118837605941885,0.5655493255955687,-0.6916760896419037,"[-0.9347715781015351, 1.0540532181045137]",1.4088385605962508,1,1.4088385605962508,18,65.64340856353964,moving,1314,[1278],[],1.0,[1278],[17.223436191131455],174.96219272229465,1,1.0,[1339],1.0,1,1.0,[40.43532347398003],[40.43532347398003]
317595,85,,6.152789973595623,81.48447800723659,19,2.908345085523433,0.4896575514425457,-0.7190737578009739,5.939549133788219,4.336962716848141,3.0536663295129025,2.488117003917334,"[0.8693742549365027, -1.1736089711482123]",1.4605374395427064,1,1.4605374395427064,19,66.26336133174782,moving,1287,[],[],0.0,[],,8.045172293623786,0,0.0,[],0.0,0,0.0,,
313309,85,,6.797965914663871,80.82966145485402,20,2.8432430917954705,0.5099734030670905,2.330778754396962,5.575277209939952,4.429912721495635,0.140414745413959,-2.9132515840989432,"[0.6451759410682483, -0.6548165523825702]",0.9192587841339864,1,0.9192587841339864,20,66.52642610087025,moving,1279,[],[],0.0,[],,10.775051671189583,0,0.0,[],0.0,0,0.0,,
320299,85,,7.687887554407904,79.50031521526586,21,2.9938764628247965,0.5042858761616571,2.1601642265265277,5.936863601282104,4.535537726776885,0.1880601287347756,0.0476453833208165,"[0.889921639744033, -1.329346239588162]",1.5997255857152173,1,1.5997255857152173,21,66.7019133513902,moving,1242,[],[],0.0,[],,114.6408386273954,0,0.0,[],0.0,0,0.0,,
318303,85,,8.323942613806867,80.53586337934841,22,1.8707581247659053,0.4906627542250619,2.303472539553478,3.8127167971421128,2.7631501381575028,2.0008600912955465,1.812799962560771,"[0.6360550593989629, 1.035548164082556]",1.215288459058906,1,1.215288459058906,22,66.14806005527744,moving,1283,[],[],0.0,[],,137.74472303032323,0,0.0,[],0.0,0,0.0,,
320873,85,,8.982191310168187,77.05090439758763,23,1.5730957489268973,0.5122498644552946,1.8561678138712527,3.0709539583766654,2.39346261967313,2.404098944126801,0.4032388528312549,"[0.6582486963613192, -3.4849589817607836]",3.546580106358312,1,3.546580106358312,23,65.36312416070099,moving,1221,[1267],[],1.0,[1267],[3.348594814456888],120.78681878382412,0,0.0,[],0.0,0,0.0,,
326377,85,,8.672616717053241,77.16413530998847,24,2.927329200907918,0.4840706963105758,-1.3901573788201098,6.047317516261649,4.442587722129381,2.108127680787464,-0.2959712633393376,"[-0.3095745931149452, 0.11323091240083727]",0.3296326261543446,1,0.3296326261543446,24,64.52891503177965,moving,1196,[1187],[1187],1.0,[1187],[44.76324192809288],114.49678698939786,0,0.0,[1187],1.0,0,0.0,[44.76324192809288],[44.76324192809288]
328798,85,,8.761341228305458,76.01267061896722,25,2.8967499962133867,0.5165133033275741,1.360104881892752,5.60827761366731,4.632712731635636,1.9983459159195984,-0.1097817648678654,"[0.08872451125221659, -1.1514646910212463]",1.1548779041810433,1,1.1548779041810433,25,63.58506440185016,moving,1188,[],[],0.0,[],,109.51492120988748,0,0.0,[],0.0,0,0.0,,
323950,85,,8.416521965740081,76.1057666917961,26,3.0099445189870813,0.5051586338201296,1.199568956031818,5.958414481061455,4.7256627362831445,1.9113959551747084,-0.08694996074489,"[-0.34481926256537676, 0.09309607282888521]",0.3571655115101279,1,0.3571655115101279,26,62.27240965706039,moving,1189,[],[],0.0,[],,84.73092006398551,0,0.0,[],0.0,0,0.0,,
333443,85,,8.000614555246568,74.98610132720759,27,1.531527466893139,0.5013350434778712,1.17867390969661,3.0548980902443943,2.315300115764999,1.4788335333606717,-0.4325624218140369,"[-0.41590741049351365, -1.1196653645885135]",1.194415967225216,1,1.194415967225216,27,60.6588442741212,moving,1190,[],[],0.0,[],,52.06133500432518,0,0.0,[],0.0,0,0.0,,
340078,85,,7.664178129686848,74.87963066670173,29,2.9174304483963907,0.526112949506435,0.7202235238870341,5.545254970692766,4.685525234276266,2.071738089857371,0.9129050159357244,"[0.05267793939921095, -0.08453937557176516]",0.0996085906004643,1,0.0996085906004643,29,58.08872504259776,moving,1175,[1157],[],1.0,[1157],[56.906304477418615],54.99295719541003,0,0.0,[1157],1.0,0,0.0,[56.906304477418615],[56.906304477418615]
335858,85,,7.454793330577879,74.21336769457777,30,2.922047808863009,0.5369084565401696,0.7325787870835785,5.442357581202284,4.765800238290006,0.8617385562767631,-1.209999533580608,"[-0.20938479910896834, -0.6662629721239597]",0.6983898210321764,1,0.6983898210321764,30,57.6875547283245,moving,1172,[1164],[1164],1.0,[1164],[39.83072967788293],37.26688031739024,0,0.0,[1164],1.0,0,0.0,[39.83072967788293],[39.83072967788293]
346839,85,,6.973882801338353,73.87302934907976,31,2.896309092029981,0.5262253418805932,0.6620130701592423,5.50393312811451,4.685525234276259,0.650429763485129,-0.211308792791634,"[-0.4809105292395266, -0.34033834549801156]",0.5891562836376826,1,0.5891562836376826,31,58.963564227422594,moving,1162,[],[],0.0,[],,178.96689520355432,1,0.0,[],0.0,1,0.0,,
347303,85,,7.5462598785791295,74.26280224416875,32,2.909715900175884,0.5317761961509251,0.663532102997861,5.471692642951751,4.723550236177512,3.1235615733736704,2.473131809888541,"[0.5723770772407768, 0.3897728950889956]",0.6924871322246727,1,0.6924871322246727,32,61.31143587911189,moving,1170,[],[],0.0,[],,15.796705504430664,0,0.0,[],0.0,0,0.0,,
349026,85,,8.098037884905613,74.9215635352382,33,3.0194185259785797,0.5031420295811497,0.7769861072706113,6.001125623498702,4.727775236388754,0.2757045220202267,-2.847857051353444,"[0.5517780063264839, 0.6587612910694531]",0.8593168256685785,1,0.8593168256685785,33,64.39307799309043,moving,1172,[1249],[],1.0,[1249],[4.404474160807013],3.9917847901261,0,0.0,[1249],1.0,0,0.0,[4.404474160807013],[4.404474160807013]
344953,85,,8.708185597287828,75.76266392053893,34,2.938188814196953,0.4996867906088126,1.0726586374262097,5.880061009051486,4.628487731424392,0.0696697876187312,-0.2060347344014955,"[0.610147712382215, 0.8411003853007202]",1.0391006154739155,1,1.0391006154739155,34,69.06345905447681,moving,1185,[1265],[],1.0,[1265],[108.36969169907442],0.4131383881261158,0,0.0,[1265],1.0,0,0.0,[108.36969169907442],[71.63030830092558]
350494,85,,9.430723506208372,76.74373432350532,35,2.9213016835754795,0.5375868914843096,0.986174404215961,5.434101407327084,4.702425235121266,0.0072106251391829,-0.0624591624795483,"[0.722537908920545, 0.9810704029663952]",1.2184252810098448,1,1.2184252810098448,35,74.29122526932731,moving,1215,[1275],[],1.0,[1275],[75.68349442689654],54.379043204651005,0,0.0,[1275],1.0,0,0.0,[75.68349442689654],[75.68349442689654]
352819,85,,9.154832227090498,77.59242850856798,36,3.01301949954375,0.5079955631343341,1.1761916474543863,5.931192550095144,4.746787737339382,0.949093348005412,0.9418827228662292,"[-0.27589127911787514, 0.848694185062655]",0.8924112379684948,1,0.8924112379684948,36,80.41359815005738,moving,1228,[1274],[1274],1.0,[1274],[46.632017977946646],35.891748290446394,0,0.0,[1274],1.0,0,0.0,[46.632017977946646],[46.632017977946646]
353041,85,,9.880660037455211,79.84183893121254,37,1.4530786185600506,0.4936081335942046,1.2962891299066075,2.9437898601456736,2.150525107526255,0.6264291819653383,-0.3226641660400737,"[0.7258278103647147, 2.2494104226445586]",2.363614448212908,1,2.363614448212908,37,87.23314099608183,moving,1292,[1246],[1246],1.0,[1246],[5.792796495032164],142.96129818594426,0,0.0,[1278],1.0,0,0.0,[27.54486335092639],[27.54486335092639]
357836,85,,10.085434103017274,79.25232164813607,38,2.9576367535906645,0.4797231715924275,1.5452048414458333,6.165298923904119,4.353862717693134,2.495145356270126,1.8687161743047875,"[0.20477406556206112, -0.5895172830764608]",0.6240697436766722,1,0.6240697436766722,38,94.49416043042002,moving,1257,[],[],0.0,[],,157.30935607445969,0,0.0,[],0.0,0,0.0,,
356643,85,,10.144066633735394,80.20130015848677,39,3.0107193551549782,0.4724017383408104,1.5566897504436448,6.373218197141601,4.423575221178763,2.745566207691466,0.2504208514213402,"[0.05863253071811947, 0.9489785103506989]",0.950788087202318,1,0.950788087202318,39,102.83492492897037,moving,1281,[],[],0.0,[],,8.91502981391592,0,0.0,[],0.0,0,0.0,,
362058,85,,9.949314777823147,82.26945319784836,40,1.476622233473757,0.5055434960395042,1.4869494483308294,2.920860905227373,2.190662609533132,0.1555966231662902,-2.589969584525176,"[-0.19475185591224609, 2.06815303936159]",2.0773024044663906,1,2.0773024044663906,40,111.23067336260544,moving,1353,[1296],[1296],1.0,[1296],[3.340454410766867],162.18909998028624,0,0.0,[],0.0,0,0.0,,
361203,85,,10.450715130549048,81.09905758303283,41,2.8804280577240484,0.4725722540523193,1.16823944160172,6.095211966052394,4.309500215475007,2.8307338055022653,2.675137182335975,"[0.5014003527259003, -1.1703956148155328]",1.2732746007413664,1,1.2732746007413664,41,119.06456383121328,moving,1291,[],[],0.0,[],,131.18223011932866,0,0.0,[],0.0,0,0.0,,
368108,85,,11.40965924135054,83.09807814506703,43,2.974421118010258,0.5280418822693743,0.9052018411697754,5.632926511865004,4.748900237445011,0.561908208956734,-1.800080232204972,"[0.24259789965370793, 0.17838462406670885]",0.3011225913474636,1,0.3011225913474636,43,137.18375190382272,moving,1341,[],[],0.0,[],,8.360386860515419,0,0.0,[],0.0,0,0.0,,
368131,85,,12.87595238482597,85.27295033604148,45,3.0872864303981093,0.5192514979112443,0.3373006447995497,5.945647615494832,4.744675237233758,3.137874020277576,2.794082564035897,"[-0.08864313365725884, -0.13260505897203245]",0.159504566735736,1,0.159504566735736,45,153.07475315144924,moving,1419,[1443],[1443],1.0,[1443],[129.77380628359273],18.085259740414173,0,0.0,[1443],1.0,0,0.0,[129.77380628359273],[50.226193716407266]
376716,85,,13.3055435481116,85.6077031072526,46,3.0225976909739485,0.5096543214384162,0.513064897514524,5.93068196192894,4.660175233008744,2.822000561516973,-0.3158734587606031,"[0.42959116328563063, 0.3347527712111287]",0.5446172834262898,1,0.5446172834262898,46,160.59950243668405,moving,1407,[1445],[1445],1.0,[1445],[131.9531565205637],35.18258229874254,0,0.0,[1445],1.0,0,0.0,[131.9531565205637],[48.04684347943629]
375265,85,,14.33193657782899,85.65690396585907,48,3.031257164584057,0.5115078887905656,0.1916990596484946,5.926120067769259,4.70876273543814,0.7584671845679692,0.3574585899128076,"[0.2775843746177191, -0.15075412475539451]",0.3158795516691058,1,0.3158795516691058,48,176.30696183104416,moving,1420,[1409],[1409],1.0,[1409],[43.01694794829392],4.293954313141327,0,0.0,[1409],1.0,0,0.0,[43.01694794829392],[43.01694794829392]
382276,85,,15.117712089655036,85.63564778653901,49,2.9983064343197627,0.5075531356838807,0.2681741842744535,5.907374466871972,4.689750234487509,0.4704802380616696,-0.2879869465062996,"[0.7857755118260439, -0.021256179320062074]",0.7860629619469218,1,0.7860629619469218,49,185.38878926828505,moving,1422,[],[],0.0,[],,12.939298118598922,0,0.0,[],0.0,0,0.0,,
374424,85,,16.273449897243967,85.86847037213154,51,3.010048020223018,0.5071803062553524,0.1484678091398011,5.93486770503178,4.698200234910012,0.92185002159024,0.6343251623940498,"[0.0719948570986908, -0.05603374837106401]",0.0912306988089679,1,0.0912306988089679,51,198.40179884636763,moving,1421,[],[],0.0,[],,152.2594998288329,0,0.0,[1408],1.0,1,1.0,[123.96309949883431],[56.03690050116569]
385200,85,,15.70087182109332,86.03645453186458,52,3.0471132514915595,0.5288818347239493,0.3818193504438703,5.761425428956176,4.805937740296896,2.7655972002660008,1.8437471786757609,"[-0.5725780761506467, 0.16798415973303804]",0.5967112628479461,1,0.5967112628479461,52,201.54275249115827,moving,1422,[],[],0.0,[],,120.24387440335532,0,0.0,[],0.0,0,0.0,,
382403,85,,15.982090107479642,84.89951958501157,53,2.964823439527831,0.4971459213528211,0.3357159263767384,5.963688551361393,4.556662727833119,2.0986515136930826,-0.6669456865729182,"[0.28121828638632174, -1.1369349468530032]",1.171198018258954,1,1.171198018258954,53,208.41881042227251,moving,1408,[],[],0.0,[],,98.03655651183306,0,0.0,[],0.0,0,0.0,,
389738,85,,14.84920735434264,84.78331529469094,54,2.969791591977613,0.4965016286774882,0.8157949486466096,5.981433736457481,4.628487731424376,1.711060698448974,-0.3875908152441085,"[-1.132882753137002, -0.11620429032063839]",1.1388269269051363,1,1.1388269269051363,54,218.8544686747032,moving,1381,[],[],0.0,[],,,0,0.0,[],0.0,0,0.0,,
396840,85,,14.803233175545731,84.23872551848132,57,2.985839315996693,0.4837677055168081,1.2132668738545789,6.172051755308732,4.535537726776882,0.6263715754463679,-1.1921828155792766,"[0.055566988560730834, 0.022871569806127923]",0.0600899236403656,1,0.0600899236403656,57,249.35357978059588,moving,1374,[1358],[],1.0,[1358],[94.4558867526908],,0,0.0,[1358],1.0,0,0.0,[94.4558867526908],[85.5441132473092]
280958,86,,41.71299136680821,4.22000391067513,0,2.019287954275338,0.5178500823670753,0.0946241430953542,3.8993678344999783,3.238462661923131,,,"[0.0, 0.0]",0.0,0,0.0,0,0.0,moving,75,[],[],0.0,[],,,0,0.0,[],0.0,0,0.0,,
279371,86,,41.000480955204,4.081174840249257,1,2.04411014358887,0.5128359662523264,0.189498779474966,3.985894668282925,3.2279001613950062,,,"[-0.7125104116042138, -0.13882907042587345]",0.7259094967278761,1,0.7259094967278761,1,0.5439880695978137,moving,73,[],[],0.0,[],,,0,0.0,[],0.0,0,0.0,,
287897,86,,40.47187782339128,3.7985435732244537,2,2.026101370281556,0.5100015894726265,0.3054010084873473,3.972735403387018,3.1581876579093837,0.2985679415192978,,"[-0.5286031318127158, -0.282631267024803]",0.5994178042586463,1,0.5994178042586463,2,1.507139760716661,moving,71,[],[],0.0,[],,7.321456482004094,0,0.0,[],0.0,0,0.0,,
282573,86,,39.71918775341725,3.5124599002696364,4,2.0051258693060694,0.5117245974819491,0.203339294866958,3.918369136783189,3.153962657698132,0.2169879043497637,0.1507495827406523,"[-0.22509824184084692, -0.04745479020177168]",0.2300460292918236,1,0.2300460292918236,4,4.298961410764252,moving,76,[],[],0.0,[],,42.70881559660851,0,0.0,[],0.0,0,0.0,,
280466,86,,39.11674097791846,3.7546167605320826,7,1.974406395140716,0.5324800804362908,3.003665016812628,3.7079441422916215,3.1687501584375046,1.752569115926493,0.6748222520047844,"[0.2952941384366241, 0.0332990036814933]",0.2971656976186993,1,0.2971656976186993,7,8.354926243251935,moving,79,[],[],0.0,[],,173.89440357239008,1,0.0,[],0.0,1,0.0,,
280996,86,,40.66224704830255,3.317505751871903,8,2.025469491815973,0.4918601683273224,0.1776755087428932,4.117978283754962,3.105375155268754,0.3879195266928298,-1.364649589233663,"[1.5455060703840857, -0.4371110086601795]",1.6061304578040907,1,1.6061304578040907,8,9.56287897046815,moving,72,[],[],0.0,[],,30.787522131161456,0,0.0,[],0.0,0,0.0,,
279846,86,,42.09060438777874,3.7001041910419694,9,2.0672673907571046,0.5065505188555481,0.2995997460675605,4.081068548557982,3.2300126615006324,0.5373436297193896,0.1494241030265597,"[1.428357339476193, 0.3825984391700672]",1.4787110112834354,1,1.4787110112834354,9,10.54243669425222,moving,77,[],[],0.0,[],,20.95716303530592,0,0.0,[],0.0,0,0.0,,
279134,86,,43.40178236965155,3.563173400264289,10,2.01396023354989,0.5073493725242905,0.020662003405312,3.969572729595654,3.179312658965632,0.3657714968433381,-0.1715721328760515,"[1.3111779818728095, -0.1369307907776811]",1.3183086670469304,1,1.3183086670469304,10,11.156731940139892,moving,81,[],[],0.0,[],,7.851992606058449,0,0.0,[],0.0,0,0.0,,
278969,86,,45.22218456315972,3.6232446306208033,13,2.031097106625685,0.5139236634940835,-0.0582274925732538,3.952137741268005,3.191987659599381,0.1834092931152092,0.1686418898475392,"[0.30236141754275536, -0.039481675185544685]",0.3049282366294097,1,0.3049282366294097,13,10.998186283913642,moving,76,[],[],0.0,[],,17.218289333019115,0,0.0,[],0.0,0,0.0,,
323868,86,,46.17543593699442,3.361958801659846,14,2.0217990913232127,0.5293818418531403,2.8810969829094546,3.819169702243197,3.206775160338757,0.137685816616301,-0.0457234764989081,"[0.9532513738347035, -0.2612858289609572]",0.988412093275656,1,0.988412093275656,14,10.617773403453027,moving,81,[53],[53],1.0,[53],[39.616298323188246],10.777638224037691,0,0.0,[53],1.0,0,0.0,[39.616298323188246],[39.616298323188246]
306400,86,,47.132630079265695,2.892911650794068,16,1.9939926331168063,0.5180424813975758,2.564767729577259,3.849090962072088,3.113825155691254,0.3279086377682497,0.1005174592684327,"[0.12818294593494528, -0.0216093121688532]",0.129991653581959,1,0.129991653581959,16,9.475370894371125,moving,68,[],[],0.0,[],,179.25979197343037,1,0.0,[43],1.0,1,1.0,[40.361633904296305],[40.361633904296305]
306825,86,,46.114785519446514,3.4080908309345386,17,2.004137565360869,0.5137624586825609,2.647404658188469,3.900903095372268,3.1349501567475064,2.840050854509789,2.5121422167415397,"[-1.0178445598191814, 0.5151791801404708]",1.1407967109015131,1,1.1407967109015131,17,8.829920455814372,moving,80,[],[],0.0,[],,15.911438327712135,0,0.0,[],0.0,0,0.0,,
309573,86,,44.76075301549353,3.669686615615417,18,1.9923721627284428,0.5193484275206612,2.7551252856209376,3.8362918941334048,3.156075157803756,0.2777069875465969,-2.562343866963192,"[-1.3540325039529861, 0.2615957846808783]",1.3790708380369725,1,1.3790708380369725,18,8.470334796541872,moving,83,[97],[97],1.0,[97],[13.188483801670383],29.744187798941283,0,0.0,[97],1.0,0,0.0,[13.188483801670383],[13.188483801670383]
307791,86,,43.68159570150084,4.597216286547573,19,2.018170958411583,0.5136934016427995,2.353509357192117,3.928746119684311,3.200437660021877,0.5191340104230505,0.2414270228764536,"[-1.0791573139926882, 0.9275296709321559]",1.422986928542714,1,1.422986928542714,19,8.253504366876209,moving,86,[],[],0.0,[],,3.345254924071492,0,0.0,[],0.0,0,0.0,,
306494,86,,42.670744689768895,5.574206797375004,20,2.05770730441543,0.5164490732115571,2.439644572454084,3.9843372970339614,3.257475162873756,0.0583857127436004,-0.4607482976794501,"[-1.010851011731944, 0.9769905108274308]",1.4058201258220553,1,1.4058201258220553,20,8.116282348627914,moving,108,[137],[],1.0,[137],[90.40666668487988],42.670893085534864,0,0.0,[137],1.0,0,0.0,[90.40666668487988],[89.59333331512012]
335173,86,,42.25951691901259,5.583921157443362,29,2.0741718663388,0.5124599461359871,-0.0217697606516584,4.047480943590457,3.196212659810634,0.2048138452840843,-0.1970257450413459,"[-1.0500299595150864e-05, -0.0036538258563911796]",0.0036538409441469,1,0.0036538409441469,29,8.235527374900325,moving,105,[],[],0.0,[],,171.53226876205372,1,0.0,[111],1.0,0,0.0,[31.457241868186884],[31.457241868186884]
334443,86,,42.59366124941661,5.526078472583984,30,2.0422452621177616,0.503855987102914,-0.0639346569636022,4.053232102808431,3.2046626602331334,1.4022618823269928,1.1974480370429084,"[0.3341443304040226, -0.05784268485937716]",0.3391138595411485,1,0.3391138595411485,30,8.277045912138608,moving,108,[],[],0.0,[],,53.90170659327453,0,0.0,[],0.0,0,0.0,,
337947,86,,43.812220607500045,6.706150574157719,31,1.6280868456780015,0.5284800156017742,2.5296165449990435,3.080697089035841,2.598375129918756,0.9407622524965766,-0.4614996298304161,"[1.2185593580834322, 1.1800721015737343]",1.696306892659862,1,1.696306892659862,31,8.227133800207703,moving,113,[],[],0.0,[],,177.5690000035248,0,0.0,[],0.0,0,0.0,,
336724,86,,42.48998767536853,5.530163011971135,32,2.0752131252866426,0.500624567840635,3.1243837785251305,4.145248273047698,3.1560751578037576,3.09916369953533,2.158401447038753,"[-1.322232932131513, -1.1759875621865836]",1.7695328969054636,1,1.7695328969054636,32,7.849674245341005,moving,110,[],[],0.0,[],,128.7376716861154,0,0.0,[118],1.0,0,0.0,[26.68879996848445],[26.68879996848445]
337152,86,,42.96473341048575,5.449758480413865,34,2.0840312200467266,0.5132699227166331,-0.1529494993889882,4.060302635728925,3.249025162451258,2.1473138877013667,-0.5191563925052987,"[-0.07464524758173496, -0.2217425311279877]",0.2339693635875968,1,0.2339693635875968,34,7.448805904007215,moving,112,[],[],0.0,[],,126.0111690983736,0,0.0,[87],1.0,0,0.0,[42.91583497957376],[42.91583497957376]
340525,86,,42.39109114097102,4.888472252999597,35,2.0338406505741142,0.5108464513817432,0.0100024259897596,3.9813150215156807,3.2088876604443795,0.4715699452850586,-1.675743942416308,"[-0.5736422695147283, -0.5612862274142678]",0.8025631953054846,1,0.8025631953054846,35,7.3912568587802365,moving,108,[],[],0.0,[],,137.33204931136183,0,0.0,[103],1.0,0,0.0,[60.025221579449024],[60.025221579449024]
339722,86,,42.78150568390774,4.900116031094383,36,2.064708247653838,0.5069760855193447,0.2433533100277751,4.072594953939015,3.204662660233131,2.396896428994475,1.9253264837094164,"[0.3904145429367176, 0.01164377809478534]",0.3905881371788021,1,0.3905881371788021,36,7.526348155913449,moving,113,[132],[],1.0,[132],[132.23256960773264],46.609686871270725,0,0.0,[132],1.0,0,0.0,[132.23256960773264],[47.76743039226736]
338404,86,,43.6226320270947,4.061879817481318,37,2.054734651037206,0.5014677557196467,0.6813188104607013,4.097441216511511,3.172975158648756,0.8134924992272485,-1.5834039297672264,"[0.8411263431869642, -0.8382362136130643]",1.187490410494098,1,1.187490410494098,37,7.746203713646733,moving,88,[91],[],1.0,[91],[83.51317830033679],3.5179666281008704,0,0.0,[136],1.0,0,0.0,[110.54403856017979],[69.45596143982021]
346295,86,,43.895959703063255,3.753813819335524,38,2.083237238027925,0.5035302790591178,0.882270168392365,4.137263089561569,3.2321251616062603,0.061400100635643,-0.7520923985916055,"[0.27332767596855234, -0.3080659981457945]",0.4118405973965347,1,0.4118405973965347,38,7.931997618907771,moving,81,[],[],0.0,[],,79.22247071010142,0,0.0,[136],1.0,1,1.0,[94.11623050552444],[85.88376949447556]
363499,86,,42.95576828775632,2.53479258502963,43,2.115596324728695,0.4706648107660969,0.8465451098657075,4.494910765232603,3.0884751544237576,1.8414961537831336,0.0166318768437372,"[0.17690636201579935, 0.13839344255085928]",0.2246076709792945,1,0.2246076709792945,43,9.598518140148268,moving,51,[],[],0.0,[],,179.76951534543122,0,0.0,[],0.0,1,0.0,,
366393,86,,43.56044980695986,3.3123148976226813,51,2.098450405087923,0.4858576171777118,0.7556781660888243,4.319064538449696,3.21311266065563,1.0706974495848869,-2.053743352057774,"[-0.0037743557939791117, -0.01780757813781486]",0.0182031755689474,1,0.0182031755689474,51,12.803043120309823,moving,58,[],[],0.0,[],,,0,0.0,[],0.0,0,0.0,,
377291,86,,43.23823388693276,2.9285492931654185,52,2.0945664037574097,0.4867372948499463,0.7414896639256148,4.303279049950616,3.2046626602331294,0.4895736882682556,-0.5811237613166312,"[-0.322215920027098, -0.3837656044572628]",0.5010979328268652,1,0.5010979328268652,52,13.52796573838844,moving,58,[],[],0.0,[],,,0,0.0,[],0.0,0,0.0,,
281166,88,,110.64426680788122,5.1875706913602775,8,1.5991309869981096,0.5135384892419129,0.6365571396502534,3.113945732400217,2.4948626247431287,1.4214984057124282,0.6464323137306361,"[-0.017117797340745255, -0.05057523767556571]",0.0533935731314058,1,0.0533935731314058,8,2.6878409491469024,moving,96,[62],[],1.0,[62],[2.992956093949232],,0,0.0,[],0.0,0,0.0,,
279904,88,,109.61700951309962,4.352301345556662,9,1.5478894593215975,0.5148834912751988,0.5603501058105744,3.006290715377141,2.391350119567501,0.5617554396925512,-0.8597429660198771,"[-1.0272572947816059, -0.8352693458036153]",1.3239835458649865,1,1.3239835458649865,9,3.071119877050985,moving,85,[55],[],1.0,[55],[6.759868584169254],,0,0.0,[],0.0,0,0.0,,
279137,88,,109.1017627975958,4.102683990483,10,1.5870677000630729,0.5019789448883722,0.6379843585843176,3.16162204854229,2.4124751206237525,0.2315416694729264,-0.3302137702196247,"[-0.515246715503821, -0.24961735507366178]",0.5725277301506416,1,0.5725277301506416,10,3.507271313630091,moving,82,[50],[50],1.0,[50],[4.748065534498352],9.663712288562824,0,0.0,[],0.0,0,0.0,,
279785,88,,108.55896949325266,3.945145087367321,11,1.585120641926809,0.5322045236515268,0.5941323476580485,2.978405051973408,2.5012001250600084,0.1686635974008576,-0.0628780720720687,"[-0.5427933043431352, -0.1575389031156793]",0.5651929557546085,1,0.5651929557546085,11,3.911843036916696,moving,77,[47],[47],1.0,[47],[17.83675476349569],0.3856871743703023,0,0.0,[],0.0,0,0.0,,
279552,88,,107.99492933331572,3.7855482673961234,12,1.557052404182042,0.5350908406048505,0.638025493272683,2.909884240257219,2.5434501271725023,0.0067315110754752,-0.1619320863253824,"[-0.5640401599369369, -0.15959681997119768]",0.5861846526194662,1,0.5861846526194662,12,4.302105568708139,moving,74,[],[],0.0,[],,142.09554861330494,0,0.0,[],0.0,0,0.0,,
278983,88,,109.30698587050507,5.571923404205306,13,1.8284263212415504,0.5170669692213777,1.1688354897213429,3.5361499188294223,2.881450144072507,2.480035175729839,2.473303664654364,"[1.3120565371893633, 1.7863751368091823]",2.216445010865681,1,2.216445010865681,13,4.650460821605666,moving,91,[68],[],1.0,[68],[43.942246946705865],167.09924023558213,0,0.0,[68],1.0,0,0.0,[43.942246946705865],[43.942246946705865]
324003,88,,108.99824653653496,4.858324442534641,14,1.871315067087896,0.5102997621385061,1.3544377941968286,3.6670898282331192,2.930037646501882,2.9164319196919224,0.4363967439620833,"[-0.30873933397013786, -0.713598961670665]",0.7775239253153408,1,0.7775239253153408,14,5.199615223811562,moving,87,[74],[],1.0,[74],[64.27715555524895],10.055561566784752,0,0.0,[74],1.0,0,0.0,[64.27715555524895],[64.27715555524895]
311143,88,,107.51392270495576,2.6116118417373797,15,1.5679242770514907,0.5159510237160071,0.1746723784359654,3.038901378194604,2.469512623475635,0.1755026574773605,-2.740929262214562,"[-1.4843238315792036, -2.2467126007972613]",2.692755976239801,1,2.692755976239801,15,5.857772372121289,moving,67,[],[],0.0,[],,178.92139527102427,0,0.0,[],0.0,0,0.0,,
306428,88,,108.47460175103836,4.007845012736164,16,1.7826500529431504,0.5783202226693859,0.5390982738197783,3.0824619009774032,2.8582126429106323,3.122767449741568,2.9472647922642072,"[0.9606790460826176, 1.3962331709987845]",1.694807156398488,1,1.694807156398488,16,6.194949317103714,moving,87,[],[],0.0,[],,174.50594738346695,0,0.0,[70],1.0,0,0.0,[13.240519915187207],[13.240519915187207]
307731,88,,107.9271875664209,3.021740771006679,19,1.589611959721256,0.5475458422919995,0.5338920277399626,2.903157757654081,2.592037629601879,1.5238947976361303,-0.5220617172648274,"[0.015680122679512465, 0.017405129175776413]",0.0234265825264809,1,0.0234265825264809,19,7.759932519532522,moving,69,[40],[],1.0,[40],[3.0876512849850997],97.9639538374022,0,0.0,[],0.0,0,0.0,,
306363,88,,107.5267844120314,3.3234644353079106,20,1.578879152437784,0.5741996942330273,0.8014304119227785,2.7497039240794647,2.6469626323481323,1.6583343979850511,0.1344396003489207,"[-0.40040315438950813, 0.30172366430123176]",0.5013580114493341,1,0.5013580114493341,20,8.315984108178807,moving,70,[31],[],1.0,[31],[8.607032395317844],68.17398164180715,0,0.0,[],0.0,0,0.0,,
306745,88,,106.69955048746029,2.822983896172313,22,1.6045556153341771,0.5137569653355105,0.733217425783607,3.1231802653737595,2.5033126251656315,0.4739309705798532,-0.8228073175208899,"[-0.22245573168960675, -0.03979986334057495]",0.2259880122561521,1,0.2259880122561521,22,8.972146997922858,moving,65,[26],[26],1.0,[26],[13.240519915187178],70.49396541664088,0,0.0,[],0.0,0,0.0,,
309012,88,,106.19796658629753,3.233815446895276,23,1.6247290076295735,0.5276827792578352,0.9531246394811768,3.0789881184197254,2.625837631291878,0.863298672984602,0.3893677024047488,"[-0.5015839011627605, 0.41083155072296274]",0.6483586761778455,1,0.6483586761778455,23,9.198980165346978,moving,64,[24],[],1.0,[24],[15.858140906858665],86.67623525342057,0,0.0,[],0.0,0,0.0,,
310823,88,,105.75953327917566,2.757750209472144,26,1.573788738048527,0.5224279214214448,0.680538354256544,3.01245142825922,2.505425125271258,0.5424410446129129,0.5081102685452368,"[-0.03203964179525087, -0.009228940916414796]",0.0333423454005062,1,0.0333423454005062,26,9.452410518086682,moving,58,[],[],0.0,[],,156.72083739735467,1,0.0,[],0.0,0,0.0,,
335110,88,,106.1445852890146,2.9298088392977317,29,1.6224725379971563,0.5280540594863044,0.552977228843553,3.0725500710580884,2.522325126116264,2.319328034937888,-0.3508460717898116,"[0.05304864004320109, 0.010719490477478555]",0.0541208433649169,1,0.0541208433649169,29,9.58199358745257,moving,63,[],[],0.0,[],,1.6469577682866543,0,0.0,[],0.0,0,0.0,,
336587,88,,106.95449868980032,3.320015355244783,32,1.6317585158303494,0.5225607794376549,0.3876546833871513,3.122619568935769,2.6511876325593784,0.202938738299348,0.0237336577537769,"[0.12773226508717528, 0.07346861820198036]",0.1473538917192511,1,0.1473538917192511,32,10.016071532775536,moving,71,[22],[22],1.0,[22],[39.03995641266961],118.44506795400908,1,1.0,[],0.0,0,1.0,,
339991,88,,106.91076030996862,2.399666861829998,35,1.58929991863248,0.5449986965553272,0.4603369890722204,2.9161536140869235,2.6047126302356327,0.8924424712252581,-0.1621505675478716,"[0.198451503225769, -0.015483979378095647]",0.1990546476471943,1,0.1990546476471943,35,9.797207834224206,moving,58,[],[],0.0,[],,37.28721544613333,0,0.0,[],0.0,0,0.0,,
344930,88,,107.24358919729391,1.916597270137155,39,1.5945872692076153,0.504537405154718,-0.3256180691963777,3.1604936579848424,2.433600121680004,2.8562010774084725,1.1929315952689368,"[0.17194483913716851, -0.09333958199252934]",0.1956458669955664,1,0.1956458669955664,39,9.848624452053675,moving,64,[28],[28],1.0,[28],[150.40569859162355],106.4106018306288,0,0.0,[],0.0,0,0.0,,
348441,88,,107.56181821492144,2.309254370474795,40,1.6129543308631085,0.5195722423901055,2.535982681732857,3.104388955505574,2.5307751265387584,1.3870498982919104,-1.469151179116562,"[0.3182290176275018, 0.39265710033764]",0.505419930459542,1,0.505419930459542,40,9.93823219130864,moving,66,[39],[39],1.0,[39],[137.87676507030056],,0,0.0,[],0.0,0,0.0,,
366058,88,,107.9035721649158,2.363165902022595,46,1.631334324933839,0.5355260210658438,-0.5058045682054612,3.0462279343346115,2.564575128228752,2.3653489810242667,1.634219746069982,"[-0.19759964132330765, 0.12765339013692678]",0.2352466923562375,1,0.2352466923562375,46,13.65182019017522,moving,69,[93],[93],1.0,[93],[20.449547610792568],,0,0.0,[],0.0,0,0.0,,
281034,89,,112.4109318475634,7.187108147918088,0,3.381051863642286,0.4815136260512263,1.674455704297895,7.021715857491827,4.9664877483243774,,,"[0.0, 0.0]",0.0,0,0.0,0,0.0,moving,86,[],[],0.0,[],,,0,0.0,[],0.0,0,0.0,,
279383,89,,112.13308799162496,6.539070232075478,1,3.4633256207689365,0.4870854960167602,1.5382762457871604,7.110303322704083,5.02986275149313,,,"[-0.27784385593844263, -0.6480379158426102]",0.7050888941490824,1,0.7050888941490824,1,1.2114357788295629,moving,76,[],[],0.0,[],,,0,0.0,[],0.0,0,0.0,,
287972,89,,112.41885754924444,6.062698715150139,2,3.286015602977933,0.5082333248631349,1.704960281256783,6.465565011626979,5.000287750014369,0.945376654485842,,"[0.2857695576194743, -0.4763715169253384]",0.5555124320839075,1,0.5555124320839075,2,3.716707190013549,moving,74,[37],[],1.0,[37],[62.25453644703376],51.700258780017165,0,0.0,[37],1.0,0,0.0,[62.25453644703376],[62.25453644703376]
287050,89,,112.19369094477302,5.468106649785748,3,3.240290994693612,0.5095774766418777,1.5257678013637088,6.358779858260558,4.951700247584992,0.9023397398444064,-0.0430369146414356,"[-0.22516660447141135, -0.5945920653643917]",0.6357984932063602,1,0.6357984932063602,3,7.850697194142078,moving,69,[33],[33],1.0,[33],[54.44380632136438],9.121366864899992,0,0.0,[33],1.0,0,0.0,[54.44380632136438],[54.44380632136438]
282407,89,,112.07139843454898,4.873390312988848,4,3.304116052908652,0.5005552105332708,1.2824110385057097,6.600902324817643,5.046762752338143,0.1591978840748177,-0.7431418557695886,"[-0.12229251022404242, -0.5947163367968997]",0.607159764238393,1,0.607159764238393,4,13.336827007861558,moving,64,[37],[37],1.0,[37],[42.68391430777724],51.792807569543946,0,0.0,[37],1.0,0,0.0,[42.68391430777724],[42.68391430777724]
292519,89,,111.61267890166975,4.643807458802283,5,3.264322078900064,0.4999390121487771,1.273156271901616,6.52944059090278,4.958037747901888,0.9039550209403716,0.744757136865554,"[-0.45871953287921485, -0.22958285418656477]",0.5129638357441727,1,0.5129638357441727,5,20.05148990697938,moving,60,[35],[35],1.0,[35],[39.77001898742546],26.980684849733468,0,0.0,[35],1.0,0,0.0,[39.77001898742546],[39.77001898742546]
287116,89,,110.92978583979884,3.718635307793173,6,3.247573860967337,0.5051029974153224,1.0678639017966969,6.429527992479938,5.015075250753746,0.4709017850707685,-0.4330532358696032,"[-0.6828930618709421, -0.92517215100911]",1.149907145361874,1,1.149907145361874,6,27.78611551667769,moving,44,[34],[],1.0,[34],[108.78118815228771],37.44689768596648,0,0.0,[34],1.0,0,0.0,[108.78118815228771],[71.21881184771229]
279058,89,,109.57654400509035,3.3275015413385853,10,3.255674211064258,0.4728767691081127,0.6752525990606302,6.884825865319514,4.829175241458757,1.007947448671167,0.7464406898482194,"[-0.23869306952363445, 0.09695005459938733]",0.257630926958389,1,0.257630926958389,10,66.06401547724606,moving,57,[],[],0.0,[],,147.3934970456192,0,0.0,[39],1.0,1,1.0,[134.6011959102632],[45.398804089736814]
279858,89,,111.18113378205936,5.155745003928898,11,1.6513294777658711,0.5022763751650834,0.9188992085576938,3.2876909196119923,2.507537625376876,1.9053207727815216,0.8973733241103545,"[1.604589776968993, 1.8282434625903123]",2.432525952761372,1,2.432525952761372,11,77.1863763921803,moving,89,[64],[],1.0,[64],[15.12752191244013],137.93061480077512,0,0.0,[],0.0,0,0.0,,
279559,89,,110.52345099121628,5.078970918779428,12,3.2778877795590087,0.5027028283741782,0.8721267687506697,6.5205278238839925,5.0869002543450215,2.407343367573544,0.5020225947920225,"[-0.6576827908430829, -0.07677408514947004]",0.662148709522026,1,0.662148709522026,12,89.41059956481838,moving,75,[],[],0.0,[],,124.9517796554322,0,0.0,[],0.0,0,0.0,,
279032,89,,111.8721373853656,7.584430454603597,13,1.5799309881136343,0.5473340787172285,1.07630832562056,2.8865934893300893,2.5244376262218764,2.180819961213757,-0.2265234063597865,"[1.3486863941493255, 2.505459535824169]",2.845396716701517,1,2.845396716701517,13,102.24367053997464,moving,129,[],[],0.0,[],,1.3626744719441617,0,0.0,[],0.0,0,0.0,,
325448,89,,112.2664583246762,8.276977965933337,14,1.6892902628994315,0.5100005851421421,1.1154839895240345,3.312330048461827,2.5012001250600058,0.0237831561683193,-2.157036805045438,"[0.3943209393106031, 0.6925475113297406]",0.7969385538595892,1,0.7969385538595892,14,116.19844958069962,moving,144,[],[],0.0,[],,0.5115775970458776,0,0.0,[],0.0,0,0.0,,
311894,89,,113.01955200582246,9.627543381327468,15,1.6254013116209765,0.4963651866743846,1.228214561208561,3.2746077993726,2.4483876224193755,0.0089287134479286,-0.0148544427203907,"[0.7530936811462681, 1.3505654153941293]",1.546343116465797,1,1.546343116465797,15,130.9757220564531,moving,164,[],[],0.0,[],,27.19001562949594,0,0.0,[],0.0,0,0.0,,
306595,89,,113.06194534532558,10.869738862153737,16,1.6467153623462631,0.4887590147751455,1.3684861133259911,3.369176450083151,2.4378251218912537,0.4745552964034232,0.4656265829554946,"[0.0423933395031213, 1.24219548082627]",1.2429186650056532,1,1.2429186650056532,16,146.49038973962686,moving,192,[],[],0.0,[],,13.274769038858434,0,0.0,[],0.0,0,0.0,,
307597,89,,113.44804590736383,12.287949745401278,17,1.6626262777865628,0.4821355040829981,1.257454330670171,3.448462649413902,2.4441626222081414,0.2316884271698924,-0.2428668692335308,"[0.3861005620382656, 1.418210883247541]",1.46982847753336,1,1.46982847753336,17,162.79603765519704,moving,210,[],[],0.0,[],,10.381051353094913,0,0.0,[],0.0,0,0.0,,
310402,89,,113.5181695046168,13.114664830030522,18,1.749528427751765,0.480827731446186,1.3061023876668276,3.638576382626075,2.439937621996882,0.1811835259301451,-0.0505049012397472,"[0.07012359725294459, 0.8267150846292441]",0.829683765084765,1,0.829683765084765,18,179.7046410845704,moving,223,[],[],0.0,[],,3.344619974499749,0,0.0,[],0.0,0,0.0,,
309052,89,,113.5586633750322,14.657240885392271,19,1.6589384872646895,0.4925579085819672,1.518165078534569,3.3680070066088965,2.469512623475626,0.0583746307829703,-0.1228088951471747,"[0.04049387041540342, 1.5425760553617511]",1.543107462271063,1,1.543107462271063,19,197.20984225887415,moving,244,[],[],0.0,[],,2.1615169519352433,0,0.0,[],0.0,0,0.0,,
307124,89,,113.53501848115114,16.716665662512963,20,1.6706322260178963,0.512064882861477,1.645998247241002,3.2625401232012106,2.4758501237925006,0.037725587648942,-0.0206490431340283,"[-0.023644893881055395, 2.0594247771206895]",2.0595605098236973,1,2.0595605098236973,20,215.2947999220789,moving,286,[],[],0.0,[],,8.384461530697294,0,0.0,[],0.0,0,0.0,,
312171,89,,113.76573042450592,18.41708872889759,21,1.7135407489427252,0.4818085157363895,1.7355547997472676,3.556476676888479,2.4969751248487544,0.1463364597174714,0.1086108720685293,"[0.23071194335477685, 1.7004230663846265]",1.7160030901777052,1,1.7160030901777052,21,233.58872395853643,moving,307,[],[],0.0,[],,3.956957122779096,0,0.0,[],0.0,0,0.0,,
311870,89,,113.88401484479294,18.989086193143585,23,1.637639955849488,0.5059200289129623,1.698483024063579,3.236954186945671,2.4357126217856298,1.415017643716158,1.179183006352861,"[-0.08485869407061841, 0.04931847827227287]",0.0981494282126159,1,0.0981494282126159,23,272.22539699502727,moving,320,[],[],0.0,[],,33.4491113500684,0,0.0,[],0.0,0,0.0,,
316862,89,,113.38600283465752,20.236383019571687,24,1.669078989449375,0.5200236849073487,1.853162158857013,3.2096210959059497,2.577250128862514,0.6644478115806967,-0.7505698321354612,"[-0.49801201013542595, 1.2472968264281015]",1.34304331108745,1,1.34304331108745,24,293.55261838989253,moving,337,[291],[],1.0,[291],[0.0],93.24140545449671,0,0.0,[],0.0,0,0.0,,
319648,89,,113.87238623701175,20.399352045817253,25,1.6367880336638077,0.5013621830703047,-1.4968512244627066,3.264681878557812,2.4758501237924926,1.6273695243679678,0.9629217127872712,"[0.4863834023542353, 0.16296902624556608]",0.5129597621657179,1,0.5129597621657179,25,315.5284079923422,moving,345,[],[],0.0,[],,71.56010094563834,0,0.0,[],0.0,0,0.0,,
313045,89,,113.87014077779578,21.927507732097,26,1.6420581146400128,0.4999640734203521,1.5629432799099727,3.284352220363299,2.4505001225249967,1.2489593745608965,-0.3784101498070713,"[-0.0022454592159704134, 1.5281556862797494]",1.5281573360083778,1,1.5281573360083778,26,339.02112384499225,moving,364,[393],[],1.0,[393],[60.22797395582273],19.544932597625948,0,0.0,[393],1.0,0,0.0,[60.22797395582273],[60.22797395582273]
332317,89,,114.1117221510428,22.611200857678785,27,1.6725333947159404,0.5033088186900674,1.5289863121299454,3.323075878282733,2.408250120412509,0.3411234259089611,-0.9078359486519354,"[0.24158137324702977, 0.6836931255817831]",0.7251191970067463,1,0.7251191970067463,27,362.67856024375874,moving,376,[419],[],1.0,[419],[67.08788599662888],31.005733499834,0,0.0,[419],1.0,0,0.0,[67.08788599662888],[67.08788599662888]
337266,89,,113.89481727017682,23.67305379532686,28,1.7550392583301353,0.5019788611087566,1.6793595628061553,3.496241364534066,2.49486262474313,0.541152136568041,0.2000287106590798,"[-0.21690488086599657, 1.0618529376480765]",1.0837801384669044,1,1.0837801384669044,28,387.2741290895848,moving,391,[430],[430],1.0,[430],[64.16132232428998],29.69638218286318,0,0.0,[430],1.0,0,0.0,[64.16132232428998],[64.16132232428998]
335780,89,,113.15710182641875,24.514512587242443,29,1.6548408594767354,0.5084445900847314,1.978770538727301,3.2547122965768187,2.5286626264331304,0.5182996450215303,-0.0228524915465107,"[-0.7377154437580629, 0.8414587919155814]",1.1190518193770944,1,1.1190518193770944,29,412.24164795427606,moving,401,[440],[],1.0,[440],[106.15883433350233],41.98757673873656,0,0.0,[440],1.0,0,0.0,[106.15883433350233],[73.84116566649767]
339747,89,,112.3820364290213,24.60653638054585,31,1.6568436144342569,0.512296695936994,2.112632408722249,3.234148546290893,2.461062623053122,0.7400162577821389,-0.1067331734446067,"[-0.09679406656199774, 0.08914169981517261]",0.131587742466944,1,0.131587742466944,31,467.25967705761127,moving,412,[410],[410],1.0,[410],[78.06816645813217],20.205153742928445,0,0.0,[410],1.0,0,0.0,[78.06816645813217],[78.06816645813217]
338261,89,,111.33416945001802,25.13990320769521,32,1.617408235975277,0.5145965964499928,2.398116215466985,3.1430605004641783,2.5117626255881333,0.2734418268943718,-0.466574430887767,"[-1.047866979003274, 0.5333668271493579]",1.1757998885817351,1,1.1757998885817351,32,497.4797013051876,moving,420,[],[],0.0,[],,19.143359857563137,0,0.0,[],0.0,0,0.0,,
341614,89,,110.45989264498732,26.04903233636408,33,1.5843076655849166,0.5361268651136377,-0.7742611092589841,2.955098445307541,2.477962623898122,0.3341146594085978,0.060672832514226,"[-0.8742768050306893, 0.9091291286688694]",1.2612992128788822,1,1.2612992128788822,33,528.4992128657965,moving,430,[],[],0.0,[],,0.0787977587758213,0,0.0,[],0.0,0,0.0,,
344418,89,,109.83394201373328,26.69814681276689,35,1.6763115397170076,0.5043560572012274,-0.5980929308355736,3.323666913051853,2.5392251269612505,0.228520935951882,0.1982550697380165,"[-0.10345701205676505, 0.07179846310592808]",0.1259300307634638,1,0.1259300307634638,35,591.9863312506758,moving,452,[445],[445],1.0,[445],[96.91122711902472],6.384443553092822,0,0.0,[445],1.0,0,0.0,[96.91122711902472],[83.08877288097528]
343292,89,,108.97529150326324,27.40990717589812,36,1.6845017176176504,0.500802266380114,2.4096416204741,3.363606418544234,2.560350128017505,0.0854502284949871,-0.1430707074568949,"[-0.8586505104700421, 0.7117603631312335]",1.1152952585101263,1,1.1152952585101263,36,626.1804231889505,moving,464,[],[],0.0,[],,9.26809899121452,0,0.0,[],0.0,0,0.0,,
342920,89,,107.9477434394329,28.01248218179318,37,1.6272740744272072,0.5069377104864194,2.5622975838231743,3.2100079373968784,2.4716251235812616,0.1617588427974618,0.0763086143024747,"[-1.0275480638303378, 0.6025750058950621]",1.1911975743808876,1,1.1911975743808876,37,659.7749569650896,moving,477,[491],[],1.0,[491],[117.82545384680782],44.31492179916097,0,0.0,[491],1.0,0,0.0,[117.82545384680782],[62.17454615319218]
349815,89,,107.7946108626285,28.57236136552142,38,1.6419525110643485,0.5148854661125304,-0.860870406379492,3.188966516109609,2.551900127595006,0.7734412931591682,0.6116824503617064,"[-0.15313257680439563, 0.5598791837282384]",0.5804431810702514,1,0.5804431810702514,38,694.5170590405864,moving,480,[],[],0.0,[],,46.1902358005148,0,0.0,[],0.0,0,0.0,,
348129,89,,107.0674094657932,28.96741168690512,39,1.6510597485810306,0.5075208428358537,-0.757230786975601,3.2531860944970665,2.5307751265387544,0.8061716969915419,0.0327304038323736,"[-0.7272013968352979, 0.39505032138369955]",0.827578774488914,1,0.827578774488914,39,729.7619040062551,moving,489,[],[],0.0,[],,34.06444848240543,0,0.0,[],0.0,0,0.0,,
353072,89,,106.19428155496712,30.65021821855543,40,1.6586513208792093,0.5111849629735638,2.133177995042725,3.244718528555363,2.5096501254825005,0.594536783893967,-0.2116349130975748,"[-0.8731279108260708, 1.6828065316503107]",1.8958349536888608,1,1.8958349536888608,40,763.8164091242196,moving,503,[469],[469],1.0,[469],[0.9649972288047053],80.78579805339092,0,0.0,[],0.0,0,0.0,,
360097,89,,106.55099211525898,30.91549092760115,41,1.6489609946942387,0.4980261844200666,-1.2264308756728797,3.3109925668153246,2.503312625165629,1.4099781648828715,0.8154413809889045,"[0.35671056029184456, 0.2652727090457212]",0.4445357510799075,1,0.4445357510799075,41,792.0291556691742,moving,503,[],[],0.0,[],,23.07410642429395,0,0.0,[],0.0,0,0.0,,
363763,89,,107.25159181234604,32.1149498109799,42,1.7163657124129703,0.4995793653591523,1.5295162354719225,3.435621707832266,2.5202126260106223,0.4027191290594771,-1.0072590358233944,"[0.7005996970870711, 1.1994588833787496]",1.3890793888308517,1,1.3890793888308517,42,818.2714983196971,moving,515,[],[],0.0,[],,22.184528275062615,0,0.0,[],0.0,0,0.0,,
364866,89,,107.37256270664297,32.964455039632675,43,1.6855465326676116,0.4896130458501195,1.301095069636054,3.442609519811674,2.522325126116258,0.3871930614016458,-0.0155260676578313,"[0.12097089429691721, 0.8495052286527738]",0.8580752244269715,1,0.8580752244269715,43,841.9230627989075,moving,525,[],[],0.0,[],,45.74335383099676,0,0.0,[],0.0,0,0.0,,
385207,89,,108.2364862149661,33.59564358117157,44,1.6318994574680994,0.5332119316402928,0.8562192557883915,3.0605081406336314,2.604712630235644,0.7983721352556716,0.4111790738540258,"[0.8639235083231398, 0.6311885415388971]",1.0699358874266076,1,1.0699358874266076,44,861.3865347769454,moving,550,[],[],0.0,[],,18.370673939358618,0,0.0,[],0.0,0,0.0,,
365155,89,,109.30471905914705,33.93823418178866,45,1.654340352592134,0.5240305529303239,0.6620453589955901,3.156954004573276,2.587812629390633,0.320628746052125,-0.4777433892035466,"[1.0682328441809403, 0.34259060061708624]",1.1218242861598589,1,1.1218242861598589,45,877.6707496117092,moving,560,[],[],0.0,[],,1.476929607848173,0,0.0,[],0.0,0,0.0,,
369487,89,,110.16256189384914,34.23794709250775,46,1.689698192932641,0.5145785440470391,0.4308875574346786,3.283654580005537,2.619500130975001,0.0257772844771393,-0.2948514615749857,"[0.8578428347020974, 0.29971291071909434]",0.9086925541135692,1,0.9086925541135692,46,890.9334870623603,moving,571,[],[],0.0,[],,7.020455971279352,0,0.0,[],0.0,0,0.0,,
373496,89,,111.4335535104735,34.86552623395635,47,1.6208805931205494,0.5342764888054793,0.4675372309078087,3.033786114647249,2.526550126327495,0.1225300716901211,0.0967527872129818,"[1.2709916166243573, 0.6275791414485994]",1.4174890716724269,1,1.4174890716724269,47,902.8665477165893,moving,583,[567],[567],1.0,[567],[51.52125621766618],14.765597840677476,0,0.0,[567],1.0,0,0.0,[51.52125621766618],[51.52125621766618]
368978,89,,112.21623040396722,35.54696325426381,48,1.5630851408079518,0.5924791157480893,0.5823707061887021,2.6382113719474045,2.554012627700634,0.257708298345187,0.1351782266550659,"[0.7826768934937149, 0.681437020307456]",1.0377569716723063,1,1.0377569716723063,48,903.5970390054524,moving,583,[551],[551],1.0,[551],[36.1838950827361],65.47056458658187,0,0.0,[551],1.0,0,0.0,[36.1838950827361],[36.1838950827361]
377059,89,,112.91828496874352,35.22811103631442,49,1.636164902520661,0.5167866914483901,0.3910025469251934,3.1660352899859068,2.5793626289681204,1.142676915175454,0.8849686168302668,"[0.7020545647763043, -0.31885221794939156]",0.7710689650183649,1,0.7710689650183649,49,901.4814453071756,moving,581,[555],[555],1.0,[555],[26.95815498831392],74.76686280544727,0,0.0,[555],1.0,0,0.0,[26.95815498831392],[26.95815498831392]
374574,89,,113.71833254994053,36.19316815170779,50,1.6216823030499887,0.5055791532701599,0.4395887897666429,3.2075735175406472,2.427262621363134,1.3049279273419394,0.1622510121664855,"[0.8000475811970063, 0.9650571153933711]",1.2535594793030584,1,1.2535594793030584,50,890.5691341791251,moving,592,[573],[573],1.0,[573],[0.23010229509722535],132.85208756803604,1,1.0,[564],1.0,1,1.0,[26.79515347217523],[26.79515347217523]
368902,89,,112.6811316296809,36.13530999924881,51,1.6663541872641403,0.5492040979215124,0.5597768484062621,3.0341255529056186,2.585700129285004,2.318706346210055,1.0137784188681156,"[-1.0372009202596217, -0.05785815245897652]",1.0388134167372756,1,1.0388134167372756,51,870.7871402399155,moving,591,[566],[],1.0,[566],[2.6525406660653346],45.498383695312846,0,0.0,[],0.0,0,0.0,,
380645,89,,111.79544325164838,35.127464173453305,52,1.6898041563605926,0.5164491785684137,0.2090363372174044,3.271966006499796,2.589925129496255,0.7940965998189137,-1.5246097463911412,"[-0.8856883780325262, -1.0078458257955063]",1.3417142436283938,1,1.3417142436283938,52,848.293445363132,moving,591,[584],[584],1.0,[584],[1.1598793208837321],32.65489415763537,0,0.0,[590],1.0,0,0.0,[22.190850451535],[22.190850451535]
377374,89,,110.87795694874764,34.86374985780448,53,1.7276167965496387,0.503012710391788,0.2041133523360856,3.4345390501246533,2.604712630235627,0.5699354199409974,-0.2241611798779162,"[-0.9174863029007412, -0.2637143156488264]",0.954634147874776,1,0.954634147874776,53,828.6781435301709,moving,583,[578],[],1.0,[578],[0.0],22.272433744795897,0,0.0,[575],1.0,0,0.0,[7.984404563909521],[7.984404563909521]
389770,89,,110.1101227422047,34.257160666555855,55,1.70660314291532,0.5079429408506122,0.3649299858456201,3.3598323860105346,2.6702001335100074,1.3521104365837746,0.8349844555836994,"[-0.10908140216446327, 0.0676459229291666]",0.1283538982154578,1,0.1283538982154578,55,793.7466167680296,moving,572,[552],[],1.0,[552],[5.334141457450187],38.31194345041245,0,0.0,[],0.0,0,0.0,,
394649,89,,109.23105945971292,34.257209765173485,58,1.691487247380819,0.4909713412041874,0.2604464043665387,3.445185299883635,2.600487630024377,1.3133266121261498,-1.313766901752472,"[-0.21117037964995689, 0.24036919164067427]",0.3199535552724772,1,0.3199535552724772,58,748.6889274506302,moving,587,[570],[],1.0,[570],[4.001218712476515],,0,0.0,[],0.0,0,0.0,,
395838,89,,108.9024973934861,33.81615125840471,59,1.725329697506716,0.5063160230895902,0.1263571197452144,3.4076142543911296,2.6427376321368814,1.78051484313059,0.4671882310044402,"[-0.32856206622682294, -0.4410585067687762]",0.5499869432598757,1,0.5499869432598757,59,721.4150492987117,moving,587,[],[],0.0,[],,,0,0.0,[],0.0,0,0.0,,
281092,90,,76.76330513193393,5.67909451948737,0,1.6968575940840036,0.5041437499587539,2.440761350024378,3.3658209473445435,2.630062631503127,,,"[0.0, 0.0]",0.0,0,0.0,0,0.0,moving,94,[],[],0.0,[],,,0,0.0,[],0.0,0,0.0,,
293051,90,,76.86040122706692,6.247343906183707,5,1.7189802006220616,0.4989821426157036,2.207775386716865,3.4449733844402366,2.636400131820002,0.2455139748120887,-1.5837253180142263,"[-0.0784744097861676, 0.0511316900485026]",0.0936626004256955,1,0.0936626004256955,5,6.805563000327288,moving,110,[],[],0.0,[],,,0,0.0,[],0.0,0,0.0,,
287815,90,,76.24184110136015,7.211423708130217,6,1.7322952218558505,0.5051327904510583,2.098520148465844,3.4293858062728364,2.642737632136878,0.4228649091961912,0.1773509343841025,"[-0.6185601257067646, 0.96407980194651]",1.145454710425336,1,1.145454710425336,6,8.143497765502092,moving,118,[],[],0.0,[],,21.02683678720497,0,0.0,[],0.0,0,0.0,,
281448,90,,76.09548045024023,7.920811529153306,8,1.746518603464827,0.477491014449138,1.9346831255555423,3.657699413421872,2.560350128017502,1.1931717141985856,1.1308715616624372,"[0.17239703188583633, 0.27472149110363375]",0.3243341398577245,1,0.3243341398577245,8,10.75464920006863,moving,135,[],[],0.0,[],,11.444235595860778,0,0.0,[],0.0,0,0.0,,
280410,90,,76.08707179464865,10.178091652301454,9,1.7458619611137032,0.4959474886842029,1.525754007480239,3.52025567413527,2.554012627700641,0.5641444369245373,-0.6290272772740483,"[-0.008408655591580327, 2.2572801231481474]",2.2572957847496578,1,2.2572957847496578,9,12.165854817707343,moving,164,[203],[],1.0,[203],[46.28856952164914],15.76182634452904,0,0.0,[203],1.0,0,0.0,[46.28856952164914],[46.28856952164914]
279481,90,,75.94381386791879,10.678506840504388,10,1.7433797868913337,0.4814097165446427,1.7028427303779352,3.621405482640823,2.5709126285456296,0.2750957658396138,-0.2890486710849234,"[-0.14325792672985926, 0.5004151882029344]",0.520517237135444,1,0.520517237135444,10,13.233924919925194,moving,174,[208],[208],1.0,[208],[26.965714432870136],54.966717701680565,0,0.0,[208],1.0,0,0.0,[26.965714432870136],[26.965714432870136]
280454,90,,74.9677820866766,11.01568752638797,11,1.7465969909953618,0.5308530222761001,2.0421459566613165,3.2901705702015303,2.651187632559367,0.959350202908576,0.6842544370689623,"[-0.9760317812421846, 0.3371806858835811]",1.032632002664896,1,1.032632002664896,11,14.283276796448732,moving,184,[],[],0.0,[],,65.16986982593191,0,0.0,[],0.0,0,0.0,,
325968,90,,74.83035558778634,12.375208809247017,14,1.7282184340521938,0.5109678044214385,1.4695408551816316,3.382245259090307,2.6427376321368845,1.1844962094379214,0.6679667162897603,"[0.19879759279457687, 0.04020651516896123]",0.2028226978495018,1,0.2028226978495018,14,17.157020994499323,moving,207,[162],[162],1.0,[162],[30.844514707323214],172.23229086180558,0,0.0,[256],1.0,1,1.0,[22.806495491605986],[22.806495491605986]
312151,90,,74.91332530909688,12.03067000253529,15,1.7359416235336027,0.5116848462997972,1.4107299419721182,3.392599245584285,2.6680876334043897,1.5340385921650332,0.3495423827271118,"[0.08296972131053337, -0.344538806711725]",0.3543881544079696,1,0.3543881544079696,15,18.3080181718037,moving,200,[157],[157],1.0,[157],[42.96266930318007],98.04433563578915,0,0.0,[],0.0,0,0.0,,
306613,90,,73.71574639495215,11.915451602702086,16,1.7421007485730653,0.5005070985195272,1.947526712993684,3.480671410507672,2.617387630869371,1.7111964697749298,0.1771578776098965,"[-1.197578914144728, -0.11521839983320348]",1.2031086963629636,1,1.2031086963629636,16,19.305403351034176,moving,201,[],[],0.0,[],,62.57371160092336,0,0.0,[],0.0,0,0.0,,
310337,90,,73.5769601392345,12.12980386988469,18,1.7637304557609763,0.4865073728426752,0.9228974681810782,3.625290292016447,2.625837631291878,2.477058210299907,0.8459113042649806,"[-0.1250448578885539, -0.17187361957076774]",0.212548247672677,1,0.212548247672677,18,20.41042948738581,moving,209,[193],[193],1.0,[193],[43.79881289299398],69.3881741782907,0,0.0,[193],1.0,0,0.0,[43.79881289299398],[43.79881289299398]
308706,90,,73.03034568684755,12.010523269910308,19,1.7793950891364356,0.4782711137524632,1.2566094315738288,3.720473676897388,2.5751376287568863,0.7269764955359792,-1.7500817147639276,"[-0.5466144523869474, -0.1192805999743829]",0.5594776323397845,1,0.5594776323397845,19,20.89448224317949,moving,201,[],[],0.0,[],,118.3115381183926,1,0.0,[186],1.0,1,1.0,[58.484676588630265],[58.484676588630265]
306844,90,,73.13299279454785,12.368458675276218,20,1.8316366407281712,0.500796387767226,-1.3244902862813677,3.65744778810092,2.689212634460622,2.064925883264729,1.3379493877287505,"[0.1026471077002924, 0.35793540536591095]",0.3723629722914114,1,0.3723629722914114,20,21.44226046062837,moving,211,[],[],0.0,[],,6.364278694285358,0,0.0,[],0.0,0,0.0,,
311396,90,,73.32803946760988,13.517093833862235,21,1.773832986520078,0.5203651034031845,1.5677699257319135,3.408823871776223,2.6849876342493944,0.1110776177298021,-1.9538482655349276,"[0.1950466730620377, 1.1486351585860195]",1.1650776507222596,1,1.1650776507222596,21,21.938351393642623,moving,230,[],[],0.0,[],,19.12994928018782,0,0.0,[],0.0,0,0.0,,
307895,90,,74.53546104705931,15.716360937126575,22,1.7684949518427,0.5020678239080474,0.7836861742413637,3.5224224051581445,2.691325134566269,0.333880600678797,0.2228029829489949,"[1.2074215794494307, 2.1992671032643383]",2.5089126453547306,1,2.5089126453547306,22,22.201999089243465,moving,269,[],[],0.0,[],,34.65607426517122,0,0.0,[],0.0,0,0.0,,
311592,90,,75.00544800308111,15.951473462759584,23,1.7958622282320955,0.5141879872235089,0.5182635472945565,3.492618016864452,2.7187876359393868,0.6048626017429086,0.2709820010641116,"[0.4699869560217991, 0.23511252563301]",0.5255146416039893,1,0.5255146416039893,23,21.525325461089448,moving,282,[],[],0.0,[],,166.93892829276072,1,0.0,[],0.0,1,0.0,,
316130,90,,74.15643497907023,15.248166527443493,24,1.8098262773920464,0.489702442813003,0.9359783321954576,3.695767305132973,2.7061126353056224,2.9136339484593927,2.308771346716484,"[-0.8490130240108869, -0.7033069353160926]",1.1024807300827644,1,1.1024807300827644,24,20.296887805939956,moving,258,[],[],0.0,[],,30.95630438686843,0,0.0,[],0.0,0,0.0,,
318653,90,,73.44211692158926,13.220424125222804,25,1.8072016755805664,0.490738167083487,1.7086655529966115,3.682618954056442,2.716675135833748,0.5402894358004171,-2.373344512658976,"[-0.7143180574809662, -2.0277424022206887]",2.1498812843985387,1,2.1498812843985387,25,19.14792362745729,moving,228,[],[],0.0,[],,33.50992570357594,0,0.0,[],0.0,0,0.0,,
311952,90,,73.73912848948873,12.03831749693009,26,1.7885703845891303,0.5046613262606021,2.2767915977158646,3.544100353086161,2.727237636361876,0.5848585356260775,0.0445690998256603,"[0.29701156789947447, -1.1821066282927148]",1.218848617392527,1,1.218848617392527,26,18.482774480204547,moving,209,[],[],0.0,[],,48.43932400153507,0,0.0,[],0.0,0,0.0,,
331881,90,,75.56273684904893,11.0907574422575,27,1.7841795522877508,0.53188675279591,-0.2416232719124986,3.354435023826129,2.727237636361876,0.8454256912671018,0.2605671556410243,"[1.8236083595601968, -0.9475600546725893]",2.055095498089797,1,2.055095498089797,27,18.49269760168516,moving,202,[],[],0.0,[],,53.29794895612178,0,0.0,[],0.0,0,0.0,,
336553,90,,78.64862218479368,12.585273538675455,28,2.1897142506388625,0.4981911325201338,0.8532981298595926,4.395329638972182,3.350425167521262,0.9302246938442004,0.0847990025770984,"[3.0858853357447487, 1.4945160964179571]",3.428741265802488,1,3.428741265802488,28,18.70405960305209,moving,215,[196],[196],1.0,[196],[115.76536142058531],173.4564284279724,0,0.0,[258],1.0,0,0.0,[37.57611965570078],[37.57611965570078]
335444,90,,75.69427675067823,11.550811726173816,29,1.8118641638370676,0.5099502007149855,-0.0713081921205355,3.5530217681975773,2.733575136678754,3.027385784818013,2.0971610909738123,"[-2.954345434115453, -1.0344618125016414]",3.130218552370266,1,3.130218552370266,29,17.518381283493998,moving,207,[201],[],1.0,[201],[0.20444437589601971],177.89250080168028,0,0.0,[],0.0,0,0.0,,
338564,90,,77.46651846558889,12.099078814873645,31,1.7866525700070444,0.4684360654899928,0.3518941106113782,3.8140798747811457,2.5561251278062533,2.981443477881504,-0.1334773007809735,"[-0.104852421944301, -0.053299062670090436]",0.1176215136320561,1,0.1176215136320561,31,16.378784491495768,moving,217,[],[],0.0,[],,162.15408138413778,0,0.0,[],0.0,1,0.0,,
337154,90,,76.81696063348495,11.643643621662475,32,1.8140359816917997,0.4730953089366601,0.6491439235181047,3.834398581903229,2.549787627489381,0.1412099371149531,-2.8402335407665507,"[-0.6495578321039375, -0.45543519321116577]",0.7933136784796156,1,0.7933136784796156,32,14.979939934447922,moving,206,[],[],0.0,[],,43.123745066201735,0,0.0,[],0.0,0,0.0,,
337585,90,,76.20312354744112,11.730870720490906,34,1.8208192520645357,0.5013619154116447,0.1785382679242584,3.631746241773364,2.752587637629381,1.4305881454376363,0.4760571956253129,"[-0.058337184168905765, -0.1111732419648046]",0.1255496586443859,1,0.1255496586443859,34,16.298262350955728,moving,212,[],[],0.0,[],,34.72764146597335,0,0.0,[],0.0,0,0.0,,
341496,90,,75.4514561346521,11.353807473387594,36,1.7956273609045366,0.5051241204733323,0.6299100606346181,3.5548240286405712,2.80117514005875,0.2286756256925636,-0.4402049941116672,"[-0.1369124217235651, -0.10350947971199354]",0.1716368946714515,1,0.1716368946714515,36,15.836024572087254,moving,207,[210],[210],1.0,[210],[27.998142148719324],22.94976266622002,0,0.0,[210],1.0,0,0.0,[27.998142148719324],[27.998142148719324]
339255,90,,75.03538209653247,10.865099431070751,37,1.7851080314412606,0.4847894159645488,0.8609961343251259,3.682233919834175,2.6807626340381336,0.2181570674006322,-0.0105185582919314,"[-0.41607403811963195, -0.4887080423168406]",0.6418357701330892,1,0.6418357701330892,37,14.082681883101984,moving,200,[180],[180],1.0,[180],[17.725439834647318],11.4635586483699,0,0.0,[180],1.0,0,0.0,[17.725439834647318],[17.725439834647318]
383481,90,,74.42016693608014,10.382254966530608,44,1.7753424891450127,0.4909838363070273,0.8597448086263633,3.615887851824996,2.655412632770627,2.773119822806137,0.8686961685601997,"[-0.1403757711479443, -0.16988297843220224]",0.2203760047881259,1,0.2203760047881259,44,18.31286859356444,moving,191,[],[],0.0,[],,21.825792966633852,0,0.0,[],0.0,0,0.0,,
363967,90,,73.96450642638712,9.594553282405572,45,1.8178004756898407,0.4714598045500333,0.6482809576790094,3.855684955846385,2.615275130763756,0.1661412557540245,-2.6069785670521126,"[-0.4556605096930184, -0.7877016841250359]",0.9100002435533296,1,0.9100002435533296,45,20.236004603260124,moving,188,[187],[187],1.0,[187],[113.23925465125856],145.43793459625445,1,1.0,[173],1.0,1,1.0,[49.54327902597106],[49.54327902597106]
370331,90,,74.53886275586017,9.86715378998598,47,1.7923325038696225,0.500222562009505,1.0204535012581273,3.583070097177195,2.6828751341437584,1.3102499897844204,-1.6012728938221956,"[0.21119202263490422, -0.11372396018557396]",0.2398649819063047,1,0.2398649819063047,47,25.263325280093746,moving,190,[],[],0.0,[],,58.677486517357494,0,0.0,[],0.0,0,0.0,,
366995,90,,74.620231999258,10.650189749601076,51,1.811641772406421,0.4854306641996728,1.6479692227714906,3.732029939627457,2.68498763424937,1.071290928825547,-1.6298803742070018,"[-0.09207123661023786, -0.15462833162163214]",0.1799639784818835,1,0.1799639784818835,51,35.85719237531157,moving,185,[240],[240],1.0,[240],[70.98347757252596],58.437554304278386,0,0.0,[240],1.0,0,0.0,[70.98347757252596],[70.98347757252596]
374736,90,,73.93847272224963,11.173228434670746,53,1.8213540466461973,0.5177178597324463,2.262869317409035,3.518043684232688,2.828637641431873,0.6082830902011461,-1.2609708675550473,"[-0.26386847450254436, 0.061012900856800556]",0.2708304744803687,1,0.2708304744803687,53,42.872420459614965,moving,201,[253],[253],1.0,[253],[105.79084118654825],25.41366029214489,0,0.0,[253],1.0,0,0.0,[105.79084118654825],[74.20915881345175]
386395,90,,73.35756784053935,11.297566289039786,54,1.7826429027124702,0.5214628292402332,-0.3085565602545219,3.418542612729972,2.77371263868563,0.0163712190146124,-0.5919118711865337,"[-0.580904881710282, 0.1243378543690401]",0.5940626091784714,1,0.5940626091784714,54,45.58938004607064,moving,211,[218],[],1.0,[218],[144.3619954123395],17.11843886971712,0,0.0,[218],1.0,0,0.0,[144.3619954123395],[35.638004587660504]
388720,90,,71.56803909503178,11.139836667596892,55,1.8256567660580263,0.4974501547233537,0.570058118921339,3.670029547127845,2.7652626382631325,0.2987731210779403,0.2824019020633279,"[-1.7895287455075675, -0.15772962144289338]",1.7964664662827432,1,1.7964664662827432,55,46.74778174491162,moving,205,[],[],0.0,[],,49.71651212154861,0,0.0,[],0.0,0,0.0,,
392555,90,,71.08497770738857,10.456230420136093,56,1.81168247861107,0.4883848642718684,1.3651021244815886,3.709538544590448,2.7061126353056366,0.8677168291286955,0.5689437080507551,"[-0.48306138764320394, -0.6836062474608013]",0.8370578270341996,1,0.8370578270341996,56,44.45779408899233,moving,178,[161],[],1.0,[161],[71.04995776969878],27.4120597194091,0,0.0,[161],1.0,0,0.0,[71.04995776969878],[71.04995776969878]
392654,90,,70.99815287741819,9.82520971385331,57,1.7432809803900475,0.5601457306689245,-1.5186921567922782,3.112191854623664,2.714562635728151,0.478430696857,-0.3892861322716954,"[-0.08682482997038221, -0.6310207062827811]",0.6369659981953555,1,0.6369659981953555,57,40.1874520661578,moving,167,[145],[145],1.0,[145],[43.406663586675954],26.894286869934646,0,0.0,[145],1.0,0,0.0,[43.406663586675954],[43.406663586675954]
393215,90,,71.17658059078234,9.308772842538287,58,1.8304744375999584,0.5000442581585126,1.896598834566364,3.660624850170168,2.7251251362562474,0.46939385585624,-0.00903684100076,"[0.17842771336414387, -0.5164368713150225]",0.5463913349880342,1,0.5463913349880342,58,34.698978238119736,moving,160,[],[],0.0,[],,,0,0.0,[],0.0,0,0.0,,
394130,90,,72.02312355550931,7.595483055930641,59,1.8111614833770997,0.5153420819671812,2.093818966879909,3.5144839646385413,2.71245013562251,0.1262613401607617,-0.3431325156954783,"[0.8465429647269787, -1.7132897866076462]",1.9110198544292565,1,1.9110198544292565,59,26.141866400086563,moving,134,[],[],0.0,[],,,0,0.0,[],0.0,0,0.0,,
299263,91,,29.20770762674183,72.70434089806186,2,2.4768154057528187,0.5264458151984095,0.2113926457959682,4.704786958595814,3.982062699103137,2.32783325007347,,"[0.1403929546583349, -0.07140035795134736]",0.1575061676039316,1,0.1575061676039316,2,2.533993566490321,moving,1128,[],[],0.0,[],,,0,0.0,[],0.0,0,0.0,,
303633,91,,30.06161850228993,72.51460563800185,3,2.516733885553418,0.5279092259186854,0.4367332437782925,4.7673610575259655,3.9947376997368815,0.2518405161358421,-2.075992733937628,"[0.8539108755481024, -0.1897352600600044]",0.8747361043705492,1,0.8747361043705492,3,3.69522847678682,moving,1124,[],[],0.0,[],,,0,0.0,[],0.0,0,0.0,,
298830,91,,30.9340415696373,72.82748843022028,6,2.384531999381684,0.5328958718483227,0.5928457224244273,4.474667801630839,3.94403769720188,0.0459951491885569,-0.2927516637844815,"[0.26399269953367366, 0.16963019083338793]",0.3137937970216239,1,0.3137937970216239,6,8.333284029057287,moving,1122,[1124],[1124],1.0,[1124],[56.2724260366884],13.32528228733138,0,0.0,[1124],1.0,0,0.0,[56.2724260366884],[56.2724260366884]
289972,91,,31.572982048420588,73.24329331579511,7,2.399716268658569,0.5350060590046826,0.8328363896262865,4.485400171211081,3.870100193505006,0.0057934492478236,-0.0402016999407332,"[0.6389404787832866, 0.4158048855748291]",0.7623244967175804,1,0.7623244967175804,7,10.011569796565366,moving,1132,[],[],0.0,[],,22.9751076083556,0,0.0,[],0.0,0,0.0,,
290644,91,,31.994536955065016,73.86898244636909,8,2.4635709589263164,0.5270350401534304,0.941160733919147,4.674396901976616,3.992625199631249,0.400991273765805,0.3951978245179814,"[0.4215549066444275, 0.6256891305739742]",0.7544504141654426,1,0.7544504141654426,8,11.970429976529015,moving,1145,[1196],[1196],1.0,[1196],[0.8520698781975113],9.997371031143532,0,0.0,[1196],1.0,0,0.0,[0.8520698781975113],[0.8520698781975113]
291539,91,,32.86746963474838,74.77396398639164,9,2.4560065750788844,0.5102909854788699,0.9369186001987246,4.81295308944975,3.838412691920631,0.1744870410369552,-0.2265042327288498,"[0.8729326796833661, 0.9049815400225469]",1.257379437974378,1,1.257379437974378,9,13.88132478338997,moving,1147,[],[],0.0,[],,163.32652506227993,0,0.0,[],0.0,0,0.0,,
289017,91,,32.354843697518284,74.48559447515719,10,1.2556919727049063,0.4980924460407018,0.8698651241772486,2.5210018394904488,1.9160375958018805,2.850585618177821,2.6760985771408663,"[-0.5126259372300979, -0.28836951123444976]",0.5881686208313324,1,0.5881686208313324,10,15.928534975841606,moving,1169,[1195],[],1.0,[1195],[6.732921326859611],154.14570005576297,0,0.0,[1233],1.0,1,1.0,[8.577716525016513],[8.577716525016513]
292673,91,,35.35493784414728,78.80434048478344,11,2.640094646424579,0.5086708633938901,1.1148177962010482,5.190182564831156,4.077125203856266,2.6903499937646704,-0.1602356244131511,"[3.000094146628996, 4.318746009626253]",5.25852945074003,1,5.25852945074003,11,17.814550714826932,moving,1211,[1158],[1158],1.0,[1158],[19.823170696485306],177.5880211648449,0,0.0,[1158],1.0,0,0.0,[19.823170696485306],[19.823170696485306]
290900,91,,32.96425347305498,75.03351455605241,12,2.5321243652408425,0.5242919048010996,0.6754141694962479,4.829607976116766,4.053887702694387,3.099495681427918,0.4091456876632482,"[-2.3906843710922985, -3.7708259287310284]",4.4648068207902565,1,4.4648068207902565,12,18.922824550877056,moving,1162,[],[],0.0,[],,150.9709241291294,0,0.0,[1208],1.0,0,0.0,[33.017514065080505],[33.017514065080505]
322579,91,,33.604218816045496,75.38238334245577,15,2.4389027089613475,0.5268580619279706,0.9074685591585282,4.629145656491411,3.979950198997508,1.776673876673413,0.2946755670979122,"[-0.2365806229938272, -0.12129450484226822]",0.2658622727674584,1,0.2658622727674584,15,25.108606044535897,moving,1172,[1157],[],1.0,[1157],[98.40337109056081],174.15380473661537,0,0.0,[1237],1.0,1,1.0,[27.34987578006988],[27.34987578006988]
311971,91,,33.06171656436042,75.15489059250162,16,2.461310287096682,0.5242041924813876,0.6874903498702856,4.695327359832349,4.01797520089876,0.0766880394590583,-1.6999858372143546,"[-0.5425022516850788, -0.22749274995415192]",0.588270043742738,1,0.588270043742738,16,27.527194191918856,moving,1180,[],[],0.0,[],,153.11709684882865,0,0.0,[],0.0,0,0.0,,
319199,91,,33.421128491403735,75.57769346033747,18,1.3374501012322468,0.520310357470252,0.6638934333648321,2.5704852537145846,2.021662601083124,1.984339520377001,-0.6985994280617491,"[-0.006099874355150803, 0.0018971618827947623]",0.0063880897268397,1,0.0063880897268397,18,31.22678238502981,moving,1198,[1171],[1171],1.0,[1171],[2.6871562393371846],173.41729301522872,0,0.0,[],0.0,0,0.0,,
316470,91,,32.58726147613178,74.79872641306194,19,2.510648064522167,0.520812066020195,0.7211814061602954,4.820641126284532,4.045437702271878,1.052904689966161,-0.9314348304108402,"[-0.8338670152719558, -0.778967047275529]",1.1411064191825917,1,1.1411064191825917,19,32.15341761301037,moving,1173,[],[],0.0,[],,175.53756746045258,0,0.0,[],0.0,0,0.0,,
312453,91,,32.90530361495567,75.05250711191886,20,1.2553906357762907,0.5298654377720745,0.6295229319510571,2.369263111507768,2.0174376008718817,3.0637085131265587,2.0108038231603977,"[0.3180421388238912, 0.25378069885691446]",0.4068850515563076,1,0.4068850515563076,20,33.38731050309313,moving,1191,[1168],[1168],1.0,[1168],[0.5583369987390654],168.5593961374675,0,0.0,[],0.0,0,0.0,,
314887,91,,32.20611541032205,74.69398422234151,22,2.543313141722859,0.5159660066884321,0.1871490568656706,4.929226167526668,4.030650201532512,2.6253946480532773,-0.5078027666930067,"[0.11492800433519079, 0.2799862094921508]",0.3026561145694106,1,0.3026561145694106,22,35.63623059557356,moving,1189,[],[],0.0,[],,164.4136796125327,0,0.0,[1181],1.0,0,0.0,[25.155623907987604],[25.155623907987604]
320697,91,,32.61820400938587,75.07469792416197,23,2.4736521668618705,0.5213757748350125,0.0086340456090654,4.744470852418582,3.990512699525648,0.4354463634785338,-2.189948284574744,"[0.41208859906382145, 0.3807137018204543]",0.5610347014510036,1,0.5610347014510036,23,36.38223944537321,moving,1200,[],[],0.0,[],,18.593264336624948,0,0.0,[],0.0,0,0.0,,
326447,91,,35.60723303303748,76.41428886472052,24,1.870246783168984,0.5019413306526299,0.67232484528641,3.726026666776508,2.839200141960009,0.3245136813677446,-0.1109326821107892,"[2.989029023651611, 1.3395909405585513]",3.275484451536634,1,3.275484451536634,24,37.157041322858014,moving,1207,[1194],[],1.0,[1194],[129.93363916193755],169.93635320265463,1,1.0,[1194],1.0,0,0.0,[129.93363916193755],[50.06636083806245]
328875,91,,31.491096361416897,75.38215774794067,25,2.534470137139556,0.5057111336068603,-0.4256824368650519,5.011695350788643,4.041212702060639,2.965948882218334,2.641435200850589,"[-4.116136671620584, -1.0321311167798513]",4.243568750672599,1,4.243568750672599,25,36.64724405346509,moving,1205,[1203],[1203],1.0,[1203],[123.00656161404176],21.033219782482227,0,0.0,[1203],1.0,0,0.0,[123.00656161404176],[56.99343838595824]
323936,91,,31.194540779866163,75.17365743490303,26,2.4382607290515974,0.5380407477282421,2.365351308269364,4.531739908820314,3.960937698046881,0.3670989374999204,-2.5988499447184137,"[-0.29655558155073436, -0.20850031303763217]",0.3625156458495066,1,0.3625156458495066,26,37.2480040324901,moving,1188,[1201],[1201],1.0,[1201],[106.40088154123288],0.3638062240626561,0,0.0,[1201],1.0,0,0.0,[106.40088154123288],[73.59911845876712]
333426,91,,30.49305780094792,74.68708987216615,27,2.488620639420257,0.5297362580164003,2.1831193715823485,4.697848413734992,3.956712697835627,0.0063496164491415,-0.3607493210507788,"[-0.7014829789182464, -0.4865675627368802]",0.8537132790461471,1,0.8537132790461471,27,38.15435583672117,moving,1173,[],[],0.0,[],,77.72699845229273,0,0.0,[],0.0,0,0.0,,
347104,91,,29.947957793369007,75.19506201732486,31,2.478774814326426,0.5279930758733234,2.2463074516733457,4.694710835414697,4.09825020491251,1.881637123307182,-0.1677589183146259,"[0.0018949708049795788, 0.23797905262482288]",0.2379865971069798,1,0.2379865971069798,31,41.52702695865567,moving,1185,[],[],0.0,[],,173.82897650440526,0,0.0,[],0.0,0,0.0,,
357621,91,,30.407171222566426,74.85140456279487,38,1.2748017815240462,0.536748434419444,1.969635588150678,2.37504517903791,2.040675102033757,3.057707133231492,0.7772685744132022,"[-0.024376177448246494, 0.02461085400527452]",0.0346394596068896,1,0.0346394596068896,38,53.91543297345327,moving,1209,[1242],[],1.0,[1242],[1.4774559927690376],165.24643904296616,0,0.0,[1274],1.0,0,0.0,[31.26373169437744],[31.26373169437744]
361102,91,,29.527176389573324,75.96022247403187,41,2.5380266092992905,0.5041930880516402,1.7709740567389365,5.033838561942647,3.9186876959343833,1.1262670149903928,1.0275869926127772,"[-0.1916033408276192, -0.0039009510062015806]",0.1916430474477422,1,0.1916430474477422,41,63.42198120014845,moving,1209,[],[],0.0,[],,32.98003896634568,0,0.0,[],0.0,0,0.0,,
365940,91,,29.411943094552413,77.16653231344706,42,2.512024973717693,0.5076085867160998,1.534512609998514,4.948744050940657,3.9398126969906246,1.4959165546462168,0.3696495396558239,"[-0.11523329502091073, 1.2063098394151979]",1.211801196959013,1,1.211801196959013,42,67.99861396155677,moving,1228,[],[],0.0,[],,0.1342912807104467,0,0.0,[],0.0,0,0.0,,
367759,91,,29.228977027845577,79.13051429627927,43,1.2756924361774498,0.5116843723457198,1.5243225338712334,2.493123701099723,1.8864625943231208,0.0023438250051172,-1.4935727296410994,"[-0.18296606670683602, 1.963981982832209]",1.9724862003207289,1,1.9724862003207289,43,72.5810426310475,moving,1287,[],[],0.0,[],,33.23907404890797,0,0.0,[],0.0,0,0.0,,
387703,91,,29.46048746603967,79.5674530979705,44,2.5586459274552062,0.5080494586184036,1.80154847562024,5.036214258377957,4.03276270163813,0.5801312824676468,0.5777874574625296,"[0.23151043819409267, 0.4369388016912268]",0.4944821527782231,1,0.4944821527782231,44,76.3537184746587,moving,1292,[],[],0.0,[],,24.43293067554246,0,0.0,[],0.0,0,0.0,,
367723,91,,29.48707753968431,80.00422526725885,45,2.613504666471381,0.5131957155728945,1.571345424745067,5.092608116484086,4.043325202166254,0.4264350861997382,-0.1536961962679085,"[0.026590073644641166, 0.4367721692883464]",0.4375808038308757,1,0.4375808038308757,45,80.62310659825155,moving,1308,[],[],0.0,[],,9.43001147512813,0,0.0,[],0.0,0,0.0,,
376179,91,,29.43735135257476,80.48164826877301,46,2.556324441806374,0.5031919697468741,1.4595805013180545,5.080217085126198,4.053887702694378,0.164584748741825,-0.2618503374579132,"[-0.0497261871095489, 0.4774230015141683]",0.4800056416952319,1,0.4800056416952319,46,85.23764513249034,moving,1308,[],[],0.0,[],,10.604290242820102,0,0.0,[],0.0,0,0.0,,
379405,91,,29.627932640340244,82.82069561890562,47,1.2654595501553263,0.5244401178545495,1.3003301036685984,2.4129724387452267,1.9646250982312552,0.1850797795743101,0.020495030832485,"[0.19058128776548244, 2.339047350132603]",2.346798613730778,1,2.346798613730778,47,89.73222950203977,moving,1369,"[1333, 1319]","[1333, 1319]",2.0,"[1333, 1319]","[0.0, 28.17981221134997]",158.23469298859763,0,0.0,[],0.0,0,0.0,,
381899,91,,29.98624414986627,81.65650943317324,49,2.5657325704405287,0.4992681100553938,0.8504478884942348,5.138987487416051,4.001075200053757,1.2766667484903451,-1.5991167798067507,"[0.1439933610092936, -0.015847941625807493]",0.144862849856434,1,0.144862849856434,49,103.4521779394517,moving,1337,[1394],[1394],1.0,[1394],[100.85565327563766],132.75230553676255,0,0.0,[1394],1.0,0,0.0,[100.85565327563766],[79.14434672436234]
380893,91,,30.64988524596505,82.7994897243085,50,1.3092800210824616,0.5092833133480742,0.9293284481787104,2.570828430397881,1.9963125998156304,1.1543652175033396,-0.1223015309870056,"[0.6636410960987789, 1.1429802911352596]",1.3216744872905852,1,1.3216744872905852,50,110.05241598856485,moving,1367,[1338],[],1.0,[1338],[5.47962954165618],174.64159702921063,0,0.0,[1373],1.0,0,0.0,[62.4027041313563],[62.4027041313563]
373851,91,,30.2754804487653,82.27457138459943,51,2.5288229390635326,0.5194922825466269,0.9618297616107012,4.86787393003583,4.022200201110003,3.048070879100873,1.8937056615975332,"[-0.3744047971997482, -0.5249183397090746]",0.644762138721805,1,0.644762138721805,51,116.39976358560524,moving,1345,[1312],[1312],1.0,[1312],[25.125425211615067],2.373598920000582,0,0.0,[1370],1.0,0,0.0,[49.15024299436487],[49.15024299436487]
384791,91,,29.913653248716027,81.80932261186493,52,1.2415795860199057,0.5245067209308203,0.9225983057993808,2.36713761039425,2.013212600660625,0.0414271162757916,-3.0066437628250813,"[-0.36182720004927305, -0.4652487727344976]",0.5893855641483365,1,0.5893855641483365,52,123.69628776029728,moving,1356,[1386],[1386],1.0,[1386],[5.50646196645306],178.3706200561859,1,1.0,[1427],1.0,0,0.0,[112.22364476576948],[67.77635523423052]
382216,91,,30.543427609001817,82.57325016098974,53,1.3598326282436146,0.5162128372592804,0.9852939975013524,2.6342479886074703,2.1272876063643884,3.113154608804277,3.071727492528485,"[0.6297743602857899, 0.7639275491248156]",0.990051031606565,1,0.990051031606565,53,132.3688739122194,moving,1369,[1404],[],1.0,[1404],[1.845024366302681],1.1512250598837486,0,0.0,[1442],1.0,0,0.0,[97.26302390760318],[82.73697609239682]
396581,91,,31.369565020353463,83.61742396544417,56,1.364186547703856,0.5362326112747104,1.2470786867825092,2.544020111833495,2.0280001013999973,0.2706375070924735,0.0345977451689163,"[0.053067292431531854, 0.18842154027761637]",0.1957519204672156,1,0.1957519204672156,56,153.35940828608375,moving,1376,[1415],[1415],1.0,[1415],[1.3685808069531191],19.701359171446665,0,0.0,[],0.0,0,0.0,,
396886,91,,31.67289934254696,84.51620725438167,57,2.578255585132238,0.5059163432688429,1.2243618102112728,5.09620932281715,4.081350204067514,0.050960768652689,-0.2196767384397844,"[0.3033343221934999, 0.8987832889374943]",0.948590065040684,1,0.948590065040684,57,163.42478226880934,moving,1384,[1447],[1447],1.0,[1447],[44.9490553369171],21.72880441381327,0,0.0,[1447],1.0,0,0.0,[44.9490553369171],[44.9490553369171]
397938,91,,32.93569411523183,86.00113804214459,58,1.3151391406787982,0.5036150585728632,0.9046176667759732,2.611397571005164,2.0364501018225063,0.3792391795429126,0.3282784108902236,"[1.2627947726848703, 1.48493078776292]",1.9492742450374805,1,1.9492742450374805,58,172.58445491469212,moving,1441,[1406],[1406],1.0,[1406],[1.1529169609145526],,0,0.0,[1464],1.0,0,0.0,[30.801445976136847],[30.801445976136847]
398934,91,,32.48273842751737,84.63151387061431,59,2.6186446355898827,0.5176040641857694,0.6625622638789848,5.059165522027363,4.19331270966563,2.7562551399742428,2.37701596043133,"[-0.45295568771446426, -1.3696241715302762]",1.442580752080409,1,1.442580752080409,59,154.98129623938823,moving,1405,[],[],0.0,[],,,0,0.0,[],0.0,0,0.0,,
282906,92,,124.15370849984195,38.13402256634856,1,1.4942593326485831,0.5362500348029291,2.2538482767250048,2.786497409175406,2.427262621363128,,,"[-0.15015476102225023, 0.13131088830806448]",0.1994718066442024,1,0.1994718066442024,1,0.0630471302431686,moving,596,[569],[569],1.0,[569],[22.612173895308473],,0,0.0,[625],1.0,0,0.0,[25.457259800409407],[25.457259800409407]
283016,92,,123.7385293352565,38.265375058475406,10,1.3668235382265057,0.5444088735754972,2.054681953837144,2.510656244909568,2.254037612701881,0.8311444047388579,-2.288477814231798,"[-0.009989407893613134, -0.020063300846636878]",0.022412592686426,1,0.022412592686426,10,2.0416075356126164,moving,611,[576],[],1.0,[576],[11.049103716567274],,0,0.0,[643],1.0,0,0.0,[13.012440956690114],[13.012440956690114]
311262,92,,123.722917867526,38.17051790854879,19,1.4266937087688445,0.5410703721640225,2.048003160534555,2.636798801351389,2.3258626162931244,1.433456345237083,0.488468488210854,"[-0.010784135887178081, 0.04484862359076658]",0.0461269620159336,1,0.0461269620159336,19,3.614414952462917,moving,620,[],[],0.0,[],,147.3384297292838,0,0.0,[],0.0,0,0.0,,
314650,92,,123.43102529791685,38.84777446771596,21,1.4161616128363184,0.5376642206766892,2.025638268682009,2.633914548105836,2.3300876165043887,0.0790301980239812,-0.0751467769456833,"[-0.07088027673543706, 0.13982005749510762]",0.1567598867951471,1,0.1567598867951471,21,4.077975557469309,moving,626,[],[],0.0,[],,11.216150097198632,0,0.0,[],0.0,0,0.0,,
340240,92,,122.75378099557084,39.831999059549375,34,1.4282509398161345,0.5455102324642158,2.0544336364068827,2.618192757566329,2.36388761819438,0.4339063377693938,-0.0290043594628722,"[-0.018255959048701698, 0.017205822533405524]",0.0250862585859055,1,0.0250862585859055,34,7.921458227907198,moving,629,[],[],0.0,[],,1.8528371526493048,0,0.0,[],0.0,0,0.0,,
344524,92,,122.3928402553106,40.32184147150584,36,1.447671901693334,0.5510566278915492,2.074385323309463,2.627083730455091,2.3702251185112484,0.0344789943882773,-0.1572965676273766,"[-0.1273746470885726, 0.1648999597555303]",0.2083657780162422,1,0.2083657780162422,36,8.339738837830998,moving,650,[],[],0.0,[],,10.417895966658204,0,0.0,[],0.0,0,0.0,,
377738,92,,122.08512681449665,40.953677141450335,49,1.461912255772858,0.5260050459069961,1.9899672251788856,2.7792742049690173,2.3469876173493787,0.0216372878300097,-0.0077080886266121,"[0.07144363993820946, -0.11341424310570858]",0.1340409796549595,1,0.1340409796549595,49,3.781850173475464,moving,675,[628],[628],1.0,[628],[9.031071796440635],179.59646920966475,1,1.0,[],0.0,0,1.0,,
376131,92,,122.53011020609826,40.05609623949391,50,1.478005477266615,0.5360858138235021,2.0490674615350977,2.757031503454828,2.366000118300005,0.1018917730163355,0.0802544851863257,"[0.4449833916016246, -0.8975809019564238]",1.001829174239896,1,1.001829174239896,50,2.996359340161449,moving,661,[613],[],1.0,[613],[7.024143601867451],21.806571595544582,0,0.0,[],0.0,0,0.0,,
369619,92,,122.81765755648333,39.79879035920265,51,1.4642492273477414,0.5344327143517641,-1.2352367559489978,2.7398196031539555,2.3702251185112657,0.3805964729140885,0.278704699897753,"[0.2875473503850543, -0.25730588029126267]",0.3858624039031618,1,0.3858624039031618,51,2.703946236358394,moving,655,[611],[],1.0,[611],[20.2711029881269],,0,0.0,[],0.0,0,0.0,,
390026,92,,123.0387556917692,39.73341280199059,55,1.488305651150755,0.5181926087463924,-1.2235073261145937,2.87210899196585,2.3554376177718788,0.4069152161468063,-2.523053369264196,"[-0.041611593892483256, 0.03002451923235583]",0.051312732351796,1,0.051312732351796,55,2.4965078801788736,moving,662,[619],[619],1.0,[619],[15.552125267343115],,0,0.0,[],0.0,0,0.0,,
281573,93,,128.9778756256303,8.657155231278887,0,1.8643430662171607,0.5337090486669532,0.3438691425804598,3.493182420035292,3.082137654106882,,,"[0.0, 0.0]",0.0,0,0.0,0,0.0,moving,157,[133],[133],1.0,[133],[38.891961681817364],,0,0.0,[],0.0,0,0.0,,
279535,93,,127.8295251483685,7.038568922353949,1,1.5141946441992813,0.5245768881420984,1.8654328984250268,2.886506589266878,2.4378251218912625,,,"[-1.1483504772618005, -1.6185863089249377]",1.9845731173395096,1,1.9845731173395096,1,2.478028034870512,moving,115,"[136, 166]","[136, 166]",2.0,"[136, 166]","[50.906141113770516, 95.44033203100551]",,0,0.0,[136],1.0,0,0.0,[50.906141113770516],[50.906141113770516]
289399,93,,129.34515360093482,9.32536639475004,2,1.822859343630516,0.5794445205927774,0.0645213966042119,3.14587381336476,3.067350153367505,3.109836663008881,,"[1.5156284525663182, 2.286797472396092]",2.743459911496016,1,2.743459911496016,2,1.3894032953537845,moving,175,"[121, 143]","[121, 143]",2.0,"[121, 143]","[86.4482666451796, 60.528278871884254]",168.12149786287728,0,0.0,[150],1.0,0,0.0,[12.227331158765622],[12.227331158765622]
287745,93,,127.78513157100905,7.787719844441439,3,1.5406213992019644,0.5025816384572199,1.1674800597805703,3.0654152108127666,2.37233761861689,2.9342736810918173,-0.1755629819170638,"[-1.5600220299257757, -1.5376465503086019]",2.1904396014338494,1,2.1904396014338494,3,3.2074839661161976,moving,141,[180],[],1.0,[180],[108.31333419099282],174.32357157507147,0,0.0,[180],1.0,0,0.0,[108.31333419099282],[71.68666580900718]
293557,93,,128.41601036786008,8.54660772169877,5,1.5268353659295184,0.5122501063722964,0.6026934773035351,2.980644312096707,2.4103626205181348,1.3574163754645503,-1.502501852098722,"[0.17530551925281657, -0.05376136898270545]",0.183363872874114,1,0.183363872874114,5,4.662504562376525,moving,156,[182],[182],1.0,[182],[131.40481488484505],43.72332671930996,0,0.0,[182],1.0,0,0.0,[131.40481488484505],[48.59518511515495]
288186,93,,129.23430624797746,8.64040854209104,6,1.5940217426958048,0.4994194350295609,0.4247745600118982,3.1917495213246028,2.427262621363128,0.4116983040296595,-0.945718071434891,"[0.8182958801173754, 0.09380082039226956]",0.8236545036138229,1,0.8236545036138229,6,7.02913265467034,moving,155,[],[],0.0,[],,16.29097549507755,0,0.0,[],0.0,0,0.0,,
280975,93,,130.46287380421165,9.157613407235186,7,1.540411804066777,0.4764699648297823,0.3808350724189511,3.2329672755282384,2.2709376135468875,0.2843311607508165,-0.127367143278843,"[1.2285675562341964, 0.5172048651441461]",1.3329962913526954,1,1.3329962913526954,7,5.0812443501675855,moving,161,[],[],0.0,[],,175.63181127448627,0,0.0,[],0.0,1,0.0,,
281588,93,,129.9623831152436,8.990520297755916,8,1.5804879748346603,0.4780039601409301,0.4383143132389053,3.306432805219196,2.31530011576501,3.065353377981084,2.781022217230267,"[-0.5004906889680569, -0.16709310947926959]",0.5276466971176561,1,0.5276466971176561,8,9.962485156940533,moving,158,[],[],0.0,[],,,0,0.0,[],0.0,0,0.0,,
280453,93,,131.44657465332105,9.438888886015398,9,1.5543714754703366,0.5174188190225072,0.1862508617081297,3.0040876333157165,2.456837622841884,3.112748234542791,0.047394856561707,"[1.4841915380774537, 0.44836858825948234]",1.5504382969465502,1,1.5504382969465502,9,6.70558239626894,moving,171,[],[],0.0,[],,,0,0.0,[],0.0,0,0.0,,
285317,94,,127.02978308851104,38.64085337811765,0,1.6299796042906776,0.5240139610462184,1.0754677447668757,3.110565224324075,2.583587629179376,,,"[0.0, 0.0]",0.0,0,0.0,0,0.0,moving,601,[],[],0.0,[],,,0,0.0,[],0.0,0,0.0,,
293348,94,,126.809818959721,38.104343057872335,6,1.6497643799310076,0.5151640168634272,1.362475348395103,3.2024060802530183,2.6089376304468845,2.255829619596497,1.1210200044254064,"[-0.1522736651035217, 0.0045161129941320155]",0.1523406195360753,1,0.1523406195360753,6,3.804903633560424,moving,597,[639],[639],1.0,[639],[11.18711212728276],,0,0.0,[],0.0,0,0.0,,
284868,94,,126.51478125351991,38.256719245506325,9,1.6636349321240016,0.5394544220257294,1.5536400538894275,3.0839212066828776,2.6258376312918705,3.022646441683968,2.109575233185233,"[-0.07279163495802266, -0.18459372947227592]",0.1984274856977879,1,0.1984274856977879,9,5.441643557105717,moving,607,[],[],0.0,[],,137.08530509327417,0,0.0,[],0.0,0,0.0,,
284686,94,,126.68097834433928,37.79434491649239,11,1.658326318897145,0.5102134027987906,-1.501410228113379,3.250260204456308,2.581475129073746,0.3344321980241657,-0.3038467118485591,"[0.06926863997894372, -0.10188277200685292]",0.1232000150825189,1,0.1232000150825189,11,6.5529218247706345,moving,597,[],[],0.0,[],,33.23299242204447,0,0.0,[],0.0,0,0.0,,
284647,94,,126.5608215557441,37.29240449112022,12,1.7061381696395062,0.503401407988257,1.6633844090242749,3.3892200986440337,2.592037629601874,0.8320614757233984,0.4976292776992327,"[-0.12015678859518175, -0.5019404253721618]",0.5161219279087975,1,0.5161219279087975,12,7.129227628038907,moving,582,[],[],0.0,[],,32.6025491794677,0,0.0,[],0.0,0,0.0,,
316158,94,,127.19105294650949,35.476522400654886,15,1.6644308498045737,0.5331242285911413,-1.274538621788881,3.122031902776348,2.716675135833757,2.4378477769595355,2.106635047073335,"[0.07038017315699108, 0.08327737311232397]",0.1090343507620294,1,0.1090343507620294,15,7.684120620206706,moving,567,[615],[615],1.0,[615],[1.9230016104800711],174.9944388459695,0,0.0,[549],1.0,1,1.0,[49.47109743895763],[49.47109743895763]
308931,94,,127.08206616919662,35.909310609023294,17,1.6880625296205392,0.5281143141064545,1.8054073479610635,3.196396091775442,2.682875134143758,1.592244609606876,0.579018465483532,"[0.027728990139721077, 0.008278252322043045]",0.0289383198488813,1,0.0289383198488813,17,8.736939923603485,moving,571,[],[],0.0,[],,152.43799184719018,0,0.0,[632],1.0,1,1.0,[40.800073191569524],[40.800073191569524]
314082,94,,127.88858399744738,35.00398697539193,21,1.7295018035054512,0.5197454997520915,1.944912659275037,3.32759360943075,2.7103376355168933,0.4415313371037437,-0.2188803627807405,"[0.16385011731689758, -0.10095709924561902]",0.1924557009621977,1,0.1924557009621977,21,10.54979155297025,moving,560,[],[],0.0,[],,19.616516166684914,0,0.0,[],0.0,0,0.0,,
309007,94,,128.07616544839237,34.541568726253345,22,1.7069961660220263,0.529546703334724,2.03355654474494,3.2235044714140018,2.708225135411252,0.633212304941147,0.1916809678374032,"[0.18758145094498957, -0.46241824913858665]",0.4990164705448343,1,0.4990164705448343,22,10.630237064428028,moving,556,[],[],0.0,[],,0.5653459471661916,0,0.0,[],0.0,0,0.0,,
314532,94,,128.3488619043906,33.849810628859416,26,1.7086150421225266,0.5190248029053602,2.13762450764189,3.29197185290214,2.720900136045005,1.0638422977290851,1.0492640704131422,"[-0.07557913688521012, -0.10737672800082265]",0.131308673165469,1,0.131308673165469,26,8.360850851820814,moving,545,[],[],0.0,[],,53.45077725133065,0,0.0,[],0.0,0,0.0,,
336005,94,,127.9550858655501,33.21806883045349,29,1.746917867305004,0.502469348101008,1.908027656381242,3.476665539713346,2.6406251320312624,2.7490229280434666,0.2002910318815489,"[-0.1597255230992971, -0.15587927102269816]",0.2231828619404094,1,0.2231828619404094,29,5.71605622374752,moving,532,[580],[],1.0,[580],[1.5870095555779073],135.16718322678855,1,1.0,[],0.0,1,0.0,,
334867,94,,127.77212646373894,34.01711746384678,30,1.7740627677446843,0.4956656792968697,1.8437799943973567,3.5791519200225737,2.6448501322425133,2.118916780439858,-0.6301061476036085,"[-0.18295940181116066, 0.7990486333932907]",0.8197273090722201,1,0.8197273090722201,30,5.041498687934145,moving,549,[599],[],1.0,[599],[8.678168885240765],20.419756975785447,0,0.0,[],0.0,0,0.0,,
340499,94,,127.89930137455518,34.980123270333905,32,1.749943479339379,0.5041767238337873,2.009664338968338,3.470893035348228,2.7040001352,0.6302975680104356,0.1414353775888189,"[-0.07801338584958728, 0.20322718828482067]",0.2176864222450967,1,0.2176864222450967,32,5.052868189622522,moving,566,[608],[608],1.0,[608],[20.82154204577727],19.36013250894008,0,0.0,[],0.0,0,0.0,,
342787,94,,127.72980959053614,35.78881402602878,33,1.714860334329953,0.5189193149090249,2.177791531872648,3.3046762474636284,2.718787635939377,0.1599293133699589,-0.4703682546404767,"[-0.1694917840190442, 0.8086907556948759]",0.8262615827910117,1,0.8262615827910117,33,5.174056489216006,moving,572,[611],[611],1.0,[611],[22.943566472960647],28.747033329884093,0,0.0,[],0.0,0,0.0,,
344139,94,,127.47311356976408,36.0884736598576,36,1.734566909692792,0.5240607895679459,-0.8617190432602975,3.3098582153471736,2.7399126369956317,2.8630165329314923,2.358334083802533,"[0.06141309489882474, -0.05273847641263529]",0.0809500779454729,1,0.0809500779454729,36,6.8088275917999495,moving,590,[],[],0.0,[],,110.75199321452456,1,0.0,[615],1.0,1,1.0,[3.8785245028477107],[3.8785245028477107]
349825,94,,127.21668940294218,35.61940222784689,39,1.7236115531234837,0.5263350497517122,2.3216928272754385,3.274742113291832,2.7906126395306288,0.7131067313392565,0.6109380247687041,"[0.016366288039364463, -0.09093613047881632]",0.0923971601871386,1,0.0923971601871386,39,9.714287691195551,moving,587,[],[],0.0,[],,53.60103314805013,0,0.0,[],0.0,0,0.0,,
364955,94,,127.52847713042772,34.94885407289792,43,1.7279944303960368,0.5199530521451242,2.378046430051131,3.323366260217155,2.729350136467507,0.1783938723688064,-0.8563625790918467,"[0.05706443088372737, -0.1246792865385018]",0.1371177368681146,1,0.1371177368681146,43,14.009800816868715,moving,566,[605],[],1.0,[605],[12.43814990583217],155.53473635754588,1,1.0,[568],1.0,1,1.0,[33.23095319732274],[33.23095319732274]
385334,94,,126.89813668567638,35.48907374767064,44,1.7536562945773917,0.5282913790667481,2.053759056214016,3.319486866651712,2.7399126369956246,2.70858691389044,2.530193041521634,"[-0.6303404447513543, 0.5402196747727217]",0.8301604503352833,1,0.8301604503352833,44,15.339540260343044,moving,578,[626],[],1.0,[626],[8.861992869102565],11.050088880709872,0,0.0,[],0.0,0,0.0,,
365214,94,,126.3261500104252,35.81331353641646,45,1.743767775814624,0.532133139652765,1.972190224279632,3.2769388821611294,2.807512640375627,0.1928604336063969,-2.515726480284043,"[-0.571986675251182, 0.32423978874582104]",0.6574953971480224,1,0.6574953971480224,45,17.87997343247994,moving,585,[637],[637],1.0,[637],[20.575994010450685],64.27877732585442,0,0.0,[676],1.0,0,0.0,[44.38446953937758],[44.38446953937758]
369644,94,,126.3613195112119,36.33917889589375,46,1.722290285924674,0.5407356497223619,2.1889716910966523,3.185087365349364,2.799062639953122,1.1218763034924366,0.9290158698860396,"[0.035169500786707886, 0.5258653594772866]",0.5270401029179489,1,0.5270401029179489,46,21.18102100235974,moving,596,[],[],0.0,[],,129.91615922667012,1,0.0,[684],1.0,1,1.0,[71.61987965748368],[71.61987965748368]
373528,94,,126.77829244717609,35.94012065526119,47,1.7469472472693297,0.5273491754078027,2.2235974297472745,3.312695513211722,2.8370876418543824,2.267464730050611,1.1455884265581744,"[0.41697293596416785, -0.3990582406325558]",0.577160210637678,1,0.577160210637678,47,25.43190422827062,moving,589,[],[],0.0,[],,5.5865953277904215,0,0.0,[],0.0,0,0.0,,
368937,94,,127.19773504233687,35.45197483294977,48,1.741942775001191,0.5303482243037103,2.156530063728427,3.284526458607782,2.8244126412206354,0.0975044824464302,-2.169960247604181,"[0.4194425951608167, -0.48814582231141657]",0.643598037967278,1,0.643598037967278,48,28.28639432683416,moving,574,[616],[616],1.0,[616],[0.5144788862883942],1.250446251665593,0,0.0,[],0.0,0,0.0,,
368727,94,,127.31243782331582,35.3242329092447,51,1.7607175246660325,0.5208749428298404,2.0869690514298376,3.38030759379651,2.80117514005876,0.4949696597264683,-2.028221634750916,"[0.27499605738125865, 0.09163745708032422]",0.289862476211366,1,0.289862476211366,51,35.8396163771239,moving,572,[],[],0.0,[],,20.83339864387569,0,0.0,[],0.0,0,0.0,,
380311,94,,127.44903999913012,34.97000087424721,52,1.757596553976091,0.5133868065046013,2.0029076456147408,3.423532766536606,2.792725139636264,1.5243989797886204,1.029429320062152,"[0.13660217581428924, -0.35423203499748723]",0.379658384677145,1,0.379658384677145,52,38.49827312447572,moving,572,[],[],0.0,[],,68.09073962519051,0,0.0,[],0.0,0,0.0,,
377196,94,,128.19295369075417,34.95933827875932,53,1.758745768615228,0.5027557812346317,1.9070453650854704,3.49821092916371,2.6807626340381363,1.1884075965777792,-0.3359913832108412,"[0.7439136916240585, -0.010662595487893611]",0.7439901017676736,1,0.7439901017676736,53,41.48314456455221,moving,571,[],[],0.0,[],,124.3665305664368,1,0.0,[550],1.0,0,0.0,[22.487727316355247],[22.487727316355247]
387390,94,,128.00318060291173,34.690195141274664,54,1.6854966436523953,0.5297877996536892,-1.1671787030953766,3.1814561315948917,2.754700137735001,2.1706054376664907,0.9821978410887116,"[-0.18977308784243974, -0.26914313748465446]",0.3293202898764938,1,0.3293202898764938,54,46.50162440942052,moving,559,[543],[543],1.0,[543],[32.960365288690454],50.91143376441227,0,0.0,[543],1.0,0,0.0,[32.960365288690454],[32.960365288690454]
389691,94,,128.32309899062247,33.553856275844566,55,1.7808107511629447,0.511886397091994,-1.363911398806805,3.4789179030340693,2.771600138580013,0.8885721461000052,-1.2820332915664854,"[0.319918387710743, -1.1363388654300977]",1.1805142065567882,1,1.1805142065567882,55,53.65139704061706,moving,543,[],[],0.0,[],,4.6522875857683355,0,0.0,[],0.0,0,0.0,,
393425,94,,128.82095932171868,32.21343334501947,56,1.7893622379508725,0.5203419449733194,1.97424645631976,3.438819905327106,2.8392001419600037,0.0811977361213155,-0.8073744099786897,"[0.49786033109620575, -1.340422930825099]",1.42989459148602,1,1.42989459148602,56,62.16007477080536,moving,526,[],[],0.0,[],,5.924901613095472,0,0.0,[],0.0,0,0.0,,
393587,94,,129.38164047472767,31.079027198217126,57,1.805992714686244,0.5093601644200362,-0.8009301164887177,3.545610436070457,2.8117376405868835,0.1034090410052391,0.0222113048839236,"[0.5606811530089999, -1.1344061468023412]",1.2654013834520794,1,1.2654013834520794,57,70.11185068882193,moving,520,[492],[492],1.0,[492],[5.096082783921403],0.1515063161664454,0,0.0,[492],1.0,0,0.0,[5.096082783921403],[5.096082783921403]
394393,94,,129.56907344288769,30.702311860808763,58,1.7372700106068164,0.5110550996079446,2.096272087380551,3.399379072705784,2.627950131397528,0.0026442840546719,-0.1007647569505671,"[0.1874329681600102, -0.3767153374083634]",0.4207678255189772,1,0.4207678255189772,58,77.94841736985745,moving,519,[484],[484],1.0,[484],[23.30301769968124],,0,0.0,[484],1.0,0,0.0,[23.30301769968124],[23.30301769968124]
395567,94,,130.3207016645985,29.6790993027592,59,1.750997863988379,0.5190074708683547,2.3226983837602293,3.373743081306273,2.739912636995634,0.1718750083811819,0.1692307243265099,"[0.7516282217108028, -1.0232125580495648]",1.2696097520980525,1,1.2696097520980525,59,91.1431811816412,moving,512,[],[],0.0,[],,,0,0.0,[],0.0,0,0.0,,
285332,95,,22.225228015068403,38.54337896728215,0,2.1092519467429987,0.5336149926220172,0.4499291266514982,3.9527599035004513,3.428587671429385,,,"[0.0, 0.0]",0.0,0,0.0,0,0.0,moving,603,[],[],0.0,[],,,0,0.0,[],0.0,0,0.0,,
282877,95,,21.04115965858813,37.68842641563695,1,2.170572933402483,0.5230042011067755,0.2537478393939061,4.150201716944417,3.458162672908125,,,"[-1.1840683564802745, -0.8549525516451979]",1.4604662743050705,1,1.4604662743050705,1,0.6296353945841897,moving,593,[],[],0.0,[],,,0,0.0,[],0.0,0,0.0,,
293292,95,,20.6154686801808,37.672640350888095,2,2.150095614600112,0.5190857605137585,0.3774350271297384,4.142081671575968,3.3842251692112555,0.5883032173557798,,"[-0.4256909784073315, -0.015786064748851913]",0.4259835782487937,1,0.4259835782487937,2,2.0302698282545752,moving,594,[],[],0.0,[],,24.800074065471303,0,0.0,[],0.0,0,0.0,,
293845,95,,19.4932537022732,37.102721380721846,3,2.12179164448217,0.5291100112790583,0.50936204071607,4.010114341539295,3.449712672485627,0.4328429471809306,-0.1554602701748492,"[-1.1222149779075998, -0.569918970166249]",1.2586397773769558,1,1.2586397773769558,3,4.007904937887607,moving,584,[],[],0.0,[],,1.310392557681857,0,0.0,[],0.0,0,0.0,,
284383,95,,18.43640143459972,36.59605798968929,7,2.1759762295148404,0.5246635304037385,0.5684170084752032,4.147374657126226,3.399012669950636,2.1926668520117008,0.5575952953040182,"[-0.13723889418934831, -0.13278098562671659]",0.1909589071562713,1,0.1909589071562713,7,13.984546053354196,moving,580,[],[],0.0,[],,3.459564248702449,0,0.0,[],0.0,0,0.0,,
285195,95,,17.686872482526383,36.29088468326639,8,2.142337325441693,0.5188081567536488,0.4688027417854621,4.129343954125537,3.42013767100688,0.3822322048503278,-1.810434647161373,"[-0.7495289520733337, -0.3051733064229012]",0.8092739937433031,1,0.8092739937433031,8,16.677723629534636,moving,572,[],[],0.0,[],,1.2818983411482343,0,0.0,[],0.0,0,0.0,,
284447,95,,17.31013888625385,36.12757822816297,9,2.124930072706451,0.5308935864403764,0.4542986827496548,4.002553669849424,3.369437668471882,0.0223733467288901,-0.3598588581214376,"[-0.37673359627253333, -0.1633064551034238]",0.4106058947931492,1,0.4106058947931492,9,19.27132722003028,moving,575,[],[],0.0,[],,8.138434693741887,0,0.0,[],0.0,0,0.0,,
281864,95,,16.02058276068674,35.33503827325525,10,2.0704332416733826,0.5582783111766881,0.8075861921450599,3.708604114155021,3.437037671851883,0.1420424813643322,0.119669134635442,"[-1.2895561255671097, -0.792539954907717]",1.513629604993501,1,1.513629604993501,10,21.768433228475256,moving,556,[517],[517],1.0,[517],[69.2185735908814],30.81801037422574,0,0.0,[517],1.0,0,0.0,[69.2185735908814],[69.2185735908814]
328242,95,,15.793097766392712,34.900043684130296,14,2.1544068636195663,0.5437629894530717,1.1256717946439014,3.9620329176623694,3.536325176816262,2.7719983894530342,2.51686267579624,"[0.08446907334680631, 0.06798010705775681]",0.1084265618179061,1,0.1084265618179061,14,29.4174455306713,moving,556,[],[],0.0,[],,41.809435372072166,0,0.0,[],0.0,0,0.0,,
314039,95,,15.318973298373116,34.72199468018248,21,2.161318335452919,0.5192750980476517,0.8077466403008593,4.162183674085184,3.4708376735418844,2.8968948974410105,-0.1063430592138381,"[-0.2675806926305402, -0.1441640641678319]",0.3039452326752739,1,0.3039452326752739,21,54.026086472961246,moving,555,[],[],0.0,[],,20.628781134214183,0,0.0,[],0.0,0,0.0,,
308958,95,,14.407878279517735,33.92406666551184,22,2.1463633912642126,0.5188090664182395,0.661545361442745,4.137096920996973,3.316625165831261,0.225097975566209,-2.671796921874801,"[-0.9110950188553808, -0.7979280146706387]",1.2111082734335992,1,1.2111082734335992,22,58.17237785415413,moving,545,[],[],0.0,[],,27.592016842338573,0,0.0,[],0.0,0,0.0,,
313379,95,,13.987597718656392,32.84031830598878,23,2.1168115064551167,0.5298715835549899,0.9321347435405642,3.994951932038142,3.3990126699506327,0.4815715411645416,0.2564735655983325,"[-0.42028056086134313, -1.0837483595230566]",1.1623881695057128,1,1.1623881695057128,23,61.795740625434334,moving,518,[],[],0.0,[],,14.673172925032512,0,0.0,[],0.0,0,0.0,,
318268,95,,13.217356511584434,31.77508239372419,24,2.161865738303589,0.5237038473420035,1.304214063057052,4.12803104135263,3.451825172591257,0.2560951792563044,-0.2254763619082371,"[-0.7702412070719582, -1.0652359122645905]",1.3145337826962993,1,1.3145337826962993,24,64.71184159785093,moving,486,[],[],0.0,[],,5.982855811020992,0,0.0,[],0.0,0,0.0,,
320852,95,,12.878188069815105,31.18493450953324,25,2.154765646884772,0.5236121536089633,1.4502063834122123,4.115194103179592,3.373662668683135,0.1044205325743919,-0.1516746466819124,"[-0.3391684417693295, -0.5901478841909515]",0.68066861034375,1,0.68066861034375,25,66.37163573645358,moving,486,[],[],0.0,[],,39.951798413606134,0,0.0,[],0.0,0,0.0,,
337818,95,,12.97527396394328,30.63796528074337,28,2.124289653735438,0.5316743176847216,1.6344875966777106,3.995471631930741,3.4032376701618823,0.6586353239370915,-2.2081033312502143,"[0.021682596588366465, 0.10527862811459698]",0.1074882529977367,1,0.1074882529977367,28,64.26537453617104,moving,477,[],[],0.0,[],,139.8097891948633,1,0.0,[],0.0,1,0.0,,
335934,95,,13.460011987969477,31.47333665309492,29,2.1765968296087697,0.5211019985812202,1.4987589471045974,4.176911306298742,3.475062673753131,0.3226688555314906,-0.3359664684056008,"[0.48473802402619803, 0.835371372351549]",0.965824146354466,1,0.965824146354466,29,61.85135097518744,moving,485,[],[],0.0,[],,23.47456858193768,0,0.0,[],0.0,0,0.0,,
334850,95,,13.689446180797296,33.44106001628548,30,2.0903724486625515,0.5327505494923319,1.0353626220853354,3.923735884748513,3.367325168366256,0.4097085122400301,0.0870396567085395,"[0.22943419282781896, 1.967723363190565]",1.9810540837858368,1,1.9810540837858368,30,59.10850950474722,moving,530,[],[],0.0,[],,14.18336637221024,0,0.0,[],0.0,0,0.0,,
340734,95,,14.071026621668745,34.44378710482671,31,2.1671272661526144,0.4755689775131301,1.100910490938848,4.556914703488584,3.2300126615006315,0.2475464422117122,-0.1621620700283179,"[0.38158044087144916, 1.0027270885412278]",1.0728770884635466,1,1.0728770884635466,31,55.85560388533976,moving,550,[],[],0.0,[],,8.745657493828878,0,0.0,[],0.0,0,0.0,,
340436,95,,14.361079593999564,34.9547959558368,32,2.1652701004716133,0.4880347440000781,1.0097549906279708,4.436713014988266,3.350425167521256,0.1526405185190273,-0.0949059236926848,"[0.29005297233081784, 0.5110088510100894]",0.5875889486440278,1,0.5875889486440278,32,52.27241105481979,moving,558,[],[],0.0,[],,23.790494806455047,0,0.0,[],0.0,0,0.0,,
342705,95,,15.208302927978162,35.584685602992714,33,2.111692406386879,0.5153445831508002,1.2096780767774764,4.097631905774694,3.3166251658312578,0.4152224650512553,0.2625819465322279,"[0.8472233339785991, 0.6298896471559132]",1.0557217177040614,1,1.0557217177040614,33,48.53435838387413,moving,560,[],[],0.0,[],,30.739837787025127,0,0.0,[],0.0,0,0.0,,
339739,95,,15.629569835183936,36.59520924821412,34,2.165519104007042,0.5027243069608976,1.1557027956914294,4.307567933403065,3.295500164775007,0.5365113809125582,0.1212889158613029,"[0.42126690720577287, 1.0105236452214044]",1.0948168087211083,1,1.0948168087211083,34,44.99943762908981,moving,574,[],[],0.0,[],,9.581778792198987,0,0.0,[],0.0,0,0.0,,
345627,95,,16.471580337440194,37.93167587600811,35,2.147404100166924,0.5149456035917109,0.8771521071376982,4.170157168425024,3.4095751704787567,0.1672335881216398,-0.3692777927909183,"[0.8420105022562598, 1.336466627793989]",1.5795963829779034,1,1.5795963829779034,35,42.0943551797063,moving,608,[],[],0.0,[],,2.533814229984617,0,0.0,[],0.0,0,0.0,,
344353,95,,17.3444947873124,39.19017087287724,36,2.1935108411580795,0.5361415498687253,1.1185074590327997,4.091290521495979,3.491962674598126,0.0442234009471113,-0.1230101871745285,"[0.872914449872205, 1.258494996869132]",1.5315969750362954,1,1.5315969750362954,36,39.91641790045227,moving,621,[],[],0.0,[],,15.907949173731735,0,0.0,[],0.0,0,0.0,,
344221,95,,17.52749539989646,39.72656790166901,37,2.187807006213264,0.5238807112812148,1.1822693279262877,4.176154912943278,3.4940751747037564,0.2776460903215338,0.2334226893744224,"[0.18300061258405975, 0.5363970287917752]",0.5667547941595075,1,0.5667547941595075,37,38.9051065610623,moving,639,[],[],0.0,[],,178.7233381398976,1,0.0,[],0.0,1,0.0,,
350215,95,,17.367918394056936,39.29084673025304,39,2.149032941726666,0.5399172620456482,1.1061760261164415,3.980300488234756,3.4032376701618814,2.896037627949973,-0.23567830554687,"[0.004497895049446754, 0.06120941354107856]",0.0613744520620641,1,0.0613744520620641,39,39.080278019025656,moving,638,[],[],0.0,[],,4.663209076965217,0,0.0,[],0.0,0,0.0,,
354010,95,,17.230157419274832,38.99240081725795,40,2.0785479633030595,0.5036908859152783,1.068191133129699,4.1266340555796255,3.128612656430631,2.7824906028616767,-0.1135470250882968,"[-0.13776097478210403, -0.29844591299508494]",0.3287066308372639,1,0.3287066308372639,40,39.34826578375779,moving,629,[],[],0.0,[],,0.8414050041890923,0,0.0,[],0.0,0,0.0,,
360493,95,,16.973118497643807,38.41335240960812,41,2.0979762073363477,0.5303292558603651,0.9704380916178548,3.955988066192489,3.303950165197506,0.0146852876658563,-2.76780531519582,"[-0.2570389216310254, -0.5790484076498359]",0.6335345812463996,1,0.6335345812463996,41,39.45761215416081,moving,620,[],[],0.0,[],,174.88972508893133,1,0.0,[582],1.0,1,1.0,[58.70696100407983],[58.70696100407983]
364134,95,,17.208332084562482,38.83687527134728,42,2.080694878670613,0.4873861810280426,1.238287623485133,4.269088783522356,3.1455126572756296,3.052401530709587,3.0377162430437306,"[0.23521358691867533, 0.42352286173916553]",0.4844554116602286,1,0.4844554116602286,42,39.30736201777987,moving,621,[],[],0.0,[],,17.585806578201503,0,0.0,[],0.0,0,0.0,,
385540,95,,17.33878450055541,39.48031964528857,44,2.177447571107961,0.5221803604905233,1.297025406448829,4.169914718857907,3.358875167943755,0.0148490313437806,-0.2869318594492064,"[0.04307316281294149, 0.22356866387008267]",0.227680137076918,1,0.227680137076918,44,38.7366395279315,moving,635,[],[],0.0,[],,9.121209941276756,0,0.0,[],0.0,0,0.0,,
365362,95,,17.769289360287644,40.62674918192783,45,2.2095263931529834,0.5140105472435582,1.3991242395771557,4.2986012738490045,3.4560501728025,0.1688948409692023,0.1540458096254216,"[0.43050485973223473, 1.1464295366392605]",1.2245958993610837,1,1.2245958993610837,45,38.280307567707474,moving,658,[],[],0.0,[],,8.794266816695123,0,0.0,[],0.0,0,0.0,,
370017,95,,17.844984350589773,40.98946675682381,46,2.1918488896231625,0.5064398638295116,1.3836013879672424,4.3279548988288745,3.390562669528127,0.1534889112502105,-0.0154059297189917,"[0.07569499030212867, 0.36271757489598144]",0.3705317404693709,1,0.3705317404693709,46,37.66793449819223,moving,660,[],[],0.0,[],,3.0380556139600188,0,0.0,[],0.0,0,0.0,,
369400,95,,17.997528948988183,41.565772096775625,48,2.1861777129977726,0.4993962513932981,1.282175739064794,4.377641415806413,3.335637666781878,0.1877233567288355,0.1788400862865995,"[0.07414484550882605, 0.1831965855601254]",0.1976321003187894,1,0.1976321003187894,48,36.37872210337683,moving,668,[],[],0.0,[],,8.366815513583145,0,0.0,[],0.0,0,0.0,,
377894,95,,18.31891549464685,42.31588838470861,49,2.2230138067901413,0.4982316436156354,1.2742756071610704,4.4618077460072,3.4560501728025024,0.0202124656546633,-0.1675108910741722,"[0.32138654565866887, 0.7501162879329897]",0.8160660249960046,1,0.8160660249960046,49,35.82357410751634,moving,686,[733],[],1.0,[733],[57.5221306576128],47.334787115281095,0,0.0,[733],1.0,0,0.0,[57.5221306576128],[57.5221306576128]
369936,95,,18.00725319175006,43.01124616115,51,2.236503499137881,0.4877949989090884,1.5641362519185922,4.584925028218061,3.403237670161877,0.3169341483787866,-0.3802015522494698,"[-0.18001892450141455, 0.25796221770056604]",0.314565285655681,1,0.314565285655681,51,35.01151763421545,moving,694,[],[],0.0,[],,31.79136566454323,0,0.0,[],0.0,0,0.0,,
381837,95,,18.116353820342816,43.823591249042586,52,2.198815455701052,0.4863754819366491,1.3455276041182145,4.520818868060149,3.3039501651975023,0.7427859676665527,0.425851819287766,"[0.10910062859275627, 0.812345087892588]",0.8196386331686367,1,0.8196386331686367,52,34.65428993249165,moving,715,[750],[750],1.0,[750],[19.181925289056522],13.86287461858286,0,0.0,[750],1.0,0,0.0,[19.181925289056522],[19.181925289056522]
378478,95,,18.27783646944816,44.23328476289712,53,2.123887342941871,0.4673345153914892,1.3072904058935844,4.544683247208216,3.1539626576981235,0.241952805885424,-0.5008331617811287,"[0.16148264910534493, 0.4096935138545348]",0.4403696416154908,1,0.4403696416154908,53,33.489938651172245,moving,723,[],[],0.0,[],,178.57121187165387,1,0.0,[773],1.0,1,1.0,[12.892679206115702],[12.892679206115702]
387773,95,,17.784482228532223,42.88391438868217,54,2.167380488510088,0.5011090466976125,1.215036953489166,4.325167351883719,3.3631001681550035,3.116655596436746,2.874702790551322,"[-0.49335424091593794, -1.3493703742149492]",1.436731990956815,1,1.436731990956815,54,32.470004194789006,moving,695,[],[],0.0,[],,34.19178317862267,0,0.0,[],0.0,0,0.0,,
393941,95,,16.61927344315615,42.045859167626745,56,2.1956390720629657,0.5005289041559897,0.9870090220502676,4.386637922070321,3.4095751704787576,0.1989123421377141,-0.4392826785724939,"[-0.21369083308997716, -0.21181658761121014]",0.3008821013851537,1,0.3008821013851537,56,35.95600872085935,moving,691,[],[],0.0,[],,17.41464912823745,0,0.0,[],0.0,0,0.0,,
394180,95,,16.25688834795673,41.56251321933031,57,2.1992725456167057,0.5072956938927883,1.1115226810304133,4.335287234039679,3.4687251734362583,0.1464664503448199,-0.0524458917928941,"[-0.3623850951994214, -0.4833459482964315]",0.6041078239497237,1,0.6041078239497237,57,39.00240956900912,moving,688,[],[],0.0,[],,6.4317959100368,0,0.0,[],0.0,0,0.0,,
395043,95,,15.84753108986564,41.127996219524434,58,2.2171121912922462,0.5119927166414675,1.0655351092723568,4.330358849313125,3.441262672063136,0.1122560154464501,-0.0342104348983698,"[-0.4093572580910898, -0.4345169998058793]",0.5969743611514298,1,0.5969743611514298,58,42.53884880422636,moving,688,[],[],0.0,[],,,0,0.0,[],0.0,0,0.0,,
396224,95,,15.715770166905704,40.748272810474745,59,2.191049561727578,0.5220129456231807,1.072853220710844,4.197308860054985,3.489850174492511,0.4215999992328618,0.3093439837864116,"[-0.13176092295993413, -0.3797234090496886]",0.4019338355993071,1,0.4019338355993071,59,47.23459833675558,moving,688,[],[],0.0,[],,,0,0.0,[],0.0,0,0.0,,
285404,97,,43.161333422828505,39.08410403053866,0,1.58242322003311,0.5081445068079435,0.8204925927827136,3.1141204890190752,2.490637624531881,,,"[0.0, 0.0]",0.0,0,0.0,0,0.0,moving,611,[],[],0.0,[],,,0,0.0,[],0.0,0,0.0,,
283172,97,,42.82111964878425,39.87140481996385,1,1.592671263740584,0.4922382821003865,0.9693075005256784,3.235569685772177,2.3575501178775045,,,"[-0.34021377404425834, 0.7873007894251884]",0.8576642379620142,1,0.8576642379620142,1,0.5516918550807369,moving,622,[],[],0.0,[],,,0,0.0,[],0.0,0,0.0,,
293585,97,,42.60011990303192,39.09679528493227,2,1.5688112053415746,0.5031302627038599,0.9442296976383766,3.1181014572859627,2.3998001199900068,2.4557801084417696,,"[-0.22099974575232295, -0.7746095350315798]",0.8055189751858312,1,0.8055189751858312,2,1.6401668626442172,moving,621,[],[],0.0,[],,20.721174327380417,0,0.0,[],0.0,0,0.0,,
293987,97,,41.34213250166527,37.40568234308549,3,1.5783095109163636,0.4827603692925643,0.5619523330764731,3.269343573560552,2.3406501170325043,0.361652716892521,-2.0941273915492484,"[-1.2579874013666554, -1.6911129418467823]",2.1076990496935064,1,2.1076990496935064,3,3.155428355932401,moving,596,[],[],0.0,[],,28.66819752799723,0,0.0,[],0.0,0,0.0,,
286560,97,,40.37964607121948,36.96325401050101,4,1.5459128782311673,0.4958704376925874,0.4498667013428272,3.117574190195119,2.281500114075003,0.5003544374756511,0.1387017205831301,"[-0.962486430445793, -0.4424283325844769]",1.0593030530805454,1,1.0593030530805454,4,4.890175341684588,moving,597,[],[],0.0,[],,13.507818521577738,0,0.0,[],0.0,0,0.0,,
298252,97,,38.4939267552877,36.590585893820254,5,1.559877387556609,0.501051915819674,1.0085963120352337,3.113205115691047,2.3533251176662544,0.2357559079634009,-0.2645985295122502,"[-1.885719315931773, -0.3726681166807566]",1.9221911621034409,1,1.9221911621034409,5,6.891130367985395,moving,578,[],[],0.0,[],,85.37031880287687,0,0.0,[],0.0,0,0.0,,
293315,97,,38.40277420886097,36.91252356774,6,1.54346468731093,0.5040692866369595,-0.0287836868288813,3.062008990090609,2.332200116610011,1.4899931465874203,1.2542372386240197,"[-0.0911525464267342, 0.3219376739197415]",0.3345932644404721,1,0.3345932644404721,6,8.890161448955705,moving,594,[575],[575],1.0,[575],[53.49082652514692],29.86583743011365,0,0.0,[575],1.0,0,0.0,[53.49082652514692],[53.49082652514692]
284633,97,,37.67645908839358,37.62193292858507,7,1.559193647999044,0.4862017562709284,2.93355932419473,3.2068860876969096,2.3554376177718748,0.5212571970208344,-0.968735949566586,"[-0.7263151204673903, 0.709409360845072]",1.015280894863177,1,1.015280894863177,7,11.1687021283807,moving,610,[],[],0.0,[],,33.68101833653459,0,0.0,[],0.0,0,0.0,,
285762,97,,37.1257952926539,37.72542810140949,8,1.5511597111375002,0.5056031204472953,2.674728701456956,3.0679393548149494,2.349100117455005,0.5878446653971168,0.0665874683762823,"[-0.5506637957396805, 0.10349517282442378]",0.560305155015006,1,0.560305155015006,8,13.641364341939012,moving,610,[],[],0.0,[],,69.1364902656144,0,0.0,[],0.0,0,0.0,,
285079,97,,37.065707318519046,38.05874348432472,9,1.597719066679474,0.4990300443399915,-0.0273804863081693,3.2016490485910314,2.3575501178775133,1.2066593884079764,0.6188147230108596,"[-0.06008797413485212, 0.3333153829152238]",0.3386882181646609,1,0.3386882181646609,9,16.294345777646566,moving,620,[622],[622],1.0,[622],[152.88688229183722],26.716775575476458,0,0.0,[],0.0,0,0.0,,
283164,97,,37.17098799168095,38.41421937740429,10,1.5411613195878002,0.504750501078943,0.186186062942457,3.053313104778399,2.313187615659384,0.4662956993084467,-0.7403636890995297,"[0.10528067316190004, 0.3554758930795714]",0.3707386285540551,1,0.3707386285540551,10,19.22406510593228,moving,619,[],[],0.0,[],,94.17803181624488,0,0.0,[],0.0,0,0.0,,
284844,97,,36.26294595652848,38.612529727045455,11,1.5907491368439974,0.4758393835842764,0.1961715510526844,3.34303799080611,2.325862616293134,1.643716738241423,1.1774210389329762,"[-0.9080420351524623, 0.19831034964116867]",0.9294446365322832,1,0.9294446365322832,11,22.32920423440437,moving,618,[],[],0.0,[],,29.25486998239516,0,0.0,[],0.0,0,0.0,,
280979,97,,35.13431279150456,38.2688653933426,13,1.602341603896862,0.4940351752144429,0.5071064912503522,3.2433755414305128,2.3998001199900045,0.336617642818999,-0.2362419806193701,"[-0.22221538625366577, -0.004717154670544232]",0.2222654481381479,1,0.2222654481381479,13,28.63644164594761,moving,618,[],[],0.0,[],,154.7523341851917,0,0.0,[],0.0,0,0.0,,
316619,97,,35.576100468223714,38.20431804295446,15,1.6056501084357735,0.4808314475921487,0.8428123014935358,3.3393200808232484,2.340650117032504,1.5476762628025984,-1.1351941627731894,"[0.12598244080766818, -0.22893766283603867]",0.261312129180192,1,0.261312129180192,15,36.57254670093747,moving,616,[],[],0.0,[],,109.26610666213504,0,0.0,[],0.0,0,0.0,,
307976,97,,34.80972460624135,36.73703467561708,16,1.5997426935368988,0.4777942774805991,1.3864589858890046,3.348183033862009,2.3258626162931244,0.9844023613963118,-0.5632739014062866,"[-0.7663758619823611, -1.4672833673373873]",1.655370786831201,1,1.655370786831201,16,41.28313960417616,moving,592,[],[],0.0,[],,7.8834017697912175,0,0.0,[],0.0,0,0.0,,
308967,97,,34.438814266769725,36.21630525323599,17,1.5531762888455916,0.4990188414799064,-1.5245030913196906,3.112460211400919,2.3322001166099957,0.1375913171404112,-0.8468110442559005,"[-0.370910339471628, -0.5207294223810877]",0.6393227754900489,1,0.6393227754900489,17,46.12005113495496,moving,578,[541],[541],1.0,[541],[19.075098492445548],40.51243588871148,0,0.0,[541],1.0,0,0.0,[19.075098492445548],[19.075098492445548]
318915,97,,34.53330135218257,35.14717701678107,24,1.6129152179256958,0.4710053439709304,1.3839889326746782,3.424409592315033,2.3047376152368733,3.107125449947228,0.2543865330040953,"[0.020681998564711535, 0.10689628420960418]",0.1088786509948171,1,0.1088786509948171,24,88.20558916828456,moving,558,[],[],0.0,[],,15.129934131453057,0,0.0,[],0.0,0,0.0,,
338445,97,,34.33859856475002,34.05183954655933,28,1.6567018277099288,0.4840714612644947,-1.480585031597938,3.4224323478650884,2.363887618194376,0.0419393307880713,-2.869793780896377,"[-0.0025695514602404046, -0.07012643651132322]",0.0701734970803327,1,0.0701734970803327,28,118.92432849224213,moving,544,[],[],0.0,[],,6.596582808074944,0,0.0,[],0.0,0,0.0,,
335998,97,,34.27879132459467,33.069159999389726,29,1.6007151501525192,0.4839189216583865,1.4797612800758473,3.3078168232539458,2.349100117455009,0.0241610986699106,-0.0177782321181606,"[-0.05980724015535088, -0.982679547169603]",0.9844978407291992,1,0.9844978407291992,29,126.96385960754212,moving,528,[],[],0.0,[],,37.01740245937934,0,0.0,[],0.0,0,0.0,,
334834,97,,33.821938579226575,32.534258075363574,30,1.6149816940875383,0.5086725940102458,1.1775060960289985,3.174894250455744,2.448387622419381,0.646075553452016,0.6219144547821053,"[-0.4568527453680957, -0.5349019240261512]",0.7034447378986103,1,0.7034447378986103,30,135.007422760074,moving,514,[],[],0.0,[],,8.076835268940236,0,0.0,[],0.0,0,0.0,,
340457,97,,33.34307989148354,32.11174622733682,31,1.5956211112667975,0.4756822804801546,1.2211016547222548,3.3543841693160705,2.3469876173493804,0.1409673685842088,-0.5051081848678072,"[-0.47885868774303475, -0.4225118480267511]",0.6386093520689794,1,0.6386093520689794,31,142.71478795688088,moving,510,[492],[492],1.0,[492],[56.73138047137942],54.32066743945763,0,0.0,[492],1.0,0,0.0,[56.73138047137942],[56.73138047137942]
339782,97,,33.51107373607096,30.441533682848227,32,1.6094543301591324,0.4921083565720661,1.9451740801148476,3.2705283473954543,2.395575119778759,0.9480744986994132,0.8071071301152044,"[0.1679938445874214, -1.6702125444885958]",1.6786398885962208,1,1.6786398885962208,32,149.7993080616325,moving,488,[],[],0.0,[],,13.376710482669488,0,0.0,[],0.0,0,0.0,,
341915,97,,33.89518844080414,29.333548565925724,33,1.609425385584858,0.4877714026078268,1.824657992882796,3.299548470820977,2.355437617771883,0.2334676410086224,-0.7146068576907907,"[0.38411470473317877, -1.107985116922503]",1.172678611433683,1,1.172678611433683,33,156.6148255813187,moving,469,[],[],0.0,[],,10.52488943813336,0,0.0,[],0.0,0,0.0,,
338985,97,,33.99620884871472,28.665222988410825,34,1.6106180325880686,0.4913270744434441,1.663082785604665,3.278097455574808,2.368112618405632,0.1836939741038129,-0.0497736669048095,"[0.10102040791057476, -0.6683255775148993]",0.6759173029114158,1,0.6759173029114158,34,163.3347991330638,moving,460,[],[],0.0,[],,0.0958417562446709,0,0.0,[],0.0,0,0.0,,
343339,97,,34.04816460666294,28.32534495849769,36,1.6412619594726203,0.4850796524420817,1.7324651867789205,3.383489600542637,2.418812620940628,2.6163652725471302,2.1767701396370343,"[-0.2610788744987218, 0.12803852759290635]",0.2907852184305089,1,0.2907852184305089,36,177.79507491841954,moving,471,[],[],0.0,[],,14.048908038766928,0,0.0,[],0.0,0,0.0,,
342822,97,,33.958777790215514,27.37220691400711,37,1.603366891355422,0.505888854330973,1.804270519095744,3.169405448704419,2.385012619250632,1.933243192258032,-0.6831220802890985,"[-0.08938681644742275, -0.9531380444905864]",0.957320288518918,1,0.957320288518918,37,185.7825357986344,moving,463,[],[],0.0,[],,8.08736174942565,0,0.0,[],0.0,0,0.0,,
349354,97,,33.98491596624567,26.82399609427897,38,1.6150476914775873,0.4897670716748149,-1.3324016219806418,3.297583249022328,2.385012619250629,0.1411510903273238,-1.792092101930708,"[0.02613817603015889, -0.5482108197281335]",0.5488335878143534,1,0.5488335878143534,38,193.3603489296869,moving,455,[422],[422],1.0,[422],[65.80241829047955],67.62630990331073,0,0.0,[422],1.0,0,0.0,[65.80241829047955],[65.80241829047955]
347801,97,,33.097104142998205,26.408049801704408,39,1.6231595694836416,0.4907184401255586,-0.7637091829128232,3.3077207554465016,2.3786751189337587,1.1803017687868174,1.0391506784594935,"[-0.8878118232474677, -0.41594629257456717]",0.980418865487869,1,0.980418865487869,39,201.25509951590644,moving,450,[],[],0.0,[],,42.35722761865718,0,0.0,[],0.0,0,0.0,,
363586,97,,32.93031637251643,26.0061692053937,42,1.5738799071057243,0.4778589436964363,2.461737801921598,3.293607722251912,2.237137611856878,1.2739313647366552,0.4207033376639243,"[0.08561130001224626, -0.02751289954591485]",0.0899236027481686,1,0.0899236027481686,42,223.86167069568975,moving,443,[410],[410],1.0,[410],[107.91339005108878],20.337871637191828,0,0.0,[410],1.0,0,0.0,[107.91339005108878],[72.08660994891122]
375884,97,,32.885744217309195,24.846698204079093,49,1.6377822519931995,0.4894568899970836,0.5041889131991615,3.346121559353181,2.5054251252712563,0.3878192519315903,-1.8720952381299816,"[-0.19854438373010908, -0.1877113029799098]",0.2732314139647641,1,0.2732314139647641,49,279.7942445347348,moving,426,[],[],0.0,[],,58.59638243005534,0,0.0,[],0.0,0,0.0,,
373459,97,,32.21163580816999,24.469918573751848,50,1.63135941037248,0.4958855826668144,0.3754139493478916,3.28978995839972,2.4462751223137564,0.2476854751567573,-0.140133776774833,"[-0.6741084091392082, -0.3767796303272455]",0.7722596953756746,1,0.7722596953756746,50,290.2686523214159,moving,419,[],[],0.0,[],,2.00457632150553,0,0.0,[],0.0,0,0.0,,
368013,97,,31.57531392509921,24.084446257443908,51,1.5970023016661548,0.5053190286449831,0.5316708080992771,3.1603842545738456,2.4230376211518765,0.0349864569177879,-0.2126990182389694,"[-0.636321883070778, -0.3854723163079399]",0.7439720730743522,1,0.7439720730743522,51,302.2288899001138,moving,414,[411],[411],1.0,[411],[140.17485265473374],9.758764696328514,0,0.0,[411],1.0,0,0.0,[140.17485265473374],[39.82514734526626]
386951,97,,31.0202866740454,23.602555046928263,54,1.6035429380054498,0.5009472713667368,0.6171793842814253,3.201021404169936,2.4568376228418765,0.618438772637166,0.1024196848339997,"[-0.13135168473366932, -0.07867736592841013]",0.1531123541449422,1,0.1531123541449422,54,349.10072342624306,moving,407,[395],[],1.0,[395],[90.75055679636426],58.34153837368693,0,0.0,[395],1.0,0,0.0,[90.75055679636426],[89.24944320363574]
389346,97,,29.8011819044498,23.984039730035768,55,1.628906927680474,0.4929730023085291,0.0840011689388675,3.30425179482956,2.429375121468752,0.8429402960985208,0.2245015234613548,"[-1.2191047695955994, 0.3814846831075016]",1.2773985293150962,1,1.2773985293150962,55,377.1427798629623,moving,425,"[389, 423]","[389, 423]",2.0,"[389, 423]","[124.65775420265973, 113.03413694828737]",17.515505788370515,0,0.0,[423],1.0,0,0.0,[113.03413694828737],[66.96586305171263]
393111,97,,29.46372812677415,23.98321837161603,56,1.637354292749087,0.4872885070264272,-0.204346245531512,3.3601332047428896,2.4526126226306286,0.3057032461591895,-0.5372370499393313,"[-0.3374537776756519, -0.000821358419738516]",0.3374547772624088,1,0.3374547772624088,56,402.4402093004411,moving,420,[410],[410],1.0,[410],[47.76809307613245],25.76563792639746,0,0.0,[410],1.0,0,0.0,[47.76809307613245],[47.76809307613245]
393268,97,,29.096519245932697,23.80487096549301,57,1.628981569876573,0.4952067388970094,2.7123588583768097,3.289497985235133,2.471625123581253,0.4496952156923602,0.1439919695331707,"[-0.3672088808414564, -0.17834740612302014]",0.4082280728216084,1,0.4082280728216084,57,430.2335507609279,moving,416,[],[],0.0,[],,126.02623788197776,0,0.0,[446],1.0,1,1.0,[23.787491735735852],[23.787491735735852]
393969,97,,29.51591329658335,23.58123004962462,58,1.5951875269580025,0.517394431821042,-0.5352125270359183,3.083116919800465,2.3998001199900068,2.199572794942117,1.7498775792497567,"[0.4193940506506557, -0.22364091586839052]",0.475296359097792,1,0.475296359097792,58,436.9680838919847,moving,410,[442],[442],1.0,[442],[14.293091223271542],,0,0.0,[394],1.0,1,1.0,[120.59766948653233],[59.402330513467675]
395194,97,,29.1190754610732,23.75763552869791,59,1.6171627695032544,0.4692861998561699,2.439617751988046,3.446005380083398,2.3744501187225024,3.069995988587654,0.8704231936455371,"[-0.3968378355101514, 0.17640547907329207]",0.4342800487467271,1,0.4342800487467271,59,432.085645402397,moving,414,[],[],0.0,[],,,0,0.0,[],0.0,0,0.0,,
279615,98,,113.0243755961225,8.682472472313494,1,2.353985422041188,0.5111901111333297,1.5878464469706672,4.604911892411817,3.553225177661256,,,"[-0.15851572692336902, 0.28194833980155387]",0.3234534000422573,1,0.3234534000422573,1,1.6029986113368615,moving,130,[207],[207],1.0,[207],[62.88900238642813],,0,0.0,[207],1.0,0,0.0,[62.88900238642813],[62.88900238642813]
287834,98,,112.73695267515706,9.12086603508936,3,2.405324438672684,0.5007189426535553,2.0349823497441184,4.803741647810826,3.6863126843156273,0.5656866336986219,0.5206022748248416,"[-0.09489500015946817, 0.05662786667520869]",0.1105069062975281,1,0.1105069062975281,3,9.588070009509382,moving,150,[],[],0.0,[],,,0,0.0,[],0.0,0,0.0,,
283334,98,,112.2706805597004,9.445110632997414,4,2.461658671233453,0.5114928863936833,2.2379920706098213,4.812693855020256,3.77926268896312,0.0696098126482183,-0.4960768210504035,"[-0.46627211545666114, 0.32424459790805393]",0.5679297887283123,1,0.5679297887283123,4,15.708611814765304,moving,161,[],[],0.0,[],,5.188577652623353,0,0.0,[],0.0,0,0.0,,
293644,98,,111.16563028057236,10.073532270134526,5,2.3896310470119326,0.4959416801873262,1.9205647867123516,4.81837107562592,3.694762684738131,0.0905577635336761,0.0209479508854577,"[-1.1050502791280365, 0.6284216371371123]",1.2712395027779149,1,1.2712395027779149,5,22.94907800023932,moving,163,[],[],0.0,[],,37.09296516751667,0,0.0,[],0.0,0,0.0,,
288434,98,,110.5032137848583,11.61305521132407,6,2.40179926288316,0.4974447228680713,1.5646374827916938,4.828273680410814,3.6989876849493686,0.6473943715007359,0.5568366079670597,"[-0.662416495714055, 1.539522941189544]",1.6759852327043316,1,1.6759852327043316,6,31.17727194189337,moving,181,[],[],0.0,[],,30.04084367450564,0,0.0,[],0.0,0,0.0,,
281215,98,,110.61368217987858,12.545018727222356,7,2.3605329185453257,0.5207405938210207,1.3036038815941628,4.533030354373802,3.728562686428125,0.5243116321970351,-0.1230827393037007,"[0.11046839502027694, 0.9319635158982855]",0.9384877523249038,1,0.9384877523249038,7,40.13736286179811,moving,199,[271],[271],1.0,[271],[24.165536791726467],5.974169621333527,0,0.0,[271],1.0,0,0.0,[24.165536791726467],[24.165536791726467]
281049,98,,110.62340042303978,13.253635123968028,9,2.3941717258493616,0.5023019096899706,1.0563891025072074,4.7663998078906085,3.667300183365017,0.7362712665792612,0.4048558049469616,"[0.11867228700801036, 0.2059079117854452]",0.2376576946777744,1,0.2376576946777744,9,59.61402592960393,moving,217,[],[],0.0,[],,43.66844512352086,0,0.0,[],0.0,0,0.0,,
279752,98,,111.19613740995652,13.837389743341417,10,2.3996458850645235,0.5027708072768469,1.1271698595437865,4.772842516576698,3.69265018463252,0.2530334117200488,-0.4832378548592124,"[0.5727369869167376, 0.5837546193733871]",0.8178001661911248,1,0.8178001661911248,10,69.12415109161381,moving,230,[272],[272],1.0,[272],[16.296745379067772],9.177250611429132,0,0.0,[272],1.0,0,0.0,[16.296745379067772],[16.296745379067772]
281354,98,,111.8745081346187,14.796305818095265,11,2.4158169970628327,0.5124397244046176,0.723655599552609,4.71434372085355,3.825737691286872,0.1601732394501032,-0.0928601722699456,"[0.6783707246621731, 0.9589160747538497]",1.1746092450257712,1,1.1746092450257712,11,79.5816189183624,moving,247,[],[],0.0,[],,2.627359789203209,0,0.0,[],0.0,0,0.0,,
326371,98,,112.55084449900691,15.664964200088624,14,2.4488130757737983,0.4971972524083105,0.7480944232643401,4.925234529982425,3.7940501897024994,1.055302932197199,0.0285979259035102,"[0.07288430069402807, 0.08776305308290233]",0.1140810009339409,1,0.1140810009339409,14,105.48968257197872,moving,264,[],[],0.0,[],,8.695067366086768,0,0.0,[],0.0,0,0.0,,
312709,98,,113.52333892776304,16.584627389993337,15,2.379122513259403,0.5161450628148855,0.8520758867058448,4.609406704937661,3.832075191603756,0.1202679156932751,-0.9350350165039238,"[0.9724944287561215, 0.9196631899047123]",1.3384789116110145,1,1.3384789116110145,15,113.14613686180144,moving,277,[],[],0.0,[],,5.688864439502468,0,0.0,[],0.0,0,0.0,,
306858,98,,114.7873405442772,18.04329131555957,16,2.4262152286439376,0.4924432743447298,0.9580599576281514,4.926892811912974,3.730675186533752,0.0992894151689465,-0.0209785005243286,"[1.2640016165141503, 1.4586639255662384]",1.9301296677422204,1,1.9301296677422204,16,119.7092460992921,moving,297,[],[],0.0,[],,6.1490655578473445,0,0.0,[],0.0,0,0.0,,
307967,98,,115.62380572788388,19.24853792572212,17,2.383797650335226,0.5043317586552697,0.9591484927290844,4.726645921905236,3.648287682414381,0.1073214399053941,0.0080320247364476,"[0.8364651836067054, 1.2052466101625434]",1.467069662522711,1,1.467069662522711,17,123.85963825897244,moving,318,[363],[],1.0,[363],[67.42751092243819],1.0669083406780548,0,0.0,[363],1.0,0,0.0,[67.42751092243819],[67.42751092243819]
311066,98,,116.2622021546802,20.20597168309518,18,2.4039672551216524,0.4929870883906078,1.6636768858208313,4.876329039305225,3.652512682625627,0.0186210633618392,-0.0887003765435548,"[0.6383964267963194, 0.9574337573730602]",1.1507516663050306,1,1.1507516663050306,18,125.68784755655832,moving,333,[],[],0.0,[],,3.0691436171308144,0,0.0,[],0.0,0,0.0,,
309568,98,,116.45737228876064,20.535653135665388,19,2.429338847758797,0.4989482549607228,1.9131146208802563,4.868919419209181,3.5849126792456403,0.0535666613355009,0.0349455979736616,"[0.19517013408044193, 0.32968145257020964]",0.3831204006650926,1,0.3831204006650926,19,125.7690332037078,moving,335,[],[],0.0,[],,145.11120874016945,0,0.0,[397],1.0,1,1.0,[23.438868775162362],[23.438868775162362]
307214,98,,116.51398898394164,19.7761911764424,20,2.432355074558183,0.4947212003568423,1.7179207444627351,4.916617830009561,3.6651876832593855,2.532668374064748,2.479101712729247,"[0.05661669518099188, -0.759461959222989]",0.761569378113405,1,0.761569378113405,20,124.62781289045716,moving,325,[],[],0.0,[],,170.63075327856288,0,0.0,[],0.0,0,0.0,,
312335,98,,116.398593408591,20.25199206499629,21,2.3807639903597986,0.5038316984210551,1.5732580484483962,4.725316008938723,3.587025179351264,2.978068449869041,0.4454000758042928,"[-0.11539557535063238, 0.4758008885538949]",0.4895943467393995,1,0.4895943467393995,21,124.25367858614428,moving,329,[403],[403],1.0,[403],[54.81478667205227],29.34060988014227,0,0.0,[403],1.0,0,0.0,[54.81478667205227],[54.81478667205227]
308125,98,,116.49537865428049,20.59613348445808,22,2.400661519159143,0.4993010886119328,-1.3534998626081052,4.808043831494602,3.6778626838931374,0.512090246951596,-2.4659782029174453,"[0.09678524568947466, 0.3441414194617849]",0.3574922381987392,1,0.3574922381987392,22,123.79259233327168,moving,331,[402],[402],1.0,[402],[47.317920320320745],22.81225210439923,0,0.0,[402],1.0,0,0.0,[47.317920320320745],[47.317920320320745]
312164,98,,116.3962618552894,21.39140260634725,23,2.4015186593300344,0.5085865497309685,2.1915630849149337,4.721946855653943,3.739125186956256,0.3981489090167188,-0.1139413379348771,"[-0.0991167989910764, 0.7952691218891701]",0.801421933860441,1,0.801421933860441,23,123.34263044387085,moving,359,[403],[403],1.0,[403],[22.240301510908438],7.586490394906518,0,0.0,[403],1.0,0,0.0,[22.240301510908438],[22.240301510908438]
317067,98,,116.3069660395693,21.732000733342595,24,2.460087438193264,0.4879443254809773,2.351406450275212,5.041737980595024,3.705325185266259,0.1324092360620999,-0.2657396729546189,"[-0.08929581572010648, 0.34059812699534575]",0.3521091120914892,1,0.3521091120914892,24,119.85162131250662,moving,360,[],[],0.0,[],,35.45330709318991,0,0.0,[],0.0,0,0.0,,
319929,98,,115.3509964178358,22.53006570511502,25,2.4183783223883606,0.493184921058823,-0.6419974871416757,4.903593396968267,3.648287682414384,0.618776939496785,0.4863677034346851,"[-0.9559696217335016, 0.7980649717724262]",1.2453054311482856,1,1.2453054311482856,25,114.91193576743956,moving,379,[],[],0.0,[],,7.815931061290537,0,0.0,[],0.0,0,0.0,,
313259,98,,114.2535410313932,23.734962418328426,26,2.418391180395158,0.5010170656168788,2.473672107391641,4.82696368319811,3.78137518906876,0.1364137311284202,-0.4823632083683647,"[-1.09745538644259, 1.204896713213401]",1.6297804805385023,1,1.6297804805385023,26,109.9109418809103,moving,393,[],[],0.0,[],,4.17804245433819,0,0.0,[],0.0,0,0.0,,
332440,98,,113.028480841502,25.294527126163903,27,2.4230492396392824,0.5061649618547555,-0.5250417671638377,4.787074219362064,3.747575187378764,0.0729205971162955,-0.0634931340121247,"[-1.2250601898912095, 1.5595647078354808]",1.9831829332621476,1,1.9831829332621476,27,104.47583057549387,moving,419,[444],[444],1.0,[444],[25.482851114061656],5.479997187591188,0,0.0,[444],1.0,0,0.0,[25.482851114061656],[25.482851114061656]
337519,98,,112.33518682822005,26.0217912683954,28,2.417056016928991,0.4982665833205241,2.9018526786756618,4.850929397715904,3.692650184632503,0.0956439939234897,0.0227233968071941,"[-0.6932940132819567, 0.7272641422314976]",1.0047734677171356,1,1.0047734677171356,28,97.8307420803048,moving,430,[432],[],1.0,[432],[138.77010938902674],29.317224478328622,0,0.0,[432],1.0,0,0.0,[138.77010938902674],[41.22989061097326]
335852,98,,111.28460725413164,26.344041432749304,29,2.4529221109998893,0.495566840868318,0.061850800443929,4.94973010442335,3.747575187378748,0.5116820946931155,0.4160381007696258,"[-1.0505795740884167, 0.3222501643539033]",1.0988915369216004,1,1.0988915369216004,29,90.43532959598632,moving,440,[426],[426],1.0,[426],[44.478432436212046],47.99225222568364,0,0.0,[426],1.0,0,0.0,[44.478432436212046],[44.478432436212046]
334753,98,,109.95918648049728,25.549548420309687,30,2.418120836173643,0.4933653023186518,0.4017505899268603,4.901278676893742,3.713775185688756,0.8376228167857573,0.3259407220926418,"[-1.3254207736343488, -0.7944930124396166]",1.545302356821102,1,1.545302356821102,30,82.0787775542689,moving,428,[],[],0.0,[],,36.59952356816101,0,0.0,[],0.0,0,0.0,,
339734,98,,109.61341751305667,24.713172966312964,31,2.45874927615129,0.5056384910253463,0.6754344615432631,4.8626623957471615,3.718000185900002,0.6387821909256824,-0.1988406258600749,"[-0.34576896744059127, -0.8363754539967232]",0.9050304298161236,1,0.9050304298161236,31,75.22349905664463,moving,410,[402],[],1.0,[402],[89.80023739432684],11.42446154620832,0,0.0,[402],1.0,0,0.0,[89.80023739432684],[89.80023739432684]
338085,98,,108.88522434832832,23.62890751712891,32,2.457741217295648,0.4948713483183554,1.12890347759563,4.966424557912696,3.7412376870618624,0.1993944692488415,-0.4393877216768408,"[-0.728193164728367, -1.0842654491840555]",1.306099861975116,1,1.306099861975116,32,69.84593033162504,moving,385,[363],[363],1.0,[363],[101.87854761454976],1.4599194476759785,0,0.0,[363],1.0,0,0.0,[101.87854761454976],[78.12145238545024]
340616,98,,107.89388110111489,22.068330598658925,33,2.4706786765756275,0.5020188971145239,0.8282129586620696,4.921485407773405,3.749687687484371,0.0254804011758516,-0.1739140680729899,"[-0.991343247213436, -1.5605769184699838]",1.8488271288189575,1,1.8488271288189575,33,66.0397092477362,moving,361,[],[],0.0,[],,4.030657949355791,0,0.0,[],0.0,0,0.0,,
338173,98,,106.90003731670116,20.723071679126623,34,2.4425568129935646,0.4945835206363337,0.7748889639510583,4.9386134213508734,3.760250188012506,0.070348252237935,0.0448678510620834,"[-0.9938437844137127, -1.3452589195322986]",1.6725570329286166,1,1.6725570329286166,34,64.74225286516341,moving,343,[],[],0.0,[],,4.3778757632854,0,0.0,[],0.0,0,0.0,,
342506,98,,105.7699151209748,19.41537944255479,36,2.512697810024884,0.489726130285898,0.1681099371782216,5.130822422234223,3.78137518906876,0.8929084454629065,0.8569351960404592,"[-0.08969882624059267, -0.0005055707156707001]",0.0897002510068315,1,0.0897002510068315,36,67.71642957208634,moving,347,[],[],0.0,[],,164.0388105114164,0,0.0,[361],1.0,1,1.0,[31.435778559892583],[31.435778559892583]
340885,98,,106.87942503108582,20.14155705449284,37,2.479229132396614,0.508371787813271,0.429859642303652,4.876803142560016,3.772925188646256,2.56769461412754,1.6747861686646337,"[1.1095099101110293, 0.726177611938045]",1.3260264570190996,1,1.3260264570190996,37,71.135288929552,moving,360,[],[],0.0,[],,167.24088865700622,0,0.0,[],0.0,1,0.0,,
348362,98,,105.60116684177406,19.66501471233089,38,2.4149693089995363,0.5059690989384383,0.4323670135882018,4.77295809974626,3.713775185688749,2.9189041510260005,0.3512095368984607,"[-1.2782581893117566, -0.4765423421619417]",1.3641981536476877,1,1.3641981536476877,38,75.62133648281393,moving,354,[353],[353],1.0,[353],[29.322041892271727],12.97521368948585,0,0.0,[353],1.0,0,0.0,[29.322041892271727],[29.322041892271727]
347063,98,,104.78460946468118,19.12616539962029,39,2.3745485557227424,0.4991181049290686,0.2811291082096421,4.757488322448647,3.6313876815693846,0.2264602000313771,-2.6924439509946234,"[-0.8165573770928773, -0.5388493127106031]",0.978327415487008,1,0.978327415487008,39,80.80403551451656,moving,354,[318],[318],1.0,[318],[135.63925692683299],12.628612023185854,0,0.0,[318],1.0,0,0.0,[135.63925692683299],[44.360743073167015]
363429,98,,103.9195200387065,18.797680756047704,42,2.4128925597634923,0.4801636147283364,0.2216366246504562,5.025146607846664,3.5933626796681395,2.516019068502176,1.2013710337773862,"[0.047107215518849443, 0.08026811012772583]",0.0930701845781776,1,0.0930701845781776,42,104.28443303442376,moving,341,[],[],0.0,[],,174.46691707888223,1,0.0,[348],1.0,1,1.0,[55.06753680527042],[55.06753680527042]
364363,98,,104.82201915998898,19.04388724454472,43,2.4949532279728186,0.4746552183707737,0.0706325326386351,5.256348463915765,3.5975876798793816,0.7737600677000014,-1.7422590008021746,"[0.9024991212824887, 0.2462064884970161]",0.9354797159178256,1,0.9354797159178256,43,114.72354729498232,moving,338,[],[],0.0,[],,7.20071202318422,0,0.0,[],0.0,0,0.0,,
384349,98,,106.09349981948654,19.56951182068441,44,2.537178493488295,0.490433712496165,-0.0380684951589024,5.173336230445485,3.7285626864281336,0.1256761332925086,-0.6480839344074927,"[1.2714806594975556, 0.5256245761396947]",1.3758431097034185,1,1.3758431097034185,44,125.8925765313837,moving,355,[],[],0.0,[],,26.42314299361273,0,0.0,[],0.0,0,0.0,,
364403,98,,107.05564348740216,19.502853910190304,45,2.5683299931436125,0.4856301003350167,-0.0335499455735408,5.288654865857419,3.7856001892800153,0.4611708439638201,0.3354947106713114,"[0.9621436679156119, -0.0666579104941114]",0.9644499545033678,1,0.9644499545033678,45,136.24237009321462,moving,359,[],[],0.0,[],,8.216941670885086,0,0.0,[],0.0,0,0.0,,
371947,98,,107.5952494829626,19.54298942703879,47,2.486673977814909,0.503107127234616,3.1220651170750684,4.942633175330248,3.787712689385632,0.0575992137572041,-0.0867239863880579,"[0.008556926915090912, 0.0001502228015723972]",0.0085582454463703,1,0.0085582454463703,47,160.24993471048185,moving,361,[],[],0.0,[],,10.01286457643072,0,0.0,[],0.0,0,0.0,,
367389,98,,109.6500621663502,19.33575181930705,48,2.4980846695863392,0.5001511480622574,-0.1885811218765583,4.994659472970729,3.8215126910756343,0.1180687542018056,0.0604695404446015,"[2.0548126833875955, -0.2072376077317415]",2.065236691003941,1,2.065236691003941,48,176.03555553759918,moving,351,[],[],0.0,[],,58.167290964542474,0,0.0,[],0.0,0,0.0,,
375330,98,,111.76093323397178,22.07758675883533,49,2.3147989484507447,0.5092015136394272,1.884079898558341,4.545938860051949,3.5532251776612607,1.015210744296815,0.8971419900950094,"[2.110871067621588, 2.7418349395282853]",3.460265235461001,1,3.460265235461001,49,194.59000841269392,moving,370,[358],[358],1.0,[358],[98.48763767907072],139.7343485987547,0,0.0,[],0.0,0,0.0,,
372878,98,,111.87856407830212,19.558814323696662,50,2.508196841850801,0.4907925946989962,0.2319321471319143,5.110502621558668,3.791937689596888,2.438824461177795,1.42361371688098,"[0.11763084433033555, -2.518772435138672]",2.521517716684192,1,2.521517716684192,50,207.69776594951156,moving,350,[],[],0.0,[],,117.80957559213384,0,0.0,[],0.0,0,0.0,,
367816,98,,113.81796826120488,20.70045581552621,51,2.454627068426181,0.5130378232559986,0.6071414681615941,4.784495327942629,3.8278501913925096,2.056164984459887,-0.3826594767179081,"[1.9394041829027486, 1.1416414918295494]",2.250474145714071,1,2.250474145714071,51,227.74337792116864,moving,356,[],[],0.0,[],,3.0291728800032076,0,0.0,[],0.0,0,0.0,,
379309,98,,115.43819532199764,21.773373736770974,52,2.4855356937465425,0.503661846063834,0.5637339356209086,4.934929483285749,3.798275189913759,0.0528690403681729,-2.0032959440917137,"[1.6202270607927574, 1.0729179212447661]",1.943267504553433,1,1.943267504553433,52,248.5321373330437,moving,378,[],[],0.0,[],,16.980672231650694,0,0.0,[],0.0,0,0.0,,
375636,98,,115.882765909244,22.31255223739885,53,2.4935607662139905,0.5060350708950809,0.5502717764533982,4.927644168621258,3.81517519075876,0.296368639644276,0.243499599276103,"[0.44457058724636056, 0.5391785006278766]",0.6988250586405006,1,0.6988250586405006,53,269.1452118631432,moving,384,[429],[429],1.0,[429],[25.4785213325583],16.65725919345351,0,0.0,[429],1.0,0,0.0,[25.4785213325583],[25.4785213325583]
386913,98,,116.69564480928184,22.857467726091173,54,2.476312482793193,0.4874297281573582,0.3813008641675692,5.08034766807198,3.751800187590011,0.2907240172838619,-0.005644622360414,"[0.8128789000378447, 0.5449154886923182]",0.97862403196709,1,0.97862403196709,54,289.15719705951966,moving,394,[],[],0.0,[],,2.587193770452627,0,0.0,[],0.0,0,0.0,,
389301,98,,117.75945156205523,23.64243937792848,55,2.4703226730750822,0.4970149661814924,0.3788008806010408,4.970318483675212,3.796162689808125,0.0451550496814822,-0.2455689676023796,"[1.0638067527734023, 0.7849716518373064]",1.3220685691122378,1,1.3220685691122378,55,306.36313754043766,moving,410,[],[],0.0,[],,22.096739425257844,0,0.0,[],0.0,0,0.0,,
393106,98,,119.38022926585823,24.05636828588768,56,2.57616303594369,0.4912170261308733,0.1734426294636466,5.244449803043535,3.8743251937162575,0.385660856925982,0.3405058072444998,"[1.6207777038030144, 0.41392890795920323]",1.672799302363936,1,1.672799302363936,56,324.3418101037868,moving,418,[],[],0.0,[],,14.12210970598442,0,0.0,[],0.0,0,0.0,,
393284,98,,120.52669670932372,24.677518025768048,57,2.491649620776168,0.5073974985175611,0.6202296269234445,4.910646244918237,3.842637692131878,0.2464773116972755,-0.1391835452287065,"[1.1464674434654825, 0.6211497398803658]",1.3039227731271992,1,1.3039227731271992,57,343.5059938057562,moving,421,[467],[467],1.0,[467],[43.86489046471024],35.53190609390437,0,0.0,[467],1.0,0,0.0,[43.86489046471024],[43.86489046471024]
394066,98,,120.94062802351844,25.52547028612545,58,2.5749526046933973,0.5090171094393886,0.685487122515199,5.058675940243637,3.920800196040009,0.6201487508480997,0.3736714391508241,"[0.41393131419469853, 0.8479522603574061]",0.9435900427178028,1,0.9435900427178028,58,364.3205752552435,moving,434,[],[],0.0,[],,,0,0.0,[],0.0,0,0.0,,
395333,98,,121.43326627571967,26.13198388584738,59,2.5291795369964403,0.4992934213543558,0.6862132055744798,5.065517446907126,3.842637692131887,0.2280375417128307,-0.392111209135269,"[0.49263825220126023, 0.6065135997219251]",0.7813777538294522,1,0.7813777538294522,59,382.4733518438621,moving,451,[],[],0.0,[],,,0,0.0,[],0.0,0,0.0,,
285457,99,,54.22627357331973,39.568622126758726,0,1.7312295068064518,0.4869917192424374,2.3901313284806607,3.5549464978573893,2.575137628756877,,,"[0.0, 0.0]",0.0,0,0.0,0,0.0,moving,618,[608],[],1.0,[608],[71.48824722909545],,0,0.0,[608],1.0,0,0.0,[71.48824722909545],[71.48824722909545]
283093,99,,55.08292634386663,39.18137083344722,1,1.7543541669798255,0.5027026771181845,2.685237831914184,3.4898444882707085,2.651187632559376,,,"[0.8566527705469014, -0.38725129331150754]",0.9401157021649608,1,0.9401157021649608,1,0.7529876656452377,moving,614,[609],[609],1.0,[609],[54.75993021321449],,0,0.0,[609],1.0,0,0.0,[54.75993021321449],[54.75993021321449]
293478,99,,55.72423929633548,38.49343779029503,2,1.742163870768327,0.4930448068412363,-0.7474827381200756,3.5334798107493604,2.619500130975006,0.3958976119025228,,"[0.6413129524688514, -0.6879330431521851]",0.9404967702575812,1,0.9404967702575812,2,2.2898408597105164,moving,611,[603],[603],1.0,[603],[67.05228195980416],39.170538796770835,0,0.0,[603],1.0,0,0.0,[67.05228195980416],[67.05228195980416]
293999,99,,55.76532613916909,37.87821887502909,3,1.7240196242403525,0.4953818986247525,2.3588028299612835,3.4801829235716224,2.6237251311862573,0.6836548717838291,0.2877572598813063,"[0.04108684283360731, -0.6152189152659417]",0.6165893628299434,1,0.6165893628299434,3,4.312745946398604,moving,597,[570],[570],1.0,[570],[114.62529384369735],100.30687873941844,0,0.0,[570],1.0,0,0.0,[114.62529384369735],[65.37470615630265]
286648,99,,56.986945869114585,38.18569539908449,4,1.7476588867683602,0.4883842186807855,1.9637645868246612,3.5784507769090173,2.585700129285004,1.7506852964015511,1.067030424617722,"[1.2216197299454947, 0.30747652405539583]",1.2597208331361722,1,1.2597208331361722,4,6.848403806726326,moving,610,[583],[583],1.0,[583],[97.85631921874338],56.89295463876409,0,0.0,[583],1.0,0,0.0,[97.85631921874338],[82.14368078125662]
284630,99,,58.07419151515622,37.18011722457141,11,1.7737562771796345,0.4734395991827183,0.7829429984761491,3.7465313003846874,2.55823762791188,0.1630139991750575,-0.8304209167164346,"[-0.015266458829955809, -0.06664095298130235]",0.068367253707187,1,0.068367253707187,11,30.05633533926359,moving,589,[566],[],1.0,[566],[114.38766173913719],145.24426093891054,1,1.0,[566],1.0,1,1.0,[114.38766173913719],[65.61233826086281]
284833,99,,56.66690162484545,37.37813845722364,12,1.7846664576363356,0.5217444022771166,0.4854121830533859,3.4205761477215373,2.706112635305631,1.4853901617390537,1.3223761625639958,"[-1.4072898903107713, 0.1980212326522306]",1.421153490637803,1,1.421153490637803,12,33.30226040708592,moving,594,[],[],0.0,[],,32.192728058290086,0,0.0,[],0.0,0,0.0,,
280817,99,,55.02664226913888,36.64155589885831,13,1.8291340927320108,0.4761720771696668,0.1940553176743985,3.841330015830106,2.6638626331931325,0.5618690998163193,-0.9235210619227342,"[-1.6402593557065686, -0.7365825583653276]",1.7980557886981534,1,1.7980557886981534,13,36.58802985824746,moving,596,[],[],0.0,[],,24.05557921924094,0,0.0,[],0.0,0,0.0,,
328489,99,,53.87628011755564,36.638994281803,14,1.7972351001102904,0.4966696315346829,0.4690728570677409,3.61857256010787,2.6004876300243835,0.419849060850078,-0.1420200389662412,"[-1.150362151583245, -0.002561617055306442]",1.1503650036736908,1,1.1503650036736908,14,39.78186501643288,moving,593,[583],[583],1.0,[583],[141.42602805549572],34.02705008022176,0,0.0,[583],1.0,0,0.0,[141.42602805549572],[38.57397194450428]
316629,99,,52.07785093391719,37.84746414282498,15,1.8061431390686504,0.4742971263897139,0.2272501889243801,3.808041496723309,2.6786501339325035,0.5938840586408703,0.1740349977907923,"[-1.7984291836384472, 1.2084698610219817]",2.1667364707229484,1,2.1667364707229484,15,42.88077081387952,moving,617,[],[],0.0,[],,22.633935350474957,0,0.0,[],0.0,0,0.0,,
308289,99,,50.34169048359463,38.19329713317571,16,1.799618108070932,0.475348133911173,-0.2244424042989364,3.785894967681143,2.6533001326650063,0.3950366945493246,-0.1988473640915457,"[-1.7361604503225578, 0.3458329903507291]",1.7702693485679386,1,1.7702693485679386,16,45.99778180690069,moving,633,[644],[],1.0,[644],[114.12338153626537],21.05860456693812,0,0.0,[644],1.0,0,0.0,[114.12338153626537],[65.87661846373463]
309219,99,,49.7519019928593,38.56649374104692,17,1.7986960260385612,0.481888073456476,3.0694788680374607,3.732601251441885,2.632175131608756,0.3675419855685847,-0.0274947089807399,"[-0.5897884907353301, 0.3731966078712077]",0.6979442470071907,1,0.6979442470071907,17,49.01561951692584,moving,629,[600],[],1.0,[600],[92.97652722612695],18.332816910369537,0,0.0,[600],1.0,0,0.0,[92.97652722612695],[87.02347277387305]
314300,99,,49.02694746657874,39.45085857182785,18,1.800467900598535,0.4830422033623604,2.911975042101653,3.72735112597996,2.613162630658125,0.3199680162512425,-0.0475739693173422,"[-0.7249545262805626, 0.8843648307809318]",1.1435297193763094,1,1.1435297193763094,18,51.70823951842878,moving,648,[633],[],1.0,[633],[100.97682123009885],35.708122032217624,0,0.0,[633],1.0,0,0.0,[100.97682123009885],[79.02317876990115]
311515,99,,48.18611072846191,39.67535541365249,19,1.771143641675235,0.4826464548066054,3.046654406459784,3.669650163254438,2.5878126293906414,0.6232242991661285,0.303256282914886,"[-0.8408367381168347, 0.2244968418246387]",0.8702903263602298,1,0.8702903263602298,19,54.30175006648857,moving,655,[],[],0.0,[],,47.1176413604099,0,0.0,[],0.0,0,0.0,,
308317,99,,47.61183934678103,40.75843215508139,20,1.815253872941513,0.4766878936202045,2.8547655620302264,3.808055327681125,2.627950131397505,0.8223579775130149,0.1991336783468863,"[-0.5742713816808802, 1.083076741428897]",1.2259049097062569,1,1.2259049097062569,20,56.90975753317949,moving,667,[666],[],1.0,[666],[119.64250657650238],15.114242704516876,0,0.0,[666],1.0,0,0.0,[119.64250657650238],[60.357493423497615]
309659,99,,46.89942012042153,41.52113227796634,22,1.777115086008698,0.4895198873730184,2.698648981047715,3.630322550418714,2.6237251311862577,1.0064552962768896,0.5531159996908909,"[0.015252281652571753, 0.2322277369736767]",0.2327280686026603,1,0.2327280686026603,22,62.19026993101192,moving,672,[667],[],1.0,[667],[148.18726656553295],69.75007485636326,0,0.0,[679],1.0,0,0.0,[118.41979675033934],[61.580203249660656]
314657,99,,47.10921546344301,41.9382221368895,23,1.7836163619687422,0.4692489511863705,2.564196869886469,3.801002340994785,2.5878126293906325,0.4004591609258203,-0.6059961353510692,"[0.20979534302148295, 0.41708985892316264]",0.4668811801412061,1,0.4668811801412061,23,64.78161939443976,moving,675,[670],[],1.0,[670],[137.8387878410054],17.478163367988078,0,0.0,[690],1.0,0,0.0,[106.17444691178073],[73.82555308821927]
322622,99,,47.98376390912718,42.838153722778735,25,1.7863761343166231,0.4748834895992563,2.175522431502071,3.761714554077478,2.562462628123128,0.5094949077494371,0.1366969010323754,"[0.05633040657936306, 0.16480781435061687]",0.1741686836845928,1,0.1741686836845928,25,70.76090811409816,moving,684,[649],[649],1.0,[649],[15.418295989221981],176.62459435834833,0,0.0,[729],1.0,0,0.0,[119.93825524044624],[60.06174475955376]
316371,99,,47.70145420160348,42.511153165004366,26,1.7777186828819254,0.4824182585684026,2.3553759354724857,3.68501533950515,2.5624626281231286,2.75875619662178,2.249261288872343,"[-0.28230970752370155, -0.32700055777436887]",0.4320047867175389,1,0.4320047867175389,26,73.84563503845715,moving,681,[673],[],1.0,[673],[89.72379470597716],105.03535773708624,0,0.0,[722],1.0,0,0.0,[133.4106830763583],[46.58931692364169]
332956,99,,47.40819551773154,42.94332567739662,27,1.797751682202238,0.492116203822879,2.3336604901031923,3.653104019410178,2.6216126310806347,1.8332128235222536,-0.9255433730995264,"[-0.2932586838719331, 0.4321725123922562]",0.5222774512974241,1,0.5222774512974241,27,76.77514584062581,moving,683,"[721, 676]","[721, 676]",2.0,"[721, 676]","[43.03603938904383, 77.62373759488194]",27.998314148971513,0,0.0,[721],1.0,0,0.0,[43.03603938904383],[43.03603938904383]
339245,99,,46.7249645307656,43.30419439462023,28,1.8047927588872537,0.4832613686387311,2.295484314204403,3.7346100392238304,2.642737632136881,0.4886627669072784,-1.3445500566149753,"[-0.6832309869659454, 0.36086871722361025]",0.7726776899982774,1,0.7726776899982774,28,79.46815383293098,moving,686,[660],[660],1.0,[660],[20.85131055393687],140.7810629574439,0,0.0,[723],1.0,0,0.0,[44.752756517452966],[44.752756517452966]
341653,99,,47.01389280096037,42.62150079186265,31,1.7877757951066358,0.4735703279856298,1.9938231073354271,3.7751009500765935,2.573025128651257,1.2967550544030746,-0.6961967573873438,"[-0.0800552322571022, 0.16067474425570794]",0.179513825800064,1,0.179513825800064,31,87.78077285912613,moving,677,[691],[691],1.0,[691],[58.923530604445006],166.06820222276394,0,0.0,[691],1.0,0,0.0,[58.923530604445006],[58.923530604445006]
341370,99,,46.87219477983113,43.51542369749709,32,1.7791185867780337,0.523731383226366,1.6025688448933322,3.397005876978479,2.665975133298746,0.3050372186713668,-0.9917178357317078,"[-0.1416980211292369, 0.8939229056344402]",0.9050836924891874,1,0.9050836924891874,32,90.88456406530965,moving,683,[729],[729],1.0,[729],[73.2173558547293],41.36571373174018,0,0.0,[729],1.0,0,0.0,[73.2173558547293],[73.2173558547293]
341403,99,,47.47792152322087,44.47142425029932,34,1.8158835163449845,0.4793525562221328,2.048598389306019,3.788200339758908,2.638512631925632,0.6763220074861765,-0.1882516668091056,"[0.007976957839211707, 0.25684880440508095]",0.2569726448100811,1,0.2569726448100811,34,97.6322073111896,moving,707,[661],[661],1.0,[661],[8.271795764633985],172.5956702282029,0,0.0,[728],1.0,0,0.0,[29.47139516627537],[29.47139516627537]
346292,99,,47.25105700652071,44.19877402837946,35,1.8450771699726212,0.4762518231217071,2.026413275381925,3.874162954125024,2.611050130552507,2.478646484921302,1.8023244774351257,"[-0.22686451670016083, -0.27265022191986077]",0.3546909252441439,1,0.3546909252441439,35,101.2650800179816,moving,709,[704],[704],1.0,[704],[52.25319461272532],96.83151757196303,0,0.0,[733],1.0,0,0.0,[34.77010591916293],[34.77010591916293]
344929,99,,46.76771118534708,44.70979783287677,36,1.794614579905777,0.4768021154461817,-1.2890173205322517,3.763856161221964,2.6152751307637567,1.6900288013335,-0.788617683587802,"[-0.48334582117362856, 0.5110238044973059]",0.7033978330993848,1,0.7033978330993848,36,105.09540315766624,moving,714,"[732, 717]","[732, 717]",2.0,"[732, 717]","[30.902214365071735, 33.18685529986284]",36.029269905075566,0,0.0,[732],1.0,0,0.0,[30.902214365071735],[30.902214365071735]
344788,99,,46.69011009971906,45.30923179722303,37,1.8073655293535345,0.4695470832799135,-1.300241471492097,3.849167833667705,2.585700129285006,0.6288293869332735,-1.0611994144002266,"[-0.07760108562802515, 0.599433964346261]",0.6044361058892185,1,0.6044361058892185,37,108.695531413339,moving,734,"[754, 731]","[754, 731]",2.0,"[754, 731]","[34.15718080112172, 27.922943311326122]",17.354689783434324,0,0.0,[754],1.0,0,0.0,[34.15718080112172],[34.15718080112172]
352031,99,,46.76709370120204,45.7467938664826,38,1.879716963683084,0.4607991813663373,-1.375265672318686,4.079254129986618,2.58358762917938,0.3028964773831346,-0.3259329095501388,"[0.07698360148297922, 0.4375620692595703]",0.4442826120297836,1,0.4442826120297836,38,112.01822966536756,moving,743,"[756, 742]","[756, 742]",2.0,"[756, 742]","[30.744971206604653, 30.545500682998068]",89.78880560110791,0,0.0,[756],1.0,0,0.0,[30.744971206604653],[30.744971206604653]
351023,99,,46.21533888520076,45.84596637396827,39,1.7881899490294528,0.503866011114571,1.8729874174225456,3.54893941957686,2.6427376321368823,1.5671102891724416,1.264213811789307,"[-0.551754816001278, 0.09917250748566886]",0.5605966136372919,1,0.5605966136372919,39,115.18038421549234,moving,748,[715],[],1.0,[715],[39.9556068326835],116.89938281618336,1,1.0,[770],1.0,1,1.0,[44.43948920052018],[44.43948920052018]
360606,99,,46.419521892853055,45.165812922361134,41,1.853259392743692,0.469549190305276,2.138181312387112,3.94689082849616,2.615275130763756,0.5572973112211689,-1.268978561434599,"[0.1691306656692504, -0.2295782834474167]",0.2851514865828094,1,0.2851514865828094,41,119.70229365354072,moving,736,[687],[],1.0,[687],[9.715112963475661],19.378005334474224,0,0.0,[],0.0,0,0.0,,
364431,99,,46.38401543747035,44.40390693107604,42,1.841771592430559,0.4659594504302307,2.1134100798429407,3.952643498763702,2.564575128228748,0.6815040557408539,0.124206744519685,"[-0.03550645538270203, -0.7619059912850972]",0.7627328811123658,1,0.7627328811123658,42,121.5386140641862,moving,721,[683],[],1.0,[683],[11.67750260063206],10.347002142024214,0,0.0,[],0.0,0,0.0,,
365228,99,,46.46483475804119,43.80448609905717,43,1.7995889710553945,0.4848170160049712,2.2126853622553613,3.711893171334031,2.67653763382688,0.1805892550892284,-0.5009148006516255,"[0.08081932057083918, -0.5994208320188648]",0.6048446878626943,1,0.6048446878626943,43,121.93257741912872,moving,708,[678],[678],1.0,[678],[17.085681727807987],8.072474255086101,0,0.0,[],0.0,0,0.0,,
385855,99,,46.61659352210032,43.26643685660524,44,1.8321896216995075,0.4639444459523368,-0.8966962987002929,3.949157356412748,2.653300132665007,0.140891254533729,-0.0396980005554993,"[0.15175876405912447, -0.5380492424519332]",0.5590417781989573,1,0.5590417781989573,44,121.79650175140492,moving,713,[666],[],1.0,[666],[2.8885173952036993],9.81472899070724,0,0.0,[],0.0,0,0.0,,
370186,99,,46.79539723023719,41.54692406186367,46,1.9101252174849448,0.4454869718054102,2.193810377953452,4.287724082578316,2.520212626010631,1.934442527851813,1.9322192250719572,"[-0.31817019199100116, 0.027594045260819655]",0.3193645290345293,1,0.3193645290345293,46,118.37982673892958,moving,687,[],[],0.0,[],,151.89625424871602,0,0.0,[],0.0,0,0.0,,
369517,99,,46.44957812557277,42.05884457520364,48,1.795943421281574,0.5213442204755645,2.128578230535928,3.4448323214235197,2.625837631291875,0.120933794391576,-0.7510333562283791,"[-0.043980438577357006, 0.0821806355569521]",0.0932090973993485,1,0.0932090973993485,48,110.2636437634048,moving,688,[666],[666],1.0,[666],[44.142488116608156],111.76116536105606,0,0.0,[733],1.0,0,0.0,[109.37985020796606],[70.62014979203394]
377788,99,,46.06663158645063,41.49532448929579,49,1.8733893953663503,0.490255135275576,2.06439123416156,3.821253997295315,2.672312633615628,2.0533313873345067,1.932397592942931,"[-0.3829465391221376, -0.5635200859078466]",0.681324400742561,1,0.681324400742561,49,105.64761166178766,moving,679,[673],[673],1.0,[673],[109.39871215145396],11.976329156845384,0,0.0,[],0.0,0,0.0,,
376197,99,,45.71996270150864,40.64677779490312,50,1.83307730722903,0.4920924667944484,1.9377151735374551,3.7250667931779646,2.701887635094378,0.2090263760895542,-1.8443050112449524,"[-0.346668884941991, -0.8485466943926667]",0.916630137160919,1,0.916630137160919,50,99.04120111454256,moving,668,[667],[667],1.0,[667],[54.28004568770967],52.61738541730643,0,0.0,[],0.0,0,0.0,,
369761,99,,45.13750757339765,40.48896015117721,51,1.8219795237739067,0.4796760022662339,1.0142926558511671,3.7983545459142154,2.731462636573128,0.9183466193228478,0.7093202432332936,"[-0.5824551281109933, -0.15781764372591311]",0.6034570282414423,1,0.6034570282414423,51,90.02783815654186,moving,666,[704],[704],1.0,[704],[24.07549825507884],155.24142072427756,1,1.0,[],0.0,1,0.0,,
381751,99,,46.35534090750787,41.50791344932321,52,1.8039261909028328,0.5032771124073042,0.3308067274960839,3.5843596826292954,2.689212634460632,2.709473927112404,1.791127307789556,"[1.2178333341102245, 1.0189532981460019]",1.587886599689235,1,1.587886599689235,52,76.93173063160691,moving,699,[706],[],1.0,[706],[92.05285804519947],12.619666566751464,0,0.0,[706],1.0,0,0.0,[92.05285804519947],[87.94714195480053]
378326,99,,46.93905743004741,41.80918348476589,53,1.8386231689518415,0.4834111125294498,0.3692750192706233,3.8034358774485786,2.6786501339325044,0.2202547320936618,-2.489219195018742,"[0.5837165225395395, 0.30127003544267694]",0.6568779284930226,1,0.6568779284930226,53,67.037536167978,moving,702,[662],[662],1.0,[662],[94.17401717537103],31.179752081250392,0,0.0,[662],1.0,0,0.0,[94.17401717537103],[85.82598282462897]
387767,99,,47.47392233519432,41.77290374631943,54,1.844113518835223,0.4812502611856371,0.4159791556934502,3.8319221153084753,2.710337635516885,0.5441893337733739,0.323934601679712,"[0.5348649051469039, -0.03627973844645993]",0.5360939154472376,1,0.5360939154472376,54,58.690512397460736,moving,693,[711],[],1.0,[711],[126.41637851988605],44.93396059847616,0,0.0,[711],1.0,0,0.0,[126.41637851988605],[53.58362148011395]
390136,99,,47.72481839742423,41.99141637236855,55,1.825880783446627,0.4876045419307006,0.4950598689177783,3.744593469570522,2.6195001309750023,0.7842455584048107,0.2400562246314368,"[0.2508960622299128, 0.2185126260491188]",0.3327109883748331,1,0.3327109883748331,55,49.19937286690117,moving,700,[725],[725],1.0,[725],[129.48341536342767],,0,0.0,[725],1.0,0,0.0,[129.48341536342767],[50.51658463657233]
394029,99,,48.702714487705286,42.27212980877384,56,1.8925120749564357,0.464547275859878,0.292941440087211,4.073884776212263,2.674425133721256,0.4369775441705745,-0.3472680142342361,"[0.9778960902810567, 0.2807134364052928]",1.0173892061376733,1,1.0173892061376733,56,37.81865875898861,moving,712,[],[],0.0,[],,,0,0.0,[],0.0,0,0.0,,
285551,100,,122.5727468884895,40.83770554451708,0,2.7302845141562098,0.5213319339785432,-0.7367221387666523,5.237132690721728,4.38977521948876,,,"[0.0, 0.0]",0.0,0,0.0,0,0.0,moving,630,[609],[609],1.0,[609],[23.894385144161554],,0,0.0,[609],1.0,0,0.0,[23.894385144161554],[23.894385144161554]
283226,100,,123.20495586576948,40.72246009895539,1,2.745982438027058,0.5302803890900323,2.420054450619335,5.17835940103159,4.47427522371376,,,"[0.632208977279987, -0.11524544556169047]",0.6426271887152921,1,0.6426271887152921,1,0.4173062041717635,moving,627,[],[],0.0,[],,,0,0.0,[],0.0,0,0.0,,
293632,100,,123.89797202400548,40.2087019737411,2,2.795516783279896,0.5169937746128217,-0.7368578875666756,5.407254246675344,4.362312718115642,0.4576230374199475,,"[0.6930161582359773, -0.513758125214288]",0.8626811733194676,1,0.8626811733194676,2,0.7870515808086086,moving,625,[],[],0.0,[],,13.220783755261346,0,0.0,[],0.0,0,0.0,,
284941,100,,124.84414522981822,39.09017943174148,12,2.7437847962900386,0.4976673313538504,2.0498681457347008,5.513290954473278,4.3010502150525065,0.1142129240442301,-0.4428088487357931,"[0.2158266669501785, 0.015571137801920543]",0.2163876394327311,1,0.2163876394327311,12,7.016136309714834,moving,601,[],[],0.0,[],,17.688518796842168,0,0.0,[],0.0,0,0.0,,
309090,100,,125.1634207591736,38.89002907116714,17,2.881053608431944,0.5010898410526615,2.0267373326892444,5.74957497118598,4.385550219277492,0.5201665937674126,-1.4748210296370554,"[0.0037890112713796498, 0.11019619215687015]",0.1102613140330211,1,0.1102613140330211,17,13.747120170201852,moving,603,[],[],0.0,[],,30.410911529561464,0,0.0,[],0.0,0,0.0,,
311238,100,,125.56753578690548,38.11392765868851,19,1.4727436908434697,0.5102804285704002,1.9571070058075437,2.8861457512088062,2.156862607843129,1.7803271409347146,-0.9487562874731704,"[0.07575571198752584, 0.05046734982200718]",0.0910268163608604,1,0.0910268163608604,19,17.200277558963137,moving,617,[653],[],1.0,[653],[19.466419304739688],175.10954937547123,0,0.0,[],0.0,1,0.0,,
308119,100,,125.02516559941932,38.96868546058885,20,2.832756555406393,0.5047785291293925,2.1204769457414763,5.611880046269278,4.366537718326882,1.5485505928998955,-0.231776548034819,"[-0.5423701874861706, 0.8547578019003339]",1.0123123629509196,1,1.0123123629509196,20,19.00545883720605,moving,613,[],[],0.0,[],,172.03147126105796,0,0.0,[670],1.0,1,1.0,[35.31860676139263],[35.31860676139263]
309247,100,,125.2537461100158,38.4654330752664,22,2.853804539612168,0.5026237316407106,2.084099638647354,5.677814953735902,4.387662719383132,2.3938522259489226,-0.5168521540490172,"[0.029925204795347327, 0.06825271882842543]",0.0745248382052291,1,0.0745248382052291,22,23.54521776638664,moving,605,[],[],0.0,[],,4.829579367761509,0,0.0,[],0.0,0,0.0,,
314045,100,,125.91073717625083,37.29264823453856,23,1.5741601488106551,0.4902236511711791,1.993450882735201,3.211106084028942,2.1272876063643755,2.2177489539375936,-0.1761032720113289,"[0.6569910662350367, -1.172784840727843]",1.344269892452287,1,1.344269892452287,23,25.67645156240775,moving,602,[629],[629],1.0,[629],[6.282492088161391],178.9853164798531,0,0.0,[],0.0,0,0.0,,
321845,100,,125.4410525187526,38.0973157672502,25,2.884378053642408,0.5140920820876981,2.058097431349406,5.61062532208066,4.448925222446265,3.133422185923521,0.0111438604627012,"[0.09379215777467209, -0.1571369540111789]",0.1829999758905457,1,0.1829999758905457,25,30.03864422379688,moving,595,[],[],0.0,[],,172.72593756607066,0,0.0,[],0.0,0,0.0,,
315554,100,,126.19446939119888,36.32220961377881,26,1.4522794807726285,0.4835008799075111,1.8906792043650624,3.0036749489482517,2.127287606364374,0.1367315669706551,-2.996690618952866,"[0.7534168724462802, -1.7751061534713912]",1.9283772555645675,1,1.9283772555645675,26,32.32505647296199,moving,585,[621],[],1.0,[621],[16.974466311078366],175.90377589975984,0,0.0,[],0.0,0,0.0,,
332856,100,,125.7678110884881,37.15617824257741,27,2.839383938416017,0.508907303766574,1.882908143831091,5.579373527164759,4.298937714946884,3.07010005614106,2.933368489170405,"[-0.4266583027107771, 0.8339686287986012]",0.9367715735931894,1,0.9367715735931894,27,34.179493804899835,moving,580,[],[],0.0,[],,171.08610037266823,0,0.0,[],0.0,0,0.0,,
336091,100,,126.01352879135533,36.4079603119055,29,2.856600541018954,0.4768902469567577,1.9036367051758565,5.990058633507717,4.2841502142075045,0.0262443714404212,-2.967410619570881,"[0.06746662340701448, -0.21910790364944432]",0.2292597189119756,1,0.2292597189119756,29,40.32306985986298,moving,566,[494],[494],1.0,[494],[0.35572728678700116],1.952803939418445,0,0.0,[],0.0,0,0.0,,
334888,100,,126.5159435299054,35.03750767173266,30,1.4505693334969092,0.467460173447064,-1.26456341400306,3.1030864571849435,2.072362603618128,0.0526879947184435,0.0264436232780222,"[0.5024147385500726, -1.3704526401728359]",1.4596441376133549,1,1.4596441376133549,30,43.69128368183362,moving,570,[493],[],1.0,[493],[4.285764616716364],10.3190654078545,0,0.0,[493],1.0,0,0.0,[4.285764616716364],[4.285764616716364]
340783,100,,126.81961458941016,34.520992706674086,31,1.4786826822389656,0.5164441826764331,1.9737182887822684,2.8631994160062058,2.287837614391877,0.1801016670956933,0.1274136723772498,"[0.30367105950475093, -0.5165149650585761]",0.5991692761734367,1,0.5991692761734367,31,46.00718438864763,moving,557,[600],[600],1.0,[600],[18.17608411060855],170.52055565078496,1,1.0,[493],1.0,0,0.0,[0.6256700692472208],[0.6256700692472208]
340448,100,,126.45468481836711,35.47301748901978,32,2.8565259478935,0.5084834832112092,2.106452491469455,5.617735958410635,4.368650218432518,2.9761451384364133,2.79604347134072,"[-0.36492977104302327, 0.9520247823456955]",1.0195709509366586,1,1.0195709509366586,32,48.06273709419393,moving,559,[],[],0.0,[],,5.841416931835178,0,0.0,[],0.0,0,0.0,,
339777,100,,126.1146168118929,36.14582260520773,34,1.4793821954754949,0.4779959822533866,2.1342391054939265,3.0949678457574805,2.1188376059418736,2.78241302155536,2.59431786136986,"[0.14605465152922648, -0.11276442565575451]",0.1845203970481203,1,0.1845203970481203,34,54.43443933427661,moving,580,[544],[],1.0,[544],[16.87116673868878],177.0423552434033,0,0.0,[],0.0,0,0.0,,
345236,100,,126.84339801513636,34.871848936359,35,2.8493254720010217,0.5163213145838563,2.0136020785523296,5.518512196804263,4.493287724664376,0.3937021946706833,-2.388710826884677,"[0.7287812032434573, -1.2739736688487326]",1.4676957965194566,1,1.4676957965194566,35,57.28708110955101,moving,547,[624],[624],1.0,[624],[33.960328632473924],172.83760936632677,0,0.0,[],0.0,0,0.0,,
344066,100,,126.60231380669433,35.450746582671364,36,1.481681805743499,0.5069295004506155,2.030787841074627,2.922855750999725,2.249812612490631,3.016585354718195,2.6228831600475115,"[-0.24108420844203238, 0.5788976463123632]",0.6270917639916149,1,0.6270917639916149,36,59.55500694951655,moving,579,[539],[],1.0,[539],[10.058050045059318],162.98001803603177,0,0.0,[],0.0,0,0.0,,
343750,100,,126.67569996535455,34.70088128182604,37,1.4945780684891734,0.5164617892211625,2.071217376346881,2.893879275644061,2.2434751121737517,2.844537929688516,-0.172047425029679,"[0.07338615866024156, -0.7498653008453218]",0.7534477405200384,1,0.7534477405200384,37,63.38413063858359,moving,573,[529],[529],1.0,[529],[21.991129917177133],12.037324886578258,0,0.0,[496],1.0,0,0.0,[76.42727771884036],[76.42727771884036]
350240,100,,127.18252775712313,33.10574890751814,38,2.8744259585405767,0.5181285938092556,-1.0628322740518188,5.547707640313654,4.584125229206267,0.2100909524030084,-2.6344469772855077,"[0.5068277917685435, -1.5951323743079016]",1.67371494050634,1,1.67371494050634,38,66.13906326125829,moving,525,[],[],0.0,[],,27.88619746720901,0,0.0,[],0.0,0,0.0,,
376748,100,,128.08515746709628,32.21914024891304,49,1.463937040945496,0.5240844317786204,1.9600761849689847,2.7933228926057487,2.3279751163987608,0.1727641240775312,-0.7426788395789513,"[0.20151762781912907, -0.08145951694275766]",0.2173591664098766,1,0.2173591664098766,49,101.08729352479148,moving,526,[494],[],1.0,[494],[8.656754096614634],57.04525022928043,0,0.0,[],0.0,0,0.0,,
380014,100,,127.91236029628868,31.37225381319708,52,1.5038917267166183,0.4966224808398727,2.163447845307458,3.0282393261241074,2.266712613335631,0.3266949069504093,0.1460003964694097,"[-0.14006949045884198, -0.24246972006233136]",0.2800196909228081,1,0.2800196909228081,52,115.55114778492228,moving,520,[496],[],1.0,[496],[12.252275557615874],0.8253265485945475,0,0.0,[],0.0,0,0.0,,
376496,100,,127.8057140478696,30.808217049277747,53,1.4881642895575302,0.5068007760499309,2.264534091228973,2.9363891293862454,2.270937613546864,0.3369740161880368,0.0102791092376275,"[-0.10664624841908221, -0.5640367639193293]",0.5740303941033558,1,0.5740303941033558,53,121.7325325224853,moving,513,[489],[],1.0,[489],[17.46392689184284],,0,0.0,[],0.0,0,0.0,,
387217,100,,128.16670774960943,30.25529469577328,54,1.532669929954786,0.5022597114227175,2.216489452799318,3.0515486213562584,2.3237501161874974,0.7652701191276272,0.4282961029395903,"[0.3609937017398295, -0.5529223535044707]",0.6603329324672123,1,0.6603329324672123,54,128.40131322249803,moving,499,[472],[],1.0,[472],[17.849794570011696],,0,0.0,[],0.0,0,0.0,,
285621,103,,128.4943767207284,41.22790145499312,0,1.5893031818575207,0.5404763928461103,1.111486493329695,2.9405598521858893,2.6554126327706404,,,"[0.0, 0.0]",0.0,0,0.0,0,0.0,moving,641,[601],[601],1.0,[601],[1.1222551251791089],,0,0.0,[],0.0,0,0.0,,
293815,103,,127.81469804101556,40.83387173735549,6,1.585029197265084,0.5256942397699341,1.1520409306720882,3.01511615945946,2.4864126243206317,2.968501269265351,0.3830073243283829,"[-0.16498930965038028, 0.009654698696245134]",0.1652715508060124,1,0.1652715508060124,6,3.850604343196244,moving,639,[],[],0.0,[],,,0,0.0,[],0.0,0,0.0,,
285530,103,,127.04017173047323,41.19943064163403,9,1.6285436199805292,0.5212165423411738,1.2962789891159154,3.124504860619965,2.6110501305525013,0.5257266385679462,-0.0787848520492879,"[-0.274601399589244, -0.07241706795336]",0.2839897188056871,1,0.2839897188056871,9,5.652608615724593,moving,650,[607],[],1.0,[607],[16.438765987851255],74.71009129296516,0,0.0,[],0.0,0,0.0,,
285016,103,,126.68074784785745,40.77943364359541,11,1.5863305767155982,0.5441989123574196,1.5507975495409374,2.914982997381895,2.58147512907374,1.0841787338324174,0.7080525842028205,"[0.02084248416947787, -0.14041866556768667]",0.1419570737447231,1,0.1419570737447231,11,6.753403988514085,moving,644,[597],[597],1.0,[597],[17.460450311675814],16.704660083664784,0,0.0,[],0.0,0,0.0,,
285402,103,,126.46615228446356,40.29406241086137,12,1.6253182056083415,0.5379784589682873,1.5952600883679282,3.021158521338027,2.6089376304468663,0.5636423283174555,-0.5205364055149618,"[-0.2145955633938712, -0.4853712327340389]",0.5306943464877816,1,0.5306943464877816,12,7.3029872616217695,moving,632,[582],[582],1.0,[582],[0.876501264423382],23.880634247063444,0,0.0,[570],1.0,0,0.0,[44.17153145396161],[44.17153145396161]
316609,103,,126.4671020845909,38.426202774718455,15,1.5911153763428991,0.5112922323277261,-1.2882279099026834,3.111949049370717,2.484300124215004,2.976685064087053,2.511916039313545,"[-0.07452426734786854, 0.10858877330166194]",0.1317018910680341,1,0.1317018910680341,15,7.892739640024929,moving,615,[],[],0.0,[],,165.55042810950724,0,0.0,[549],1.0,1,1.0,[51.3940990494377],[51.3940990494377]
309165,103,,126.35875208966482,38.84580436435358,17,1.5912768915009146,0.5061098465034936,-1.215438342768117,3.1441334376210963,2.469512623475632,3.127272485452396,2.7789801341505127,"[0.0038179059981899854, -0.013930559847636914]",0.0144442688939111,1,0.0144442688939111,17,8.926345367783796,moving,618,[571],[],1.0,[571],[6.058118952334397],169.69933303157245,0,0.0,[632],1.0,1,1.0,[34.74195423923513],[34.74195423923513]
314482,103,,126.82824768482016,37.82876139504178,21,1.6201827274709613,0.5583086156951191,1.977412672900693,2.90194828079764,2.6955501347775006,1.6383805106279792,-0.4772173278375922,"[-0.012843010233936525, -0.19548041843317066]",0.1959018552813538,1,0.1959018552813538,21,10.747191833449383,moving,607,[560],[560],1.0,[560],[5.326804198480978],14.280172928933323,0,0.0,[],0.0,0,0.0,,
309223,103,,126.91753577279948,37.346968469677,22,1.6341035243064896,0.5209556265035663,1.975027938965668,3.136742250532739,2.5920376296018746,0.2488510615276313,-1.3895294491003478,"[0.08928808797931254, -0.481792925364779]",0.4899967199753004,1,0.4899967199753004,22,10.910097375857736,moving,601,[556],[556],1.0,[556],[5.328873196406057],0.6341422977009888,0,0.0,[],0.0,0,0.0,,
315568,103,,127.0738724248744,36.55256123928869,26,1.6041970020100904,0.5124162896198192,1.9371202184394984,3.130651844031547,2.509650125482493,2.0716878498138773,0.3253954451996272,"[-0.06844903411636949, -0.13119544129530425]",0.1479780865132859,1,0.1479780865132859,26,9.735481357922634,moving,587,[545],[],1.0,[545],[10.809370515314626],8.463766840140545,0,0.0,[],0.0,0,0.0,,
336135,103,,127.09085705291623,36.18829246866067,29,1.6289914599764044,0.5262635017750071,1.8491821491741736,3.095391290640644,2.5709126285456283,1.74048775128858,0.8760458295679291,"[0.020930365702383824, 0.02882296564029474]",0.0356208303768614,1,0.0356208303768614,29,8.299647492070855,moving,580,[],[],0.0,[],,162.74536513513425,1,0.0,[],0.0,1,0.0,,
334916,103,,126.81501242174602,36.94929995590466,30,1.6264582708603847,0.4977494190157456,1.993200067874172,3.267624649520553,2.473737623686876,0.9758175819539656,-0.7646701693346144,"[-0.27584463117021585, 0.7610074872439867]",0.8094582485754525,1,0.8094582485754525,30,8.104319745664686,moving,599,[],[],0.0,[],,22.81034173825315,0,0.0,[],0.0,0,0.0,,
340813,103,,126.25957522856548,37.55049361894349,32,1.624365903171296,0.523954927967902,-0.7813992211741362,3.1002015945745742,2.5012001250600093,0.1634514496912535,-0.1872454089351349,"[-0.18098303114344105, 0.1552158200231304]",0.2384256872640206,1,0.2384256872640206,32,8.913110245340993,moving,608,[],[],0.0,[],,13.988263291873707,0,0.0,[],0.0,0,0.0,,
343060,103,,125.63294840229452,37.961753400034574,33,1.615429454570822,0.529564570154985,2.5592128197408,3.050486277996358,2.585700129285011,0.1281085095990079,-0.0353429400922456,"[-0.6266268262709502, 0.41125978109108274]",0.7495303776001937,1,0.7495303776001937,33,9.393548150919772,moving,611,[],[],0.0,[],,26.432095241228787,0,0.0,[],0.0,0,0.0,,
350039,103,,125.20451668673998,38.01318276851456,39,1.660434385819555,0.5280794366436713,2.2495240059767645,3.1442890417639107,2.649075132453751,1.0357357717676965,-0.1888284767832575,"[0.07542057886269049, -0.0009500146404590737]",0.0754265619248312,1,0.0754265619248312,39,14.34904486180473,moving,622,[587],[],1.0,[587],[3.7165557303763563],137.51421179458174,0,0.0,[],0.0,0,0.0,,
365016,103,,125.75221226329194,37.37573337673823,43,1.6139614288282778,0.5524839447292325,2.068198189886448,2.921282046701404,2.687100134355003,0.7170240173422988,0.3913614261231476,"[0.17972128940559173, -0.13417902357331712]",0.2242849799534005,1,0.2242849799534005,43,19.179146247192936,moving,605,[],[],0.0,[],,179.50704866532843,0,0.0,[586],1.0,1,1.0,[79.76873089981314],[79.76873089981314]
385510,103,,125.1599143097928,38.07721490177988,44,1.6696541890554977,0.5320428676640145,2.2950699746380723,3.1381948533325423,2.695550134777505,2.9133211751317027,2.196297157789404,"[-0.5922979534991271, 0.7014815250416433]",0.9180921498923752,1,0.9180921498923752,44,20.631938435394968,moving,626,[],[],0.0,[],,8.295803436387509,0,0.0,[],0.0,0,0.0,,
365331,103,,124.7460466379104,38.44373512977781,45,1.6123485428983908,0.540293740991088,-0.8394132670866574,2.984207331257954,2.6131626306581324,0.1447890840632266,-2.7685320910684763,"[-0.41386767188241436, 0.36652022799793826]",0.5528322777850715,1,0.5528322777850715,45,23.052502329549498,moving,637,[676],[676],1.0,[676],[64.96046354982826],7.856124072560075,0,0.0,[648],1.0,0,0.0,[14.3820890432997],[14.3820890432997]
369899,103,,124.46574553589136,38.77058499130455,46,1.6137284164257018,0.5141021117437868,2.2820145868308286,3.138925866209894,2.5561251278062453,0.1371152315113356,-0.0076738525518909,"[-0.28030110201903824, 0.3268498615267319]",0.4305804684064653,1,0.4305804684064653,46,26.04110198897026,moving,640,[596],[],1.0,[596],[1.8444392346718672],177.59060169268335,1,1.0,[642],1.0,1,1.0,[5.250882989666593],[5.250882989666593]
373789,103,,124.8744119422021,38.332730936672455,47,1.6108823342949112,0.5267860577409549,2.296379332639753,3.0579441323920853,2.6026001301299986,3.0995407201351477,2.962425488623812,"[0.40866640631074347, -0.4378540546320906]",0.598936060698218,1,0.598936060698218,47,29.44905100301848,moving,631,[589],[],1.0,[589],[2.935673446421191],0.6206267927234781,0,0.0,[639],1.0,0,0.0,[6.83616718880306],[6.83616718880306]
369179,103,,125.4195354619372,37.761211860831736,51,1.6400135760475332,0.5262492300615783,2.412225565685442,3.1164199059362603,2.6575251328762537,0.1347703130937105,-2.3724300047845173,"[0.10624606552079285, -0.11330314065693159]",0.1553249114642369,1,0.1553249114642369,51,36.240217894589605,moving,616,[572],[572],1.0,[572],[20.65743363432562],7.316380275240093,0,0.0,[],0.0,0,0.0,,
381031,103,,125.62449497737065,37.48249413434774,52,1.6025652790576903,0.5617989207533264,2.426327254896238,2.852560266418422,2.5878126293906365,0.1191964299289231,-0.0155738831647873,"[0.20495951543344404, -0.27871772648399684]",0.3459652786380741,1,0.3459652786380741,52,37.70866447172056,moving,624,[572],[],1.0,[572],[27.25661010237146],47.307258021119765,0,0.0,[],0.0,0,0.0,,
377775,103,,126.40292960762042,37.395684294300544,53,1.6827304608602156,0.5270073529357877,2.495669720524531,3.192992377594483,2.6997751349887533,0.8256674125590371,0.706470982630114,"[0.7784346302497767, -0.08680984004719505]",0.7832601240335972,1,0.7832601240335972,53,39.43207396910213,moving,617,[],[],0.0,[],,123.40749742171558,1,0.0,[],0.0,0,0.0,,
387542,103,,126.08481915209885,37.01347959199638,54,1.6264496796845984,0.5411593498866551,-0.5738922691787034,3.0054912292012608,2.6406251320312637,2.15386715165535,1.328199739096313,"[-0.3181104555215768, -0.3822047023041648]",0.497267228334585,1,0.497267228334585,54,43.43319334499304,moving,612,[559],[559],1.0,[559],[31.293038995920178],74.91326839067337,0,0.0,[],0.0,0,0.0,,
389852,103,,126.75765071833268,36.05764588476076,55,1.6711439838621296,0.5349681574818465,2.538226289056701,3.1238195404533737,2.7441376372068835,1.307483186847444,-0.8463839648079061,"[0.6728315662338389, -0.9558337072356196]",1.1688970837539414,1,1.1688970837539414,55,48.340703841235154,moving,599,[543],[543],1.0,[543],[42.65228996820807],14.644119786004383,0,0.0,[],0.0,0,0.0,,
393575,103,,127.20686276020652,34.856071737537654,56,1.6584910379433933,0.5331598207814225,-0.8404237770578825,3.110682713323438,2.68287513414376,0.2555881063222239,-1.05189508052522,"[0.44921204187383523, -1.2015741472231056]",1.282798460335603,1,1.282798460335603,56,54.2261854410807,moving,579,[526],[526],1.0,[526],[17.68080578323616],6.6581707336893565,0,0.0,[],0.0,0,0.0,,
393676,103,,127.79331545538408,33.71282779046211,57,1.6866679426266802,0.5359264163348397,1.918658801117092,3.147200606683423,2.756812637840649,0.1162070014628153,-0.1393811048594085,"[0.5864526951775701, -1.1432439470755469]",1.284886565501372,1,1.284886565501372,57,60.79377518874461,moving,552,[520],[],1.0,[520],[24.00551996875057],9.948698240198878,0,0.0,[492],1.0,0,0.0,[18.909437184829166],[18.909437184829166]
394523,103,,128.01326812085563,33.422053871781735,58,1.63718540576114,0.548078662932651,-1.0137530936074255,2.9871358191558,2.7018876350943777,0.1736375405787943,0.0574305391159789,"[0.21995266547153847, -0.2907739186803724]",0.3645938107439213,1,0.3645938107439213,58,66.44040117789571,moving,554,[519],[519],1.0,[519],[0.21370063176406973],,0,0.0,[],0.0,0,0.0,,
395682,103,,128.79305603866024,32.35199861942054,59,1.6439868870619745,0.5120395674104041,1.8285393091099889,3.2106637683808223,2.5730251286512447,0.0178564407387309,-0.1557810998400634,"[0.7797879178046117, -1.0700552523611933]",1.324042083870384,1,1.324042083870384,59,78.87086048148561,moving,545,[],[],0.0,[],,,0,0.0,[],0.0,0,0.0,,
298260,107,,109.74657142932848,110.10561538129792,1,2.095857682788401,0.560901460337237,-0.4938308325962898,3.73658803014755,3.5574501778725067,,,"[0.17383620395960975, -0.13467617404641885]",0.2199015635753151,1,0.2199015635753151,1,0.6564362199861494,moving,1677,[],[],0.0,[],,,0,0.0,[],0.0,0,0.0,,
303901,107,,108.90189994977668,110.67931108522993,2,2.0893671482100333,0.5732923188897221,2.442887354859529,3.644505742299928,3.504637675231863,3.079076329542056,,"[-0.8446714795517778, 0.5736957039320032]",1.0210762307870191,1,1.0210762307870191,2,1.238203541651591,moving,1697,[1712],[],1.0,[1712],[54.368446083105844],,0,0.0,[1712],1.0,0,0.0,[54.368446083105844],[54.368446083105844]
305989,107,,108.4207609153448,111.20407949026604,3,2.0593227630361266,0.5763664539136822,2.274870206929102,3.572940009004297,3.5616751780837568,0.2321189179692659,-2.84695741157279,"[-0.4811390344319051, 0.5247684050361272]",0.7119527016440256,1,0.7119527016440256,3,2.002479024222726,moving,1708,[1718],[1718],1.0,[1718],[52.84762750468488],3.1009573974299363,0,0.0,[1718],1.0,0,0.0,[52.84762750468488],[52.84762750468488]
298093,107,,108.11957420670134,111.57054800485648,9,2.0522352135416235,0.5592009125306994,2.0979110356776087,3.6699425332732414,3.3483126674156374,2.3094201509132666,0.1663848367656539,"[-0.06463033076411762, 0.05053562611357165]",0.0820422401045336,1,0.0820422401045336,9,6.099622754231828,moving,1733,[],[],0.0,[],,175.96110485126647,0,0.0,[1784],1.0,1,1.0,[46.34384436833327],[46.34384436833327]
292213,107,,108.4277732867721,111.13649454790703,13,2.09321691241622,0.5374983019915242,2.376921794000796,3.894369349001642,3.422250171112513,2.5643416406521915,1.7412947407070107,"[-0.12007095694795566, 0.15452456027149708]",0.1956907622487514,1,0.1956907622487514,13,6.392201104559516,moving,1750,[1764],[],1.0,[1764],[58.704560627889286],132.07876393829488,0,0.0,[1764],1.0,0,0.0,[58.704560627889286],[58.704560627889286]
332370,107,,108.68113561461628,112.27514006176276,14,2.148094878712843,0.4990425641338961,-0.8381288720513956,4.304432192955181,3.232125161606265,0.8795251556305295,-1.684816485021662,"[0.25336232784417234, 1.1386455138557352]",1.1664930670151492,1,1.1664930670151492,14,6.182348816220376,moving,1778,[],[],0.0,[],,163.4353454120866,0,0.0,[1776],1.0,1,1.0,[49.4360559230509],[49.4360559230509]
327626,107,,108.78462234076768,110.80260674370032,15,2.080812315195407,0.5527847822099681,2.59392507638936,3.764235887385622,3.420137671006905,2.852484891575126,1.9729597359445967,"[0.10348672615141652, -1.4725333180624602]",1.4761652601567268,1,1.4761652601567268,15,6.149705555344736,moving,1749,[1767],[],1.0,[1767],[66.23078144271844],164.95329534634928,0,0.0,[1767],1.0,0,0.0,[66.23078144271844],[66.23078144271844]
318757,107,,109.01224542642846,111.97072166085852,16,2.1490295961747776,0.5201570774939627,2.4195518838637797,4.131501212150133,3.352537667626891,2.8789781158084287,0.026493224233302,"[0.22762308566078104, 1.1681149171582064]",1.1900860174009518,1,1.1900860174009518,16,6.197775391709897,moving,1774,[1749],[1749],1.0,[1749],[18.804593884769037],159.93843959618005,0,0.0,[1776],1.0,0,0.0,[54.89017687163456],[54.89017687163456]
323383,107,,108.42258724402538,110.99278037861949,22,2.096022678102333,0.523007590969443,2.186314316033205,4.007633377208084,3.373662668683133,1.5492695783686825,-0.988840835133424,"[-0.2639895471971556, 0.1544971843996592]",0.3058755645957707,1,0.3058755645957707,22,7.508257134540034,moving,1775,[1790],[1790],1.0,[1790],[44.393450666472305],116.2272082026846,0,0.0,[1807],1.0,0,0.0,[27.442628666524502],[27.442628666524502]
325890,107,,107.8555705246208,111.8765237469041,23,2.161527703591231,0.5129281877987005,1.7242337573502575,4.214094204624851,3.394787669739384,0.4708476015577724,-1.0784219768109098,"[-0.5670167194045774, 0.8837433682846267]",1.050004905260631,1,1.050004905260631,23,8.61317297200323,moving,1779,[],[],0.0,[],,31.557540313054627,0,0.0,[],0.0,0,0.0,,
329941,107,,107.82461933081017,113.44983973575832,24,2.1577189497889213,0.5081750414493574,1.1638187259355015,4.246015199083622,3.356762667838136,0.5507829822936289,0.0799353807358564,"[-0.030951193810651034, 1.573315988854219]",1.573620404412269,1,1.573620404412269,24,9.814772916604026,moving,1811,[1866],[1866],1.0,[1866],[71.03780428541066],25.008409482434377,0,0.0,[1866],1.0,0,0.0,[71.03780428541066],[71.03780428541066]
329284,107,,108.2142114160117,114.3297753895136,26,2.139547029985014,0.498774251262685,1.238009340623858,4.289610028121114,3.2659251632962585,0.9590894897222116,0.5800158974539398,"[0.06530644298284471, 0.01683579439183802]",0.0674416449078445,1,0.0674416449078445,26,11.678123966250691,moving,1834,[1893],[1893],1.0,[1893],[94.34069412320221],4.005475033263299,0,0.0,[1893],1.0,0,0.0,[94.34069412320221],[85.65930587679779]
334080,107,,108.54568567104626,114.95616828744996,27,2.138877070835088,0.5154181433042326,0.9940694688639524,4.149790027031676,3.371550168577512,0.8317752683981671,-0.1273142213240444,"[0.3314742550345642, 0.626392897936384]",0.7086912193161846,1,0.7086912193161846,27,12.579975702712824,moving,1857,[],[],0.0,[],,39.83758828864524,0,0.0,[],0.0,0,0.0,,
350873,107,,107.96030753664172,117.7218518495989,28,1.4045812820831844,0.5064450676650221,2.6933501655783254,2.7734128966030656,2.125175106258745,0.6952970816907803,-0.1364781867073867,"[-0.5853781344045501, 2.7656835621489364]",2.8269547442751506,1,2.8269547442751506,28,13.17407862264776,moving,1918,[],[],0.0,[],,164.6600704096044,1,0.0,[],0.0,0,0.0,,
346532,107,,107.80089112483772,115.03000976286977,29,2.134145500760122,0.5084339404630538,1.0028432525592557,4.197488269206535,3.322962666148136,2.873860375213283,2.1785632935225028,"[-0.15941641180398847, -2.691842086729139]",2.6965584384987364,1,2.6965584384987364,29,12.526307869574287,moving,1856,[],[],0.0,[],,32.32671063376848,0,0.0,[],0.0,0,0.0,,
339839,107,,107.45526584427996,114.54930330233267,30,1.995970360728548,0.5751653804668821,1.0709979030147967,3.470254692847382,3.211000160550004,0.5642075368987614,-2.3096528383145216,"[-0.3456252805577691, -0.48070646053707833]",0.5920604156357037,1,0.5920604156357037,30,12.854230328635769,moving,1851,[],[],0.0,[],,4.926599864205704,0,0.0,[],0.0,0,0.0,,
352902,107,,106.98471164299252,114.00112224473077,31,2.115781806712946,0.4982859982158636,1.2154864726144834,4.246119325625448,3.1877626593881345,0.0859853885586175,-0.4782221483401438,"[-0.47055420128742753, -0.548181057601937]",0.7224428892741813,1,0.7224428892741813,31,13.004546252515077,moving,1846,[1826],[1826],1.0,[1826],[53.01141815230896],14.614019217224246,0,0.0,[1826],1.0,0,0.0,[53.01141815230896],[53.01141815230896]
356777,107,,106.1118329812045,112.21371336556068,35,2.194982858646428,0.5022445040903261,0.9927694323396868,4.370347192991228,3.28071266403564,0.6750229612979163,0.3792136886002296,"[-0.02936752178477775, -0.0192173972486529]",0.0350964341891299,1,0.0350964341891299,35,13.726889949773458,moving,1839,[],[],0.0,[],,165.3410790408502,0,0.0,[1805],1.0,1,1.0,[106.60312428951357],[73.39687571048643]
356878,107,,106.9667184834662,113.2080507181292,36,2.1267110289910405,0.512488907650403,0.925056744629597,4.14976987256432,3.367325168366248,2.8603711435062924,2.185348182208376,"[0.8548855022616948, 0.9943373525685217]",1.3113107917996432,1,1.3113107917996432,36,14.22591997609354,moving,1861,[],[],0.0,[],,163.33612510057762,0,0.0,[],0.0,1,0.0,,
359455,107,,106.61430435039736,112.41739047516822,38,2.0937830889728875,0.5107639211527345,1.3283530071477678,4.099316733741615,3.2595876629793934,1.5141410854089854,-1.5611530989754312,"[0.14759464026721503, -0.12444000777540509]",0.1930530843336917,1,0.1930530843336917,38,15.052273947198245,moving,1835,[],[],0.0,[],,162.32554701124155,0,0.0,[],0.0,1,0.0,,
361878,107,,106.6806848749673,113.0139701351212,41,2.199806273755742,0.4902726578946969,1.258309401475818,4.486903844897316,3.2849376642468746,0.2753620754707043,-0.7656979604773833,"[0.024722725984617, 0.026310158398786143]",0.0361031524257878,1,0.0361031524257878,41,15.973307869512292,moving,1844,[],[],0.0,[],,11.532847055406174,0,0.0,[],0.0,0,0.0,,
371370,107,,106.63716024364436,113.4937330212742,42,2.179103248324905,0.5007148419730897,1.2563208620801,4.351984534227205,3.3314126665706323,0.8447755854892205,0.5694135100185163,"[-0.04352463132293849, 0.4797628861529972]",0.4817331423741276,1,0.4817331423741276,42,16.525663175424224,moving,1850,[],[],0.0,[],,16.59686187693629,0,0.0,[],0.0,0,0.0,,
372887,107,,106.80434725090376,114.32190981103008,43,2.195296137483836,0.5175140362942462,1.7238381342609503,4.242003083053853,3.443375172168757,0.2896698852512844,-0.555105700237936,"[0.1671870072594146, 0.8281767897558723]",0.8448835958205733,1,0.8448835958205733,43,16.98608427142218,moving,1876,[],[],0.0,[],,62.54078002409141,0,0.0,[],0.0,0,0.0,,
370925,107,,106.27081093562302,114.75199415418466,45,2.1376421451110184,0.4873006635012662,1.5145920107673954,4.386700665974907,3.232125161606272,0.5414604551944416,-0.7161299625802157,"[-0.10861714246171061, 0.19106010944074114]",0.219776361458769,1,0.219776361458769,45,17.754032743935802,moving,1907,[],[],0.0,[],,65.09788424833116,0,0.0,[],0.0,0,0.0,,
380433,107,,106.38789375091854,115.22262969216108,46,2.1210165960614136,0.5141769231923696,1.4914710772403854,4.125071547148909,3.3039501651975134,0.7607598506098278,0.2192993954153861,"[0.11708281529551812, 0.47063553797643465]",0.4849806132660278,1,0.4849806132660278,46,18.222278960720413,moving,1907,[],[],0.0,[],,13.204754337075997,0,0.0,[],0.0,0,0.0,,
384118,107,,106.39690181067157,115.89685215433188,50,2.227664726795389,0.4846657255232598,-1.3912151619720288,4.59629103005032,3.3166251658312467,1.5830016447655952,-0.9225522960171484,"[0.04059498513196047, -0.060483036230579046]",0.072843328380392,1,0.072843328380392,50,15.64940830993114,moving,1910,[],[],0.0,[],,178.58473165019635,1,0.0,[],0.0,1,0.0,,
376936,107,,106.40360320654158,115.30598922145154,51,2.1347304264636127,0.5280213163526956,1.5661532532904552,4.042886831178051,3.2215626610781323,0.5797792720921524,-1.0032223726734428,"[0.006701395870024385, -0.5908629328803272]",0.5909009343016381,1,0.5909009343016381,51,14.444845982456854,moving,1900,[],[],0.0,[],,12.03839256020104,0,0.0,[],0.0,0,0.0,,
387277,107,,106.24684146432664,114.52773764944826,52,2.167920168412913,0.5171311141063036,1.5294106856236018,4.19220601753865,3.344087667204392,0.2101095868231047,-0.3696696852690476,"[-0.15676174221492545, -0.7782515720032848]",0.7938827074246186,1,0.7938827074246186,52,13.577258002540026,moving,1892,[],[],0.0,[],,,0,0.0,[],0.0,0,0.0,,
398860,107,,106.71060376065104,113.83750284592722,57,2.164499867250931,0.5006288784918845,-1.4171874903920303,4.323561744522931,3.3504251675212453,3.005299451800984,0.9833793382398546,"[-0.022131269302406054, -0.0026953950871444476]",0.0222948028834395,1,0.0222948028834395,57,17.04611146763965,moving,1884,[1860],[1860],1.0,[1860],[56.54072993470573],,0,0.0,[1860],1.0,0,0.0,[56.54072993470573],[56.54072993470573]
289860,108,,31.133509952649646,55.15273991092871,0,1.4920271049851226,0.5422237458784436,2.70255543131611,2.751681600679302,2.302625115131256,,,"[0.0, 0.0]",0.0,0,0.0,0,0.0,moving,850,[],[],0.0,[],,,0,0.0,[],0.0,0,0.0,,
287057,108,,32.57379647151985,55.01408895084728,1,1.5700768229521465,0.5099496489724815,0.1387056131410073,3.0788859765189733,2.44838762241938,,,"[1.4402865188702023, -0.13865096008143496]",1.4469448314192042,1,1.4469448314192042,1,1.0242878903996149,moving,845,[],[],0.0,[],,,0,0.0,[],0.0,0,0.0,,
296116,108,,34.5519816158141,55.81953213258243,2,1.5286003643829027,0.5045917075320369,0.4153437522859229,3.02938066869807,2.3596626179831324,0.482636322250639,,"[1.978185144294251, 0.805443181735157]",2.135873400768435,1,2.135873400768435,2,3.1470292949155,moving,862,[],[],0.0,[],,23.50073695846107,0,0.0,[],0.0,0,0.0,,
298184,108,,36.16325173666094,55.78166124922406,3,1.5471999266875611,0.4920026726762529,-0.264658954804887,3.1446982152994285,2.325862616293133,0.4101652365702665,-0.0724710856803724,"[1.6112701208468394, -0.037870883358372964]",1.6117151132070866,1,1.6117151132070866,3,5.614140538271532,moving,870,[],[],0.0,[],,17.87318949420218,0,0.0,[],0.0,0,0.0,,
290044,108,,38.10864527638512,55.10345699352444,4,1.5259749782217018,0.4961891140542577,-0.1223853418005394,3.075389876559924,2.332200116610008,0.3119460045066879,-0.0982192320635785,"[1.9453935397241793, -0.6782042556996188]",2.060222569736009,1,2.060222569736009,4,8.346201280818912,moving,871,[862],[862],1.0,[862],[140.49745009090748],46.41004942661208,0,0.0,[862],1.0,0,0.0,[140.49745009090748],[39.50254990909252]
300991,108,,39.64306072767071,55.89171588459244,5,1.5144450744946092,0.491725346704497,3.1374648454279424,3.07985969127745,2.245587612279385,0.8100081685076836,0.4980621640009957,"[1.5344154512855894, 0.7882588910679971]",1.725045754898028,1,1.725045754898028,5,11.098300741628464,moving,876,[],[],0.0,[],,15.08160304413065,0,0.0,[],0.0,0,0.0,,
296503,108,,40.058144550346896,55.980769128357366,6,1.6248023839903076,0.4564490559131634,0.2316918150725391,3.5596576725079614,2.254037612701881,0.263223629598859,-0.5467845389088246,"[0.4150838226761877, 0.08905324376492985]",0.424529221694494,1,0.424529221694494,6,13.523742171016384,moving,869,[],[],0.0,[],,123.25266986158132,0,0.0,[863],1.0,1,1.0,[140.68679348842903],[39.31320651157097]
287372,108,,39.69015033514096,56.344148660689015,7,1.5642165583310357,0.4975490965774419,0.0983269281481998,3.143843630891952,2.357550117877503,2.151164900958171,1.887941271359312,"[-0.36799421520593967, 0.3633795323316491]",0.5171696307234247,1,0.5171696307234247,7,16.09950030368133,moving,882,[],[],0.0,[],,100.00269275048976,0,0.0,[],0.0,0,0.0,,
286014,108,,40.91776945952044,57.21524479321004,10,1.561404195306446,0.4996263835130566,0.6814719836988092,3.12514360095966,2.387125119356256,2.9792760962473066,2.6784432859488496,"[-0.0576388892386106, -0.11367816468906966]",0.127455744004482,1,0.127455744004482,10,26.52867783455373,moving,901,[915],[915],1.0,[915],[117.31368516723073],77.17331294543547,0,0.0,[915],1.0,1,1.0,[117.31368516723073],[62.68631483276927]
287504,108,,41.37824732570829,56.803320372552776,11,1.557764647452463,0.4837080331953856,0.6408008673466024,3.220464702977613,2.325862616293126,1.3102560121926738,-1.6690200840546328,"[0.46047786618785835, -0.41192442065726453]",0.6178362190603155,1,0.6178362190603155,11,31.621810595339696,moving,890,[],[],0.0,[],,67.48294201185762,0,0.0,[],0.0,0,0.0,,
287844,108,,42.16093985378368,57.179474097339096,12,1.591412381373314,0.5018742811985791,0.3157549699399427,3.1709383026615616,2.3702251185112555,1.1777995270393131,-0.1324564851533607,"[0.7826925280753798, 0.37615372478632025]",0.868388863456719,1,0.868388863456719,12,37.7516274739559,moving,898,[912],[],1.0,[912],[138.7331006841933],32.76592447261234,0,0.0,[912],1.0,0,0.0,[138.7331006841933],[41.26689931580671]
283179,108,,43.45147852765943,57.0187866733114,13,1.595086782503629,0.4826637650994545,0.1853979171311965,3.304757675718532,2.3723376186168803,0.571873264506884,-0.6059262625324291,"[1.2905386738757585, -0.16068742402769942]",1.300503947325674,1,1.300503947325674,13,44.384303518431054,moving,905,[],[],0.0,[],,14.941212467739405,0,0.0,[],0.0,0,0.0,,
329976,108,,44.04393593819405,57.100403996436285,14,1.5666600389117922,0.4777139830675322,0.1451336655862852,3.279493785908964,2.247700112385003,0.260773351802096,-0.311099912704788,"[0.592457410534621, 0.08161732312488823]",0.5980528160049585,1,0.5980528160049585,14,50.182929436377584,moving,906,[],[],0.0,[],,38.977154639133545,0,0.0,[],0.0,0,0.0,,
319182,108,,44.33264835141787,56.9260117614882,15,1.610653385711057,0.4597282365362791,0.3936806574427609,3.503490231198695,2.247700112385004,0.680279681511874,0.419506329709778,"[0.2887124132238199, -0.17439223494808687]",0.3372943953873388,1,0.3372943953873388,15,55.59055624155378,moving,899,[],[],0.0,[],,25.545861192548823,0,0.0,[],0.0,0,0.0,,
314098,108,,44.99385012011803,56.861325298601685,19,1.543105232726698,0.5147920203144871,0.8143371999976106,2.997531375455301,2.382900119145004,3.134476438579985,2.782757963231361,"[0.15722792296829624, 0.1226684242295164]",0.1994195628916007,1,0.1994195628916007,19,77.11257774188243,moving,908,[938],[938],1.0,[938],[109.82835517603496],55.05661220033483,0,0.0,[938],1.0,0,0.0,[109.82835517603496],[70.17164482396504]
317171,108,,45.38004154316249,57.31300311016617,21,1.5839590503730916,0.4765996117381613,1.4823639833729956,3.3234585412195043,2.3089626154481264,0.0242123546619695,-0.1695620164331001,"[0.1105949940350186, 0.13392841741506345]",0.1736895900648892,1,0.1736895900648892,21,92.32146315306896,moving,902,[],[],0.0,[],,155.7894182396491,0,0.0,[945],1.0,1,1.0,[92.3296459955982],[87.6703540044018]
317911,108,,45.034961858854736,56.13447784314836,23,1.5946892260834051,0.4940272671793898,0.8789995468601804,3.2279376707042085,2.420925121046257,3.0680968247884404,0.3327833062157652,"[0.0030088811979425145, 0.014083106797500022]",0.0144009466054535,1,0.0144009466054535,23,115.12393657739597,moving,889,[],[],0.0,[],,174.1393187937169,0,0.0,[864],1.0,1,1.0,[28.408091308320138],[28.408091308320138]
322815,108,,45.340900198669,56.88486630672449,24,1.6243750720183283,0.4963862635045823,1.212745781569249,3.2724013363100104,2.41036262051813,0.1766451285460059,-2.8914516962424344,"[0.30593833981426144, 0.7503884635761295]",0.8103586329745928,1,0.8103586329745928,24,135.1918513002998,moving,897,[],[],0.0,[],,49.57632944059037,0,0.0,[],0.0,0,0.0,,
325290,108,,46.397847191689706,57.2332442879708,25,1.6002415901860692,0.4587483360859566,1.1430923359501457,3.488277698921677,2.2181251109062465,0.8652701797917005,0.6886250512456946,"[1.0569469930207092, 0.34837798124630837]",1.1128810196390142,1,1.1128810196390142,25,157.10431246277864,moving,913,[],[],0.0,[],,,0,0.0,[],0.0,0,0.0,,
320891,108,,45.986598371887005,56.27416176038915,26,1.5712500742718225,0.4771516322408443,1.1179811202954453,3.292978516897805,2.2308001115400007,2.294269962776476,1.4289997829847758,"[-0.4112488198027009, -0.9590825275816499]",1.0435348036848222,1,1.0435348036848222,26,170.744730560653,moving,894,[873],[],1.0,[873],[95.05448896087967],,0,0.0,[873],1.0,0,0.0,[95.05448896087967],[84.94551103912033]
298448,109,,14.88944039445042,112.35389858819188,8,3.4914248430099675,0.5743379820325968,1.5406455536056096,6.079042222932437,5.70586278529314,1.9284788602299523,1.2328872921265948,"[0.06811268226892153, -0.27125768794071803]",0.279678513212601,1,0.279678513212601,8,10.8605686649331,moving,1720,[],[],0.0,[],,,0,0.0,[],0.0,0,0.0,,
297795,109,,15.061023005702822,111.97199348865593,9,3.677248287618492,0.5174922294295741,-1.5319217475696272,7.105900491823582,5.710087785504388,0.176242378147417,-1.7522364820825354,"[0.17158261125240237, -0.3819050995359561]",0.4186789910370014,1,0.4186789910370014,9,12.931240643308136,moving,1717,[],[],0.0,[],,,0,0.0,[],0.0,0,0.0,,
296016,109,,14.948735487285362,111.61825417167464,10,3.5051819042365526,0.5869595516550803,1.5553462709961257,5.971760565703053,5.735437786771889,0.7296256918707338,0.5533833137233167,"[-0.11228751841746032, -0.3537393169812759]",0.3711333873026396,1,0.3711333873026396,10,15.0322692856311,moving,1724,[],[],0.0,[],,0.443042537264063,0,0.0,[],0.0,0,0.0,,
299331,109,,14.66585522519495,110.75042466297948,11,3.5886874538770845,0.5312312672667541,1.397420245243186,6.755414590600614,5.7248752862437655,0.0077325510016332,-0.7218931408691006,"[-0.28288026209041206, -0.8678295086951522]",0.91277012376743,1,0.91277012376743,11,17.227398166164942,moving,1698,[],[],0.0,[],,171.1587125825155,1,0.0,[],0.0,1,0.0,,
318243,109,,14.904978880918712,112.22473794304597,16,3.646736146800163,0.5197777883797363,1.2465888426406826,7.015952255612644,5.815712790785643,0.8537959043024331,0.6999856396794707,"[0.17488172669085777, 0.04206287161576938]",0.1798691288102007,1,0.1798691288102007,16,30.720683328552408,moving,1746,[],[],0.0,[],,33.65654933666166,0,0.0,[],0.0,0,0.0,,
323441,109,,15.375029078347191,112.73111584232258,22,3.6078573544521273,0.530035896649296,1.0707156799344242,6.8068170047722365,5.8283877914194,0.9526910203108344,0.8620242849994647,"[0.19498344579855953, -0.17612408169939897]",0.2627512821851425,1,0.2627512821851425,22,52.27940544755497,moving,1782,[],[],0.0,[],,3.811285930767798,0,0.0,[],0.0,0,0.0,,
329856,109,,15.588224344262496,112.99384558530312,24,3.650458583837428,0.5325072914526129,1.0789331298791942,6.855227416472432,5.8262752913137685,1.4082337329991612,-0.3671741331090437,"[0.04834876028864876, -0.01861092700502809]",0.0518070383773836,1,0.0518070383773836,24,59.93889166135117,moving,1783,[],[],0.0,[],,163.88805575144042,1,0.0,[1842],1.0,1,1.0,[29.05460409907714],[29.05460409907714]
331166,109,,15.401042126984326,112.55171555924127,25,3.5687508656797817,0.5386494904624659,1.0688942527092258,6.625367569949384,5.845287792264385,1.603832416300223,0.1955986833010619,"[-0.18718221727817053, -0.4421300260618608]",0.480120966435162,1,0.480120966435162,25,63.947840987406416,moving,1796,[],[],0.0,[],,2.328001241648779,0,0.0,[],0.0,0,0.0,,
329061,109,,15.128902466055424,111.97532497360784,26,3.624023816069789,0.540410095077453,1.1171523350009591,6.706062394245956,5.868525293426254,0.0406312866573092,-1.5632011296429138,"[-0.2721396609289002, -0.576390585633419]",0.6374057595106374,1,0.6374057595106374,26,68.07180640913892,moving,1776,[],[],0.0,[],,13.878682217980804,0,0.0,[],0.0,0,0.0,,
333984,109,,14.872640114015615,110.70387850545892,27,3.6759388866748366,0.5172298818067916,1.3863966203309466,7.106973158306355,5.84528779226439,0.2422287005417594,0.2015974138844502,"[-0.2562623520398102, -1.2714464681489233]",1.297014461924518,1,1.297014461924518,27,72.01157274029677,moving,1759,[],[],0.0,[],,0.181210328764309,0,0.0,[],0.0,0,0.0,,
349358,109,,14.720143920315056,109.93471625201803,28,3.6430002430719184,0.5314541235672294,-1.5348160902685393,6.854778392948297,5.788250289412511,0.0031627168755585,-0.2390659836662008,"[-0.15249619370056067, -0.7691622534408822]",0.7841337011067786,1,0.7841337011067786,28,75.55176627889506,moving,1734,[],[],0.0,[],,38.45034872060362,0,0.0,[],0.0,0,0.0,,
339042,109,,15.04892877128456,109.29596199165618,30,3.6087620200931454,0.5296490525269368,1.8197476460247195,6.81349660284649,5.703750285187507,0.0635947842596615,-0.5858166521775119,"[0.12115021360998668, -0.21293349862787636]",0.2449858140702298,1,0.2449858140702298,30,82.170479217133,moving,1730,[],[],0.0,[],,8.729018178430604,0,0.0,[],0.0,0,0.0,,
351834,109,,15.307803355736317,108.52258774707916,31,3.5828843502165126,0.5113325987766364,1.8643064157553904,7.0069546881786255,5.589675279483755,0.1942711446623619,0.1306763604027004,"[0.2588745844517568, -0.7733742445770275]",0.8155512078650596,1,0.8155512078650596,31,85.42117878457337,moving,1718,[],[],0.0,[],,36.26832602260803,0,0.0,[],0.0,0,0.0,,
352948,109,,15.796329811792496,108.17765687576994,32,3.67497518451838,0.5467475030070387,2.039740978433526,6.72152166092484,5.663612783180649,0.6330017032812495,0.4387305586188875,"[0.4885264560561797, -0.3449308713092165]",0.5980262571567788,1,0.5980262571567788,32,88.45267751469905,moving,1715,[],[],0.0,[],,13.912861409066686,0,0.0,[],0.0,0,0.0,,
353951,109,,16.7757418454982,107.04550045556164,33,3.661442771175195,0.5107023856132422,-1.008929625537843,7.169425626979597,5.707975285398756,0.2428252399618658,-0.3901764633193837,"[0.9794120337057031, -1.1321564202082897]",1.4970057086018045,1,1.4970057086018045,33,91.41358165885008,moving,1694,[],[],0.0,[],,6.064973137072786,0,0.0,[],0.0,0,0.0,,
356151,109,,17.82359092002869,106.0658862485551,36,3.5765500939442667,0.5350578085310013,-0.8319263443152894,6.684418088885888,5.743887787194384,2.487683091440976,2.078758310014069,"[-0.02398423665711391, -0.007321794881065102]",0.0250769274095698,1,0.0250769274095698,36,97.69179664353356,moving,1708,[],[],0.0,[],,9.811924221425524,0,0.0,[],0.0,0,0.0,,
356726,109,,18.045272629805076,105.77293688595368,37,3.66043425036332,0.5175247241244988,2.3036879983733813,7.072964980669685,5.659387782969396,1.9222972408730368,-0.5653858505679397,"[0.22168170977638368, -0.29294936260141924]",0.3673718953566788,1,0.3673718953566788,37,99.9102745056135,moving,1702,[],[],0.0,[],,14.85466266473974,0,0.0,[],0.0,0,0.0,,
362676,109,,18.99564385966749,105.02963229200483,40,3.536093443398054,0.4998596841099085,-0.7683644569254249,7.074172124312675,5.338287766914391,0.4981317708965216,0.4794136362537146,"[0.275726633528933, -0.07603230660519955]",0.2860176359683186,1,0.2860176359683186,40,106.09964955634692,moving,1712,[],[],0.0,[],,23.10844975038864,0,0.0,[],0.0,0,0.0,,
361641,109,,19.67254153658871,104.84925510878826,41,3.598492518249537,0.5157132994022035,-0.6622016305605221,6.977699668441325,5.661500283075,0.0086410151305235,-0.489490755765998,"[0.676897676921218, -0.18037718321659213]",0.7005186601700869,1,0.7005186601700869,41,108.19382373466615,moving,1700,[],[],0.0,[],,19.91847804092056,0,0.0,[],0.0,0,0.0,,
369655,109,,19.985837748405757,104.6311863798067,42,3.4224667625256857,0.5100240076430007,-0.6623684547301036,6.710403257960545,5.39532526976626,0.3476430238002386,0.339002008669715,"[0.31329621181704326, -0.2180687289815495]",0.3817178105597616,1,0.3817178105597616,42,109.97292670915527,moving,1697,[],[],0.0,[],,4.2046317159050215,0,0.0,[],0.0,0,0.0,,
370510,109,,20.67507826135268,104.0721666457776,43,3.648705924331914,0.5071734774600081,2.358173770683968,7.194197028214324,5.63826278191313,0.0733846672763017,-0.2742583565239368,"[0.6892405129469275, -0.5590197340290928]",0.8874432645083861,1,0.8874432645083861,43,111.62617692325546,moving,1684,[],[],0.0,[],,10.454779008566536,0,0.0,[],0.0,0,0.0,,
388845,109,,21.57416179476542,103.01950774624332,44,3.67295820942102,0.5253910404561388,-0.7944737043652332,6.990903777560038,5.855850292792503,0.1824703162678891,0.1090856489915874,"[0.8990835334127389, -1.0526588995342792]",1.3843561531710888,1,1.3843561531710888,44,112.44823797802982,moving,1681,[],[],0.0,[],,18.518152407166124,0,0.0,[],0.0,0,0.0,,
383819,109,,22.284539316803748,102.59299093691834,49,3.627463962839917,0.5307852935320697,2.0480694533811747,6.834145570803663,5.9044377952218845,0.2793240960044206,-0.6153734331576726,"[0.17660225617021652, 0.0408217064526184]",0.1812588442038471,1,0.1812588442038471,49,100.2534646856168,moving,1650,[],[],0.0,[],,139.13555104135264,1,0.0,[1562],1.0,1,1.0,[8.481071959208755],[8.481071959208755]
382795,109,,22.13727443186954,103.04209917518692,50,3.692815308005329,0.5403902024962711,2.0216156141739106,6.833608919900451,5.838950291947517,1.660492702815365,1.3811686068109448,"[-0.1472648849342093, 0.44910823826859314]",0.4726363887973558,1,0.4726363887973558,50,96.04026471782328,moving,1662,[1769],[1769],1.0,[1769],[26.020504835600278],10.928406474641877,0,0.0,[1648],1.0,1,1.0,[19.355199809056515],[19.355199809056515]
375692,109,,21.9557970116211,103.3683776850274,51,3.749100913945424,0.5544926106013521,1.9877448897712808,6.761318081190461,6.111462805573138,0.1907366749787757,-1.4697560278365895,"[-0.18147742024843794, 0.3262785098404777]",0.3733520055440319,1,0.3733520055440319,51,91.8626693409696,moving,1663,[1772],[1772],1.0,[1772],[35.048486792173605],7.047312546961398,0,0.0,[1772],1.0,0,0.0,[35.048486792173605],[35.048486792173605]
386714,109,,21.42761787285546,104.67332697028372,52,3.789622002447739,0.5073420150938311,1.905830398551518,7.469560749363251,5.881200294060012,0.1229988073615811,-0.0677378676171945,"[-0.5281791387656405, 1.3049492852563134]",1.4077875691020207,1,1.4077875691020207,52,86.90220790663638,moving,1697,[1813],[1813],1.0,[1813],[58.078265930396086],6.52828954523569,0,0.0,[1813],1.0,0,0.0,[58.078265930396086],[58.078265930396086]
383945,109,,21.18578199191507,105.54492267073748,53,3.738031311027512,0.5053304635582548,1.8555079193389004,7.397201594984762,5.701637785081883,0.1139401470878948,-0.0090586602736863,"[-0.2418358809403891, 0.8715957004537671]",0.9045239954582228,1,0.9045239954582228,53,84.09097086349404,moving,1720,[1836],[1836],1.0,[1836],[41.87754012116438],42.17234360747656,0,0.0,[1824],1.0,0,0.0,[58.57678435515798],[58.57678435515798]
397931,109,,21.50360165457876,106.17780071440264,56,3.797219887286421,0.5163351196652175,1.7974334282724995,7.354177050262377,5.988937799446886,3.0982326870134944,0.2050687260050696,"[0.024332446004823538, 0.030492690799803768]",0.0390111794334661,1,0.0390111794334661,56,82.86017089315078,moving,1730,[1840],[1840],1.0,[1840],[72.19681914339755],7.295536293803903,0,0.0,[1840],1.0,0,0.0,[72.19681914339755],[72.19681914339755]
399159,109,,21.630199745123956,106.53790879098166,58,3.798470610422733,0.513233100822434,1.89507063277498,7.401063190070645,5.929787796489388,1.311622455359058,1.0146932878807944,"[-0.012235518659252875, 0.00902931616190017]",0.0152064613639228,1,0.0152064613639228,58,83.94718616822931,moving,1754,[],[],0.0,[],,,0,0.0,[],0.0,0,0.0,,
400125,109,,21.73950467823145,106.09306509911951,59,3.842558737839661,0.5118412889009466,1.9224989374970545,7.507324674980035,5.790362789518133,2.44748884355982,1.1358663882007622,"[0.10930493310750222, -0.4448436918621326]",0.4580758437105884,1,0.4580758437105884,59,86.99927947502684,moving,1748,[],[],0.0,[],,,0,0.0,[],0.0,0,0.0,,
281678,110,,16.264766691710374,9.538019453495409,0,1.7235625354659894,0.4938308203770395,0.9388421971245876,3.4901882676136946,2.583587629179383,,,"[0.0, 0.0]",0.0,0,0.0,0,0.0,moving,165,[139],[139],1.0,[139],[112.94749507946585],,0,0.0,[139],1.0,0,0.0,[112.94749507946585],[67.05250492053415]
279788,110,,16.116077075006263,9.192463525080717,1,1.6807108188843434,0.5035667353094796,0.7096466979133663,3.337612874391753,2.589925129496254,,,"[-0.14868961670411096, -0.34555592841469185]",0.3761881201980667,1,0.3761881201980667,1,0.3629372995469965,moving,159,[125],[125],1.0,[125],[110.15421115684555],,0,0.0,[125],1.0,0,0.0,[110.15421115684555],[69.84578884315445]
289322,110,,15.75237301381473,9.207958798179687,2,1.6993158087049371,0.4972375246209245,0.6307747569499591,3.4175132096082907,2.6258376312918807,1.2070309984710472,,"[-0.36370406119153387, 0.015495273098974138]",0.364033992390308,1,0.364033992390308,2,0.7601421444635478,moving,166,[156],[156],1.0,[156],[111.31791227546157],19.057304651247524,0,0.0,[128],1.0,0,0.0,[117.18388341718808],[62.816116582811915]
288015,110,,15.435674144757234,9.113439944148125,3,1.7137004701977363,0.4934826368211467,0.5736076126982372,3.472666193965471,2.5814751290737545,0.3326127127199193,-0.8744182857511279,"[-0.316698869057495, -0.09451885403156624]",0.3305026284762904,1,0.3305026284762904,3,1.424203055720478,moving,168,[158],[158],1.0,[158],[115.89307641574518],5.196937277126052,0,0.0,[133],1.0,0,0.0,[117.27676338311369],[62.72323661688631]
283353,110,,15.092642221287775,8.97613497617647,4,1.754384480501702,0.4896786719612874,0.6543232059212365,3.582725940410977,2.5814751290737545,0.0907036665054675,-0.2419090462144517,"[-0.3430319234694572, -0.13730496797165337]",0.3694909400091595,1,0.3694909400091595,4,2.2639425553472794,moving,163,[156],[156],1.0,[156],[125.56794497326516],21.354278907880808,0,0.0,[140],1.0,0,0.0,[123.4670038829029],[56.5329961170971]
281497,110,,14.362113280244667,8.290866957480516,8,1.692345768629335,0.4934020058911879,0.62523715545595,3.429953158728251,2.5286626264331287,0.0722811562353043,-1.0399158381735074,"[-0.19393610326431343, -0.013547815956144404]",0.1944087329996469,1,0.1944087329996469,8,8.259381518379161,moving,144,[133],[133],1.0,[133],[132.13297824182885],60.09056939591293,0,0.0,[133],1.0,0,0.0,[132.13297824182885],[47.86702175817115]
280262,110,,13.828737376843828,8.453138679006091,11,1.7276949545738618,0.4991152132782345,0.3734172383737184,3.461515314723033,2.646962632348129,0.6496088328182374,-0.3702124756087428,"[-0.15240156630689938, 0.03184724470710876]",0.1556935593023382,1,0.1556935593023382,11,14.733730910938426,moving,154,[136],[136],1.0,[136],[141.1821893073746],19.648319870553983,0,0.0,[136],1.0,0,0.0,[141.1821893073746],[38.817810692625386]
279970,110,,13.353399782870808,8.430500210762508,12,1.7875861558868318,0.4730013560684645,0.3280630977059974,3.779241080290028,2.556125127806253,0.2535949230817525,-0.3960139097364849,"[-0.4753375939730198, -0.022638468243583176]",0.4758763794185157,1,0.4758763794185157,12,17.166269242457798,moving,147,[153],[153],1.0,[153],[83.61253018509018],56.022421104326455,0,0.0,[153],1.0,0,0.0,[83.61253018509018],[83.61253018509018]
325497,110,,12.996887891059764,7.843006809831781,14,1.7895890621567232,0.4907314335795302,0.3492938621957093,3.6467789501539927,2.661750133087505,0.2655994001297282,-0.6229835214242418,"[-0.08411681146252192, -0.21750187749369054]",0.2332009963184159,1,0.2332009963184159,14,22.506213651510745,moving,147,"[153, 127]","[153, 127]",2.0,"[153, 127]","[67.98871680208066, 108.06649229758432]",10.252842951739964,0,0.0,[127],1.0,0,0.0,[108.06649229758432],[71.93350770241568]
311708,110,,12.659809048584952,7.462058175197018,15,1.7752211402817395,0.4893302859069311,0.3776722388924349,3.6278587109962377,2.604712630235629,0.3553524856722018,0.0897530855424736,"[-0.3370788424748117, -0.3809486346347626]",0.5086688591551961,1,0.5086688591551961,15,25.45187644479735,moving,140,[130],[130],1.0,[130],[130.8660085495976],148.3181056960956,0,0.0,[],0.0,0,0.0,,
306521,110,,12.905803918211468,8.882990895229687,16,1.7431403805071162,0.4952276986911577,-0.984849979036006,3.5198765842744244,2.6047126302356305,2.588639284717823,2.233286799045621,"[0.2459948696265144, 1.4209327200326687]",1.4420690936089031,1,1.4420690936089031,16,28.44304759815102,moving,153,[],[],0.0,[],,151.8191065639582,0,0.0,[132],1.0,0,0.0,[33.123367835470376],[33.123367835470376]
309837,110,,11.431059989244822,6.995588604860568,18,1.7276091076920612,0.498484960599893,0.9137505863405526,3.465719618928925,2.6596376329818794,0.0201023402850545,-2.631603145567827,"[-0.14727911600310506, -0.18160181579725787]",0.2338169316185576,1,0.2338169316185576,18,33.70898130215201,moving,125,[109],[109],1.0,[109],[63.92049465293016],34.68419397445065,0,0.0,[109],1.0,0,0.0,[63.92049465293016],[63.92049465293016]
306511,110,,11.39604434620373,6.391702403908564,20,1.6897188317724738,0.502493546191459,1.1093272709569968,3.362667728927728,2.5730251286512527,0.1266601609984047,-0.4444358102003897,"[0.004098708447846988, -0.250760967386066]",0.2507944620108986,1,0.2507944620108986,20,39.69682456681417,moving,116,[106],[106],1.0,[106],[54.39209726489571],12.424953908028984,0,0.0,[107],1.0,0,0.0,[18.635985820756616],[18.635985820756616]
309804,110,,11.2774467839938,5.971003578630381,21,1.746624931625813,0.4711368317258684,1.1883476669662492,3.707256181240546,2.566687628334377,0.2911189726369234,0.1644588116385187,"[-0.11859756220992956, -0.42069882527818336]",0.4370959658388322,1,0.4370959658388322,21,42.79413920286626,moving,107,[104],[104],1.0,[104],[46.072131095951164],0.9489225431251876,0,0.0,[93],1.0,0,0.0,[13.811084372150447],[13.811084372150447]
309122,110,,11.07100331209512,5.282559458774783,23,1.7526950985814551,0.473332062677016,1.279246585323592,3.702886909179081,2.5519001275950006,0.4361865577529656,0.2379144437000118,"[-0.011329439190003399, -0.30721731327203994]",0.3074261435962314,1,0.3074261435962314,23,49.402323211574206,moving,86,[],[],0.0,[],,3.5969014965958306,0,0.0,[],0.0,0,0.0,,
314466,110,,10.90217304016388,4.5567957323336525,24,1.7613112180797166,0.4713452167810288,1.4925952530654238,3.736775415073243,2.539225126961251,0.1916984924384398,-0.2444880653145258,"[-0.16883027193124178, -0.7257637264411301]",0.7451420316544306,1,0.7451420316544306,24,53.17355683378677,moving,76,[],[],0.0,[],,14.653616753035545,0,0.0,[],0.0,0,0.0,,
316730,110,,10.922373119654878,3.814177699948367,25,1.748040024176584,0.4878925229106456,1.4940105270912571,3.582838313955318,2.575137628756877,0.2557538596658749,0.0640553672274351,"[0.020200079490999556, -0.7426180323852853]",0.7428927144852313,1,0.7428927144852313,25,56.98334288339044,moving,65,[],[],0.0,[],,1.3312946298910604,0,0.0,[],0.0,0,0.0,,
337596,110,,11.00002891428544,2.2756084670606467,31,1.7598120720739374,0.4760819529038636,1.898897421008774,3.6964477677424177,2.520212626010627,0.7476467100565933,-0.6136939795252889,"[-0.003890059999550388, -0.20381571416615873]",0.2038528339461127,1,0.2038528339461127,31,78.46718632055,moving,44,[],[],0.0,[],,,0,0.0,[],0.0,0,0.0,,
336429,110,,11.488929055100046,1.77196511580628,32,1.741897530097936,0.4889948134987891,2.0017965603671906,3.5622004201528195,2.560350128017502,0.7896291327426007,0.0419824226860073,"[0.4889001408146054, -0.5036433512543668]",0.7019116560873387,1,0.7019116560873387,32,83.12022510720382,moving,36,[],[],0.0,[],,,0,0.0,[],0.0,0,0.0,,
285800,111,,98.4505283758839,41.86890221541621,0,1.6645290479324668,0.613133672659332,0.0366462953070143,2.7147898120045166,2.771600138580004,,,"[0.0, 0.0]",0.0,0,0.0,0,0.0,moving,666,[],[],0.0,[],,,0,0.0,[],0.0,0,0.0,,
287300,111,,98.82536345372228,41.97282747020553,4,1.7527448876596374,0.5118155724189261,0.1330906330822914,3.424563421108646,2.7504751375237566,3.130283912853725,2.824668100878401,"[0.28465101848979657, 0.05333079128128304]",0.2896038252958104,1,0.2896038252958104,4,9.204568666937076,moving,683,[],[],0.0,[],,,0,0.0,[],0.0,0,0.0,,
299321,111,,99.30478349586537,43.16021651460612,5,1.9801338421156047,0.4939674350367883,-0.1036741681860882,4.008632354414485,2.974400148720003,1.0018450237055063,-2.128438889148218,"[0.4794200421430901, 1.1873890444005895]",1.2805218934368234,1,1.2805218934368234,5,13.21165451917889,moving,692,[],[],0.0,[],,168.03209828197092,1,0.0,[],0.0,0,0.0,,
294060,111,,98.38475835185854,41.793898351237885,6,1.7395187372953915,0.5214104170393278,0.4560022662082911,3.33617948634921,2.718787635939381,2.9327133640550995,1.930868340349593,"[-0.9200251440068286, -1.3663181633682342]",1.6472011380383182,1,1.6472011380383182,6,17.60872552606688,moving,662,[],[],0.0,[],,7.257476904840342,0,0.0,[],0.0,0,0.0,,
286164,111,,97.85470935148584,41.18868955430784,8,1.7512749871330109,0.5166464794021729,-1.211001791147564,3.389696933886908,2.8349751417487523,2.9202649470407893,2.748012358632053,"[0.13926961486971834, 0.09216212425460668]",0.1670026430122626,1,0.1670026430122626,8,26.664646936494115,moving,642,[627],[627],1.0,[627],[101.30993247402023],93.96074152523538,0,0.0,[627],1.0,0,0.0,[101.30993247402023],[78.69006752597977]
285416,111,,98.20199434017584,40.92459340762788,9,1.7821773822276703,0.525503051077469,-0.8352686702807516,3.391373995971232,2.820187641009374,1.2347549187782696,-1.6855100282625195,"[0.34728498868999225, -0.26409614667996095]",0.4362953564508927,1,0.4362953564508927,9,30.976083461221787,moving,644,[],[],0.0,[],,170.83905534863706,0,0.0,[],0.0,0,0.0,,
283752,111,,97.91143413564008,41.22984458596738,10,1.8070559289670536,0.5242615518981643,2.115689561503034,3.446859534948439,2.824412641220643,2.981704006830517,1.7469490880522476,"[-0.29056020453573694, 0.3052511783394962]",0.4214303196704055,1,0.4214303196704055,10,35.171708494718665,moving,650,[],[],0.0,[],,169.6359520744364,0,0.0,[],0.0,0,0.0,,
285587,111,,98.5010024625279,40.800736527265535,12,1.789721689747454,0.5306034990866174,2.510758047990207,3.3729926259971648,2.915250145762501,0.1060424232977392,-2.8098567297476538,"[0.23791716138561014, -0.19652134028131485]",0.308585827392884,1,0.308585827392884,12,42.52918296574517,moving,644,[],[],0.0,[],,12.88239182167152,0,0.0,[],0.0,0,0.0,,
308565,111,,98.87983803085118,40.36599754723238,16,1.7612327108519166,0.5277892612212405,2.5262148806501217,3.3369998979832163,2.847650142382508,0.8894305357851258,-1.5861827010467608,"[-0.007779426510609255, -0.03785237483542403]",0.0386435215465078,1,0.0386435215465078,16,53.50192694868203,moving,656,[],[],0.0,[],,144.7979066442254,1,0.0,[637],1.0,1,1.0,[42.65148923462868],[42.65148923462868]
309320,111,,98.43962004942532,40.47354485837347,17,1.7595935065367192,0.528105786105276,2.3507897880263027,3.3318959057683006,2.826525141326246,1.6077098060539494,0.7182792702688237,"[-0.440217981425846, 0.10754731114109006]",0.4531647551435624,1,0.4531647551435624,17,55.59293001932795,moving,646,[],[],0.0,[],,31.98859075847782,0,0.0,[],0.0,0,0.0,,
314567,111,,97.23617744988525,41.7075035736919,18,1.798986252110334,0.5291581343616968,2.610004724480879,3.399713876231691,2.78216263910813,0.5583062318084487,-1.0494035742455008,"[-1.2034425995400966, 1.2339587153184297]",1.7236380714924275,1,1.7236380714924275,18,57.78127915036104,moving,680,[],[],0.0,[],,5.5919345399963465,0,0.0,[],0.0,0,0.0,,
312019,111,,94.2584248259372,44.21725822435284,19,1.8890065688147448,0.5082795606523018,2.5101890568202148,3.7164716330329775,2.942712647135634,0.0975976692789171,-0.4607085625295316,"[-2.977752623948035, 2.5097546506609376]",3.894339365790251,1,3.894339365790251,19,59.43309623145368,moving,721,[],[],0.0,[],,166.26323551373713,0,0.0,[],0.0,0,0.0,,
308401,111,,95.46750112022993,42.561500557454,20,1.7471748531269662,0.512471139643012,2.452957900271905,3.4093136529484376,2.780050139002497,2.901840884733473,2.804243215454556,"[1.2090762942927142, -1.6557576668988432]",2.0502192411824893,1,2.0502192411824893,20,59.82878999923388,moving,691,[],[],0.0,[],,160.84651204760166,0,0.0,[],0.0,0,0.0,,
315264,111,,94.923954067576,42.93799171583401,21,1.7649489078010243,0.5166804460339252,2.6695971959792857,3.415939041914388,2.784275139213753,2.8073012255793897,-0.0945396591540834,"[-0.5435470526539063, 0.3764911583800128]",0.6612026851027394,1,0.6612026851027394,21,60.60739292983078,moving,696,[725],[725],1.0,[725],[14.488410523636865],34.17821634022117,0,0.0,[725],1.0,0,0.0,[14.488410523636865],[14.488410523636865]
315034,111,,94.45732424438184,44.14646594289262,23,1.9148832106702367,0.543753182131093,2.6691229513627333,3.521603686373607,3.044112652205639,2.642965475768796,2.1365694377161786,"[0.19934146089745752, -0.14037917376347053]",0.2438100294476157,1,0.2438100294476157,23,62.41381519920907,moving,718,[],[],0.0,[],,171.20965819037374,1,0.0,[],0.0,0,0.0,,
320736,111,,94.70389997025268,43.01772550798685,24,1.8155007310481053,0.4930672808019363,2.7158195693136857,3.682054765620084,2.761037638051876,0.7421739543178393,-1.9007915214509563,"[0.24657572587084076, -1.1287404349057653]",1.1553590601973,1,1.1553590601973,24,63.132503408280336,moving,695,[],[],0.0,[],,67.4017780056003,0,0.0,[],0.0,0,0.0,,
322733,111,,95.32976765893436,42.90426336768029,25,1.803681795399968,0.5090002727041298,-0.3109517781643139,3.543577267292364,2.8349751417487505,1.1763829478960224,0.4342089935781831,"[0.6258676886816801, -0.11346214030656654]",0.6360691951499423,1,0.6360691951499423,25,63.70450499862214,moving,697,[],[],0.0,[],,4.634650773253101,0,0.0,[],0.0,0,0.0,,
316505,111,,96.63205972804448,42.55750501650224,26,1.6896168722145368,0.5845295547601291,0.0126746156674896,2.8905584986338244,2.672312633615619,0.0808899156733691,-1.0954930322226533,"[1.3022920691101092, -0.3467583511780461]",1.3476668681016115,1,1.3476668681016115,26,64.54318212482181,moving,696,[668],[],1.0,[668],[136.6088207067204],34.30926697596308,0,0.0,[668],1.0,0,0.0,[136.6088207067204],[43.391179293279606]
332965,111,,97.1060858274961,42.72442844241403,27,1.7898388174631432,0.4920404785040443,0.156591980911787,3.6375844989518105,2.6469626323481266,0.5988096726763075,0.5179197570029384,"[0.47402609945163476, 0.16692342591179]",0.5025576316000584,1,0.5025576316000584,27,65.57166632101882,moving,692,[],[],0.0,[],,12.036912748567357,0,0.0,[],0.0,0,0.0,,
339252,111,,98.1390673190182,42.85789783468221,28,1.808765644324295,0.4875754707669453,0.3799591327123726,3.7097141935363296,2.6976626348831303,0.2100837592377721,-0.3887259134385353,"[1.0329814915221078, 0.13346939226818222]",1.0415684521430535,1,1.0415684521430535,28,66.51488888275074,moving,687,[],[],0.0,[],,5.114250864809329,0,0.0,[],0.0,0,0.0,,
336444,111,,98.74605654389772,42.99220326916746,29,1.7750679571801586,0.5105604017795662,0.4708834982415935,3.476705108725886,2.695550134777511,0.0892605163639001,-0.120823242873872,"[0.6069892248794986, 0.134305434485249]",0.6216702251612876,1,0.6216702251612876,29,67.70415431443432,moving,689,[692],[692],1.0,[692],[146.78938387281679],112.39237200895424,1,1.0,[703],1.0,0,0.0,[130.9414691522241],[49.0585308477759]
335011,111,,98.55869408395354,43.26109195423573,30,1.79092152572759,0.4855009765124725,0.5410292626555075,3.688811377048963,2.638512631925631,1.9616169456825197,1.8723564293186192,"[-0.18736245994416834, 0.26888868506826924]",0.3277282660285392,1,0.3277282660285392,30,68.84859537391691,moving,699,[708],[708],1.0,[708],[116.68554685540337],53.8160327704447,0,0.0,[708],1.0,0,0.0,[116.68554685540337],[63.31445314459663]
341832,111,,98.73433374407593,43.77271971571607,32,1.8383677870104536,0.4995510905058546,0.6696621429330161,3.6800395834365776,2.737800136890007,0.4709314636719814,-0.3528395260928488,"[0.0870441004654765, 0.10630135883121739]",0.1373923371779052,1,0.1373923371779052,32,71.19948413368941,moving,698,[700],[700],1.0,[700],[110.1321050125223],7.812487988650657,0,0.0,[700],1.0,0,0.0,[110.1321050125223],[69.8678949874777]
343956,111,,98.9480959269832,44.196639035953744,33,1.8218283803778443,0.5068381574465967,0.7447334028477012,3.5944972840167475,2.8180751409037548,0.2190818530569377,-0.2518496106150437,"[0.21376218290728843, 0.42391932023767964]",0.4747650586469748,1,0.4747650586469748,33,73.35290478197926,moving,705,[],[],0.0,[],,14.753501254826086,0,0.0,[],0.0,0,0.0,,
341523,111,,99.1463275537278,45.12875613322216,34,1.8086357421509576,0.5031264462534625,0.9815834500494964,3.594793626172877,2.813850140692501,0.2574971730938776,0.0384153200369399,"[0.1982316267445725, 0.9321170972684101]",0.9529627804179376,1,0.9529627804179376,34,75.74757425451007,moving,716,[],[],0.0,[],,3.647289578973724,0,0.0,[],0.0,0,0.0,,
346618,111,,99.35735632820224,46.5649808988349,35,1.7900329355586475,0.5325460521046987,1.0573994844531294,3.3612735058013845,2.8666626433331217,0.0636572119267308,-0.1938399611671468,"[0.21102877447445678, 1.4362247656127423]",1.4516455218184523,1,1.4516455218184523,35,79.23289379747514,moving,750,[],[],0.0,[],,2.3829795323906944,0,0.0,[],0.0,0,0.0,,
345718,111,,99.43285514647276,47.28622859179818,36,1.7897419659296452,0.5127050095714598,0.7075818932205152,3.490783067295532,2.805400140270009,0.0415908388478765,-0.0220663730788543,"[0.07549881827050342, 0.7212476929632814]",0.7251884625151578,1,0.7251884625151578,36,83.48673175976676,moving,769,[801],[],1.0,[801],[18.272125764037867],35.42028802642694,0,0.0,[],0.0,0,0.0,,
345184,111,,99.92548388046151,47.84508217037968,37,1.7779678710542657,0.5073302301807491,1.0964742612487224,3.5045573184566985,2.761037638051885,0.6182006480659143,0.5766098092180378,"[0.4926287339887665, 0.5588535785814983]",0.7449834842764782,1,0.7449834842764782,37,88.46032730236641,moving,782,[832],[832],1.0,[832],[51.69928315535962],58.74881936242206,0,0.0,[832],1.0,0,0.0,[51.69928315535962],[51.69928315535962]
352814,111,,99.69377293261525,48.58661819580733,38,1.8207998968812795,0.5181363406624233,1.0327339801168447,3.514132775464921,2.799062639953136,1.0253603295336788,0.4071596814677645,"[-0.2317109478462669, 0.7415360254276564]",0.7768948708537476,1,0.7768948708537476,38,93.8678547278531,moving,787,[820],[820],1.0,[820],[41.3398406786916],55.48155848839309,0,0.0,[820],1.0,0,0.0,[41.3398406786916],[41.3398406786916]
351515,111,,100.68029309560062,49.84346898802083,39,1.844949208231189,0.486220546291299,0.9841946531669634,3.794469860033153,2.750475137523745,0.9683358697602648,-0.0570244597734139,"[0.9865201629853715, 1.2568507922134984]",1.5977784407934608,1,1.5977784407934608,39,98.58009150892836,moving,814,[],[],0.0,[],,20.828402097241707,0,0.0,[],0.0,0,0.0,,
355706,111,,100.97479419102372,50.78897562869182,40,1.8302330959999575,0.5134630680937416,1.466369729431323,3.564488294737133,2.8561001428049946,0.3635241945261599,-0.604811675234105,"[0.2945010954231009, 0.9455066406709918]",0.9903099023832642,1,0.9903099023832642,40,102.71011273366656,moving,826,[870],[870],1.0,[870],[73.66176356257398],123.7497309512857,1,1.0,[870],1.0,1,1.0,[73.66176356257398],[73.66176356257398]
365642,111,,100.20970085437057,50.56308150200608,43,1.8367994051738288,0.5216601020946251,1.520120010147307,3.521065532515362,2.900462645023144,0.9145413627835492,-0.2388023960754008,"[0.015990421329618698, -0.2838625515159521]",0.2843125775048393,1,0.2843125775048393,43,110.54783416673128,moving,812,[],[],0.0,[],,46.12962912653919,0,0.0,[],0.0,0,0.0,,
365750,111,,99.69698826921568,50.85529485270312,45,1.8233014844487003,0.5205165129858218,2.478779688683101,3.502869628457617,2.896237644811882,0.2415179991456184,-1.9223711237880068,"[-0.04437724477355687, 0.013499420530990847]",0.0463850644967183,1,0.0463850644967183,45,110.32262873148083,moving,835,[827],[827],1.0,[827],[87.26845906213761],21.4881503300102,0,0.0,[827],1.0,0,0.0,[87.26845906213761],[87.26845906213761]
371166,111,,99.46894324616878,51.13860678195584,46,1.803386196359158,0.523211837001767,2.4456820685217204,3.446761079973555,2.9300376465018703,0.5977564764400034,0.3562384772943849,"[-0.22804502304688867, 0.28331192925271864]",0.3636896778757316,1,0.3636896778757316,46,110.30916649620146,moving,836,[],[],0.0,[],,26.06991675495423,0,0.0,[],0.0,0,0.0,,
375334,111,,97.92819055590996,51.860302343628696,47,1.8523926568762488,0.4931907322247865,2.806840278776299,3.7559356570227793,2.8244126412206305,0.4550058830948048,-0.1427505933451986,"[-1.5407526902588273, 0.7216955616728598]",1.7014004044545536,1,1.7014004044545536,47,110.02398434879125,moving,857,[867],[867],1.0,[867],[144.95452450465274],18.716067801977264,0,0.0,[867],1.0,0,0.0,[144.95452450465274],[35.04547549534726]
370573,111,,97.2109935189104,51.94052755092344,48,1.8774959437246557,0.5110613259212528,-0.179221195439751,3.673719470633453,2.9237001461850074,0.32665700617101,-0.1283488769237947,"[-0.7171970369995506, 0.08022520729473825]",0.7216700587986303,1,0.7216700587986303,48,109.67608791925632,moving,854,[],[],0.0,[],,22.233303859737692,0,0.0,[],0.0,0,0.0,,
379467,111,,95.78730856752436,51.53630252297645,49,1.8302394767221213,0.5289689536437414,3.095809695660071,3.460013038789381,2.851875142593756,0.3880443559487718,0.0613873497777618,"[-1.4236849513860506, -0.40422502794698545]",1.4799583487456134,1,1.4799583487456134,49,109.90982099375672,moving,850,[],[],0.0,[],,40.9570722825628,0,0.0,[],0.0,0,0.0,,
377646,111,,95.29695986043558,50.7867473596032,50,1.8261119919960076,0.526591385082861,0.4924626110840575,3.467796936534885,2.8814501440725127,0.7148357633080508,0.3267914073592789,"[-0.49034870708877065, -0.7495551633732518]",0.8956979387511903,1,0.8956979387511903,50,111.45412522763831,moving,825,[],[],0.0,[],,27.27926595497769,0,0.0,[],0.0,0,0.0,,
370741,111,,94.32742575825333,50.23757291396726,51,1.8278689150040888,0.5060975884993052,0.6881538308455714,3.611692599492792,2.849762642488132,0.476113008441575,-0.2387227548664757,"[-0.9695341021822657, -0.5491744456359342]",1.114266102434202,1,1.114266102434202,51,113.59512111361764,moving,821,[],[],0.0,[],,15.4394637365735,0,0.0,[],0.0,0,0.0,,
382224,111,,92.9889096501996,48.90054940344338,52,1.8241481858971145,0.5109263609478789,0.6777536566003056,3.5702761206388427,2.8645501432275022,0.2694694769454798,-0.2066435314960952,"[-1.3385161080537245, -1.3370235105238848]",1.8918925020235435,1,1.8918925020235435,52,118.45878000505984,moving,809,[788],[],1.0,[788],[110.90177949487497],1.9897170013448149,0,0.0,[788],1.0,0,0.0,[110.90177949487497],[69.09822050512503]
378967,111,,92.42179667025056,48.37210905243291,53,1.8133829703033917,0.5309491752187842,0.2434688426211184,3.41536074438041,2.90891264544563,0.0347271128563658,-0.2347423640891139,"[-0.5671129799490302, -0.5284403510104667]",0.7751556853966398,1,0.7751556853966398,53,127.03414417421372,moving,802,[],[],0.0,[],,24.172973402292794,0,0.0,[],0.0,0,0.0,,
388042,111,,90.88115007077955,47.8474697496505,54,1.808853099964011,0.5273869500129466,0.0734550520400988,3.4298404613910267,2.9110251455512577,0.4218979758670375,0.3871708630106716,"[-1.5406465994710032, -0.5246393027824112]",1.6275252202302677,1,1.6275252202302677,54,136.53790817541133,moving,787,[778],[],1.0,[778],[89.68691142497937],7.523320894320748,0,0.0,[778],1.0,0,0.0,[89.68691142497937],[89.68691142497937]
390356,111,,90.23075238378352,47.52561818763201,55,1.8744666992788797,0.4837187765233282,0.2764224147382286,3.875116679884516,2.750475137523757,0.1313067202899814,-0.290591255577056,"[-0.6503976869960297, -0.3218515620184874]",0.7256759464275536,1,0.7256759464275536,55,142.35444810035273,moving,785,[784],[784],1.0,[784],[71.08726561960772],8.944656984790242,0,0.0,[784],1.0,0,0.0,[71.08726561960772],[71.08726561960772]
394294,111,,89.56042782515775,47.05147034041047,56,1.811977152254576,0.495733561228185,0.2034018707794658,3.6551431937861616,2.763150138157505,0.1561137148460981,0.0248069945561166,"[-0.6703245586257793, -0.4741478472215448]",0.8210671074410857,1,0.8210671074410857,56,151.17449294713168,moving,782,[778],[778],1.0,[778],[64.90499948808691],12.824201308937392,0,0.0,[778],1.0,0,0.0,[64.90499948808691],[64.90499948808691]
394521,111,,88.35764363787867,46.554511649119824,57,1.823284904655923,0.5335711842224254,0.1787358050900698,3.417135254995077,2.88778764438939,0.223824536779524,0.0677108219334259,"[-1.2027841872790788, -0.49695869129064363]",1.301406063462862,1,1.301406063462862,57,166.29845948276142,moving,779,[],[],0.0,[],,11.161556735985268,0,0.0,[],0.0,0,0.0,,
395355,111,,86.1571116228164,46.11529855735817,58,1.8591934041816855,0.5149901150448626,0.6849592357269157,3.6101535735685433,2.9300376465018765,0.1948059146910943,-0.0290186220884296,"[-2.200532015062265, -0.43921309176165124]",2.243936115242326,1,2.243936115242326,58,185.8368049490525,moving,769,[],[],0.0,[],,,0,0.0,[],0.0,0,0.0,,
396529,111,,84.96091192092514,45.147890614962336,59,1.83327699967034,0.5150492491010543,0.1730632227164343,3.5594207794110284,2.9469376473468825,0.4830390077283882,0.2882330930372939,"[-1.1961997018912598, -0.9674079423958375]",1.538431621429853,1,1.538431621429853,59,192.7215170262523,moving,768,[],[],0.0,[],,,0,0.0,[],0.0,0,0.0,,
296074,112,,20.870509869037736,44.56551283783862,3,2.7255159350708578,0.5512318755958013,0.9696825898900616,4.94440916016508,4.444700222235008,0.0931310912235639,-0.6395256416052042,"[0.2366204643017369, 0.1884825658195055]",0.3025143331220419,1,0.3025143331220419,3,3.043372485064449,moving,689,[],[],0.0,[],,,0,0.0,[],0.0,0,0.0,,
287555,112,,21.385500534637224,45.19536981675224,4,2.7016740002810797,0.5560960614163564,1.0408234736831266,4.858286522296192,4.531312726565636,0.2127564850337498,0.1196253938101858,"[0.5149906655994876, 0.6298569789136224]",0.8135940016622533,1,0.8135940016622533,4,4.529566258759323,moving,710,[],[],0.0,[],,,0,0.0,[],0.0,0,0.0,,
299482,112,,21.80074649354141,45.79050797666683,5,2.6699159990463746,0.5356165377439204,1.0294019765249232,4.98475273054931,4.432025221601254,0.0761984595866152,-0.1365580254471346,"[0.41524595890419036, 0.5951381599145904]",0.7256849425010726,1,0.7256849425010726,5,6.140349443172487,moving,709,[],[],0.0,[],,23.042812185947835,0,0.0,[],0.0,0,0.0,,
294558,112,,22.35204222546733,46.1356990700583,6,2.6385442470779923,0.5242800193114395,0.98821692848311,5.032700369820141,4.394000219700008,0.4021729415634542,0.325974481976839,"[0.5512957319259151, 0.34519109339147036]",0.6504489795491489,1,0.6504489795491489,6,7.787426822607721,moving,710,[],[],0.0,[],,34.745547182218104,0,0.0,[],0.0,0,0.0,,
286809,112,,23.102620505280065,47.886767666693935,8,2.613369854715078,0.547323534554319,1.3331799710348455,4.774817251085545,4.28626271431313,2.9515550183027908,2.35709564723718,"[-0.06882683326570316, -0.09911812290086885]",0.1206711865557666,1,0.1206711865557666,8,9.990979632570516,moving,734,[],[],0.0,[],,18.16084798992256,0,0.0,[],0.0,0,0.0,,
286481,112,,23.15684833455242,48.50151919989823,9,2.6449107977975728,0.548840789207815,1.418920047813832,4.8190856980859245,4.345412717270634,2.622623598253317,-0.3289314200494737,"[0.05422782927235659, 0.6147515332042985]",0.6171386432922732,1,0.6171386432922732,9,10.67531656588098,moving,742,[],[],0.0,[],,0.8311093497954994,0,0.0,[],0.0,0,0.0,,
285251,112,,23.294084604391436,49.83586384920404,10,1.3780482340203375,0.5335780583420461,1.5757144395127949,2.58265536312018,2.044900102245006,0.014505594598056,-2.608118003655261,"[0.13723626983901127, 1.3343446493058053]",1.3413834041355808,1,1.3413834041355808,10,11.360875211025798,moving,792,[746],[746],1.0,[746],[31.750634048212845],177.5017321214929,1,1.0,[802],1.0,1,1.0,[24.749366490717506],[24.749366490717506]
285833,112,,23.21408138600056,49.29214254188332,11,2.693276392192182,0.5302801740874955,1.495515022153176,5.07896867316747,4.38766271938313,3.097989653513028,3.083484058914972,"[-0.08000321839087476, -0.5437213073207161]",0.5495756317263772,1,0.5495756317263772,11,11.758248684811749,moving,754,[],[],0.0,[],,5.053732159283017,0,0.0,[],0.0,0,0.0,,
286569,112,,23.16036476475898,48.3652318070935,12,1.5032578187832757,0.5105443442275853,1.4301800093881645,2.94442164677701,2.213900110695002,0.0882042656934187,-3.009785387819609,"[-0.053716621241576945, -0.9269107347898213]",0.928465931343858,1,0.928465931343858,12,12.28520626786016,moving,752,[793],[793],1.0,[793],[27.707550600122303],179.3948748768689,1,1.0,[794],1.0,0,0.0,[7.334378801416719],[7.334378801416719]
309225,112,,23.192881049576947,49.05178694057938,16,2.7070629048311043,0.5271894571405038,1.5503367093903146,5.134895753633464,4.377100218855006,0.330973192473329,-0.2567701542688242,"[0.0030199617099064824, -0.015610571682600494]",0.0159000036788332,1,0.0159000036788332,16,14.42624245967852,moving,768,[],[],0.0,[],,22.28479984537329,0,0.0,[],0.0,0,0.0,,
315567,112,,22.87960252498579,49.93287860681274,18,1.374946156587091,0.5190508878145332,1.804289337708792,2.648962151623148,2.1272876063643777,2.928205663101364,-0.0933535890522927,"[0.013135769750675763, -0.13396402971828536]",0.1346064994913113,1,0.1346064994913113,18,15.153862103133877,moving,803,[763],[],1.0,[763],[26.294790070583872],162.56491288802383,1,1.0,[],0.0,0,0.0,,
312380,112,,22.92771718264168,48.64413845658,19,2.653858367990221,0.5235747796461556,-1.5347673830828146,5.068728424588675,4.307387715369385,0.0604246861373556,-2.867780976964008,"[0.048114657655890625, -1.2887401502327407]",1.2896380093279085,1,1.2896380093279085,19,15.544043394161942,moving,765,[],[],0.0,[],,13.304223865167616,0,0.0,[],0.0,0,0.0,,
315859,112,,22.719378480379422,47.58867391416472,21,1.567310048877712,0.4880916607602317,1.464362147343809,3.211097781176047,2.266712613335631,2.576485129717033,2.337629419252259,"[0.009272408039603164, 0.00962685312902778]",0.0133661457429121,1,0.0133661457429121,21,18.28291029015012,moving,764,[802],[802],1.0,[802],[24.269414968435157],167.1407113310095,1,1.0,[],0.0,0,0.0,,
310271,112,,22.67394635972884,49.125602360826,22,2.7073696411846053,0.5125479414963455,-1.515995315279664,5.28217835248863,4.351750217587511,0.796197650206241,-1.7802874795107924,"[-0.04543212065058455, 1.5369284466612783]",1.5375997944014752,1,1.5375997944014752,22,20.204113868132072,moving,771,[],[],0.0,[],,65.19790937507037,0,0.0,[],0.0,0,0.0,,
321633,112,,23.057103372742137,49.31659799173446,24,2.710833320061084,0.5352856756874335,1.714487211032122,5.0642739815141375,4.432025221601254,1.2790570273066035,-0.2096731125085857,"[0.027520842707797755, 0.15113458765676313]",0.1536198566902311,1,0.1536198566902311,24,23.914858923754124,moving,765,[],[],0.0,[],,52.57184635816586,0,0.0,[],0.0,0,0.0,,
323661,112,,23.167418397925506,49.887690955332914,25,2.7291346582591007,0.5589452645005645,-1.3158086884210136,4.882651006440979,4.584125229206259,0.0106932587006877,-1.2683637686059157,"[0.11031502518337177, 0.5710929635984527]",0.5816498756579181,1,0.5816498756579181,25,26.175176757088455,moving,778,[],[],0.0,[],,29.25739390539472,0,0.0,[],0.0,0,0.0,,
319634,112,,22.52470639882956,51.828286262405086,26,1.371190984241922,0.5412101956441067,2.028973655486375,2.533564584107725,2.220237611011883,0.5106378542020602,0.4999445955013724,"[-0.642711999095944, 1.9405953070721722]",2.044257532605039,1,2.044257532605039,26,28.416083518184603,moving,824,[792],[792],1.0,[792],[21.430252110524748],103.80298618754688,0,0.0,[],0.0,0,0.0,,
333078,112,,22.87079276279889,51.85565473298343,27,2.682723447380546,0.545567752595333,-1.2599936410355,4.917305750969518,4.364425218221258,1.8117038823749103,1.30106602817285,"[0.3460863639693308, 0.027368470578338133]",0.3471668251825187,1,0.3471668251825187,27,29.824091312442032,moving,807,[],[],0.0,[],,91.33864769045088,0,0.0,[],0.0,0,0.0,,
340425,112,,22.66355408962485,53.87478454470333,28,1.3392452911294532,0.5062446707260224,-1.2348914709914611,2.6454506458483737,2.078700103935004,1.5941601365175069,-0.2175437458574036,"[-0.20723867317404654, 2.019129811719907]",2.029737190927684,1,2.029737190927684,28,31.140857869106007,moving,852,[809],[],1.0,[809],[17.16488872715837],162.70302450490007,0,0.0,[899],1.0,0,0.0,[61.583647135694264],[61.583647135694264]
337037,112,,22.59427654711232,53.53234132563336,29,2.777381088795233,0.5356568586965866,2.017202713746651,5.18500051610173,4.444700222235005,2.839703480563544,1.2455433440460375,"[-0.06927754251252338, -0.34244321906997754]",0.3493805034394208,1,0.3493805034394208,29,31.09857598159129,moving,823,[],[],0.0,[],,122.6822760775091,0,0.0,[867],1.0,0,0.0,[16.058983948735545],[16.058983948735545]
335247,112,,22.064885790876225,54.04569843143496,30,2.7214937823783365,0.5469067253479022,1.889502279334369,4.976157096344209,4.341187717059387,2.1412096513932357,-0.6984938291703089,"[-0.5293907562360971, 0.5133571058016031]",0.7374212438391133,1,0.7374212438391133,30,31.47805828511913,moving,842,[],[],0.0,[],,7.306777773695516,0,0.0,[],0.0,0,0.0,,
344386,112,,21.240040213540293,55.07992120207021,31,1.3950933232662166,0.5292918092825042,-0.7880977069552009,2.6357734973404803,2.1737626086881296,0.1275273298625243,-2.0136823215307107,"[-0.8248455773359318, 1.0342227706352531]",1.3228707290401076,1,1.3228707290401076,31,31.523213957361943,moving,879,[844],[844],1.0,[844],[11.181754210196686],178.3613816456515,0,0.0,[869],1.0,0,0.0,[17.57615197542428],[17.57615197542428]
343346,112,,21.87901699226328,54.22998238041755,32,2.6825315612544056,0.5484620948111951,2.092350633382279,4.891006300404135,4.453150222657509,3.112993368122789,2.9854660382602645,"[0.6389767787229843, -0.8499388216526569]",1.0633378222839196,1,1.0633378222839196,32,30.867680188015196,moving,848,[],[],0.0,[],,134.20864310350467,0,0.0,[],0.0,0,0.0,,
345391,112,,21.5506994381376,54.27188421842995,33,2.699498016121272,0.5233070060807901,-1.041141192862468,5.158535973631725,4.478500223925011,2.342382706790136,-0.7706106613326531,"[-0.32831755412567887, 0.041901838012400106]",0.3309806344423877,1,0.3309806344423877,33,30.914737461085977,moving,847,[],[],0.0,[],,119.37816546099708,0,0.0,[],0.0,0,0.0,,
347365,112,,21.783283658204997,53.699243338716016,36,1.4974104422610448,0.5134989459726252,2.066171317024264,2.9160925334029257,2.243475112173757,0.6070345788613318,-2.192908189463457,"[-0.028538271892813327, 0.25454531142644043]",0.2561400955176906,1,0.2561400955176906,36,31.924268113911893,moving,864,[],[],0.0,[],,36.83934683953202,0,0.0,[],0.0,0,0.0,,
353934,112,,22.25547144171024,53.41490032527057,38,1.5228375858899603,0.520659905205657,2.4247038713915536,2.92482207802894,2.3702251185112564,0.4744531998613665,-1.8776706220680728,"[0.15068182194852042, -0.029796495101166443]",0.1535996177926216,1,0.1535996177926216,38,32.54681386441654,moving,868,[],[],0.0,[],,19.403321097102623,0,0.0,[],0.0,0,0.0,,
355972,112,,22.838252114165424,52.70896273747517,40,1.4972927783283574,0.4977629321319443,2.269807797351424,3.0080439536053345,2.2815001140750053,2.2699563636570814,1.732682197583808,"[-0.17486517408215718, -0.024488318756766603]",0.1765715346886812,1,0.1765715346886812,40,33.193654957060005,moving,863,[895],[],1.0,[895],[21.970797845811607],171.73544852251155,0,0.0,[845],1.0,0,0.0,[120.96375653207352],[59.03624346792648]
360741,112,,22.600300167195453,53.100686310113126,41,2.641374902932096,0.5099045707109521,2.62691921396436,5.180135763931803,4.2482377124118855,1.1640541799507331,-1.1059021837063483,"[-0.23795194696997157, 0.3917235726379573]",0.4583322882222517,1,0.4583322882222517,41,34.45301739021926,moving,860,[],[],0.0,[],,127.47524572774113,0,0.0,[841],1.0,0,0.0,[22.28745289127848],[22.28745289127848]
364787,112,,23.054875304041307,53.05131396244936,42,2.706384185128557,0.4943801894157724,-0.4181981419043756,5.47429739918744,4.201762710088131,2.2248627527379177,1.0608085727871843,"[0.45457513684585393, -0.04937234766376264]",0.4572484923455279,1,0.4572484923455279,42,35.930686820151976,moving,858,[],[],0.0,[],,17.726602626261755,0,0.0,[],0.0,0,0.0,,
365826,112,,24.94965017154344,52.210663449966816,43,1.493106990528049,0.4869593719063114,2.7825841722767497,3.0661839091071346,2.1801001090050027,0.3093875810209414,-1.915475171716976,"[1.8947748675021323, -0.8406505124825472]",2.072888101817098,1,2.072888101817098,43,37.54746831632112,moving,849,[],[],0.0,[],,8.37170987592432,0,0.0,[],0.0,0,0.0,,
371212,112,,25.926533101910227,51.59317462923103,46,1.5341237768624596,0.5094469276142788,2.520424289252613,3.011351514173821,2.321637616081881,0.3412812078199405,-0.0497032192657887,"[0.16170207430909045, -0.09526766592890823]",0.1876792183684828,1,0.1876792183684828,46,42.85648159506996,moving,844,[],[],0.0,[],,28.2451157176374,0,0.0,[],0.0,0,0.0,,
375300,112,,26.292901891890832,51.567222041679535,47,1.5227130895037393,0.5213707398767571,2.6296389949757293,2.920595601248513,2.395575119778752,0.4616882373237956,0.120407029503855,"[0.36636878998060496, -0.025952587551493878]",0.3672868457656367,1,0.3672868457656367,47,45.00193710033428,moving,849,[877],[],1.0,[877],[22.79389306041892],161.32774073189626,1,1.0,[],0.0,1,0.0,,
370558,112,,25.351862925848344,51.961333708152026,48,1.5817529598912197,0.4944476500745308,-0.5028319844950672,3.199030189854868,2.28572511428625,2.815700250575356,2.3540120132515607,"[-0.9410389660424876, 0.3941116664724902]",1.020234454064377,1,1.020234454064377,48,46.65850589598446,moving,851,[868],[868],1.0,[868],[5.8124823831127355],3.1194996759234206,0,0.0,[],0.0,0,0.0,,
379510,112,,24.54670604002252,52.3513191382363,49,1.51997859380187,0.5151757189907019,2.694029615088895,2.950408060340482,2.3617751180887567,0.0544455403597597,-2.761254710215596,"[-0.8051568858258236, 0.38998543008427333]",0.8946319055738813,1,0.8946319055738813,49,49.442044007902176,moving,859,[873],[],1.0,[873],[23.827894872017318],4.030921484341402,0,0.0,[],0.0,0,0.0,,
377843,112,,23.693376817823463,52.69284675236808,50,2.724268836519716,0.5453540897294303,2.715067680938993,4.995412866292656,4.596800229840014,0.0703528517911281,0.0159073114313684,"[-0.8533292221990543, 0.3415276141317847]",0.9191364820707488,1,0.9191364820707488,50,53.22703816157904,moving,853,[],[],0.0,[],,3.4249692380997496,0,0.0,[],0.0,0,0.0,,
379375,112,,22.887201426879543,52.96083465735136,53,1.4204330926867588,0.5030283949394759,2.890449174789562,2.823763244732267,2.142075107103753,1.5534913602388871,-1.5249610924994812,"[-0.0060642280259415315, -0.022765420185038465]",0.0235592703145061,1,0.0235592703145061,53,67.16496540057099,moving,876,[854],[854],1.0,[854],[6.772998727341896],172.4321592602033,1,1.0,[870],1.0,1,1.0,[26.863853054977564],[26.863853054977564]
388278,112,,23.283079596792486,52.88517406685192,54,1.4428513646739791,0.520011148282063,2.874320880155306,2.774654677001948,2.201225110061255,1.6422864902944605,0.0887951300555731,"[0.39587816991294034, -0.07566059049943874]",0.4030434844633301,1,0.4030434844633301,54,71.3429555555375,moving,871,[841],[841],1.0,[841],[19.308672934889174],7.201979454039368,0,0.0,[],0.0,0,0.0,,
390524,112,,23.75922217020808,52.73026456115122,55,1.4435159199670289,0.4983903067712151,-0.3096703377991027,2.896356330280057,2.180100109005004,0.1256982541340007,-1.5165882361604597,"[0.4761425734155935, -0.15490950570070083]",0.5007082036228878,1,0.5007082036228878,55,75.57531681096708,moving,874,[845],[845],1.0,[845],[21.15628320088377],3.246531776620095,0,0.0,[],0.0,0,0.0,,
394629,112,,24.16315692480462,52.57303316043299,56,1.430269884813644,0.5061022679085496,2.7742419046286573,2.8260491515364783,2.1779876088993837,0.0566626687726299,-0.0690355853613707,"[0.40393475459654127, -0.15723140071823138]",0.433457032868063,1,0.433457032868063,56,79.22879342012659,moving,869,[839],[],1.0,[839],[21.428012790788017],,0,0.0,[],0.0,0,0.0,,
394885,112,,24.897580982450723,52.207568807596594,57,1.40802836296546,0.5183830242506328,2.7111120037261376,2.7161930408521497,2.190662609533133,0.0905375852902376,0.0338749165176076,"[0.7344240576461019, -0.36546435283639767]",0.8203309634796749,1,0.8203309634796749,57,80.82044582325982,moving,871,[845],[],1.0,[845],[21.08449017159518],,0,0.0,[828],1.0,0,0.0,[9.867430835029454],[9.867430835029454]
290330,113,,27.41608137560822,75.80660522650562,1,2.241152426951104,0.5339470039422946,1.8775318732958115,4.197331215277898,3.529987676499384,,,"[-0.06344590605752387, -0.012855277249585129]",0.0647351616096217,1,0.0647351616096217,1,0.2810327594261601,moving,1146,[],[],0.0,[],,,0,0.0,[],0.0,0,0.0,,
299414,113,,27.825541993575253,75.05291977209832,2,2.2212176853677863,0.5244414675766247,1.9397791249286729,4.2353967462408,3.580687679034376,1.8685524232539008,,"[0.40946061796703503, -0.7536854544073037]",0.8577294222836769,1,0.8577294222836769,2,0.9068531231040564,moving,1143,[],[],0.0,[],,,0,0.0,[],0.0,0,0.0,,
303712,113,,27.91887555108535,74.41176253400982,3,2.26977766184826,0.5267126603889091,1.879262712090285,4.30932808824516,3.5954751797737527,0.3531125163681494,-1.5154399068857511,"[0.0933335575100962, -0.6411572380884962]",0.6479149303039397,1,0.6479149303039397,3,1.8371733955595608,moving,1137,[],[],0.0,[],,76.26392927234454,0,0.0,[],0.0,0,0.0,,
290293,113,,28.29049124415086,74.37628324218487,12,2.217477058096366,0.5343808038945316,2.560354147909063,4.1496196007333,3.646175182308757,2.752242906549124,2.035892148780357,"[-0.13760911381834262, 0.08349135938863128]",0.1609567497759294,1,0.1609567497759294,12,20.08689962692719,moving,1152,[],[],0.0,[],,138.72673786144887,1,0.0,[],0.0,1,0.0,,
330893,113,,27.75503866116467,74.9450271851495,14,2.267243447082295,0.5216370339502344,2.338050215997278,4.346400465306296,3.616600180830014,0.3789564507516998,0.2600569118075187,"[-0.16020850194977143, 0.27495026513472]",0.3182206976213878,1,0.3182206976213878,14,26.406408252171698,moving,1175,[],[],0.0,[],,13.794834275840154,0,0.0,[],0.0,0,0.0,,
319073,113,,27.383594248355703,75.18562067185255,18,2.228356770088844,0.5302063885377192,-0.5787282565672175,4.20281010991688,3.544775177238764,0.3871769091889144,-2.532420904279052,"[0.07907481449543141, -0.15160492991127228]",0.1709879558942344,1,0.1709879558942344,18,40.963163578816456,moving,1184,[1224],[1224],1.0,[1224],[123.54297521280895],49.78198427191381,0,0.0,[1224],1.0,0,0.0,[123.54297521280895],[56.457024787191045]
326272,113,,26.70433185919859,74.97989381375399,24,2.234409237147059,0.536997666307761,0.5593062292373971,4.160929138687331,3.6166001808300097,1.853751444908248,1.685752012054703,"[0.08239818315707126, 0.05531264281610504]",0.0992418714197202,1,0.0992418714197202,24,62.88591482632231,moving,1181,[],[],0.0,[],,164.4762358856261,0,0.0,[],0.0,1,0.0,,
324050,113,,27.60980348922639,75.55393954787911,26,2.2497502846175346,0.5231042720121328,0.5266084131991415,4.300768326673795,3.597587679879377,0.0660832041705831,0.028634512609868,"[0.14909774983080482, 0.10640338829003326]",0.1831715590483655,1,0.1831715590483655,26,70.24250002158836,moving,1201,[1173],[1173],1.0,[1173],[6.448326008622473],175.0379701427057,0,0.0,[1188],1.0,0,0.0,[106.40088154123288],[73.59911845876712]
347136,113,,27.310194548494756,75.39855994823343,31,2.3142863145708685,0.5104022029475727,1.2457361384085908,4.534240450385726,3.650400182520008,2.6996174850304087,-0.2118570341038448,"[0.004786774912062697, 0.04466835705198946]",0.0449241063993794,1,0.0449241063993794,31,86.96702077691697,moving,1189,[],[],0.0,[],,119.99726653954971,0,0.0,[],0.0,0,0.0,,
347549,113,,27.329983848231663,75.83677611963533,32,2.32774405018282,0.5307878259539361,1.1681184002902136,4.385451090554647,3.764475188223768,0.0616270372412849,-2.637990447789124,"[0.019789299736910237, 0.43821617140190483]",0.4386627739644896,1,0.4386627739644896,32,90.72160449970076,moving,1197,[],[],0.0,[],,7.276444359523374,0,0.0,[],0.0,0,0.0,,
349401,113,,27.50281666182473,76.83094643023459,33,2.289291557810746,0.5152979085397824,1.174201903928291,4.442656412672023,3.610262680513136,0.126997911911845,0.06537087467056,"[0.17283281359306812, 0.9941703105992588]",1.009081655730359,1,1.009081655730359,33,94.86616715646322,moving,1211,[],[],0.0,[],,8.453592345255727,0,0.0,[],0.0,0,0.0,,
345563,113,,27.7087432906184,77.45303966316729,34,2.2771874836677064,0.536273485985702,0.8541465559629124,4.246317491311551,3.686312684315624,0.1475430200461016,0.0205451081342566,"[0.2059266287936694, 0.6220932329326985]",0.6552905972978571,1,0.6552905972978571,34,99.40589342565538,moving,1232,[],[],0.0,[],,24.107298013447387,0,0.0,[],0.0,0,0.0,,
353086,113,,28.583189078631168,78.4099088342773,36,2.282483763069896,0.5149306363965095,0.9136391160657188,4.432604319375409,3.667300183365007,0.5373617533773788,0.0718832666307213,"[0.027769777953697172, 0.10976862791854103]",0.1132268176834302,1,0.1132268176834302,36,108.61949445790329,moving,1255,[1269],[1269],1.0,[1269],[74.10473162741869],19.40199936812786,0,0.0,[1269],1.0,0,0.0,[74.10473162741869],[74.10473162741869]
352755,113,,28.919887086631835,79.20231258611365,37,2.26271049855545,0.529714461690356,1.1310570090895755,4.271566404539876,3.625050181252501,0.1540062202811755,-0.3833555330962033,"[0.33669800800066696, 0.7924037518363463]",0.8609699498332883,1,0.8609699498332883,37,113.33239579865474,moving,1273,[1330],[],1.0,[1330],[102.39769631440433],77.41100981601926,0,0.0,[1330],1.0,0,0.0,[102.39769631440433],[77.60230368559567]
357917,113,,28.63596336789573,79.40565678150993,38,2.269650580461001,0.5272483484041218,1.327040104338667,4.304708753153598,3.6482876824143786,1.351076998583186,1.1970707783020105,"[-0.283923718736105, 0.20334419539628357]",0.3492299240647926,1,0.3492299240647926,38,118.11786073155868,moving,1274,[1319],[],1.0,[1319],[78.65699955378776],38.23363277731485,0,0.0,[1319],1.0,0,0.0,[78.65699955378776],[78.65699955378776]
356710,113,,28.36941461782641,80.3257368387227,39,2.322626430271949,0.5056581166934226,1.3638150623114922,4.593274296593844,3.574350178717509,0.6673027769625681,-0.6837742216206177,"[-0.2665487500693189, 0.9200800572127719]",0.9579120773036396,1,0.9579120773036396,39,123.21917097225226,moving,1293,[],[],0.0,[],,5.3435573585199165,0,0.0,[],0.0,0,0.0,,
361993,113,,28.284823677758236,80.76863903705924,40,2.325286616393333,0.5337831618473664,1.530115533070962,4.3562382304188185,3.669412683470634,0.0932626696753352,-0.5740401072872329,"[-0.08459094006817836, 0.4429021983365402]",0.4509079556106303,1,0.4509079556106303,40,128.1595241145887,moving,1299,[],[],0.0,[],,12.82677555844968,0,0.0,[],0.0,0,0.0,,
361240,113,,28.338103272555703,82.28379692889133,41,2.3526484725028536,0.5081317687906226,1.7070718569156296,4.629996817759038,3.5701251785062635,0.2238694659092922,0.130606796233957,"[0.0532795947974698, 1.5151578918320894]",1.5160943745040558,1,1.5160943745040558,41,133.36252701159606,moving,1326,[],[],0.0,[],,33.6342183671342,0,0.0,[],0.0,0,0.0,,
366716,113,,27.77316574385652,83.20136199514128,42,2.3143082167609803,0.4895725619574235,1.90198405194166,4.727201637910108,3.483512674175637,0.5870278518412452,0.3631583859319529,"[-0.5649375286991827, 0.9175650662499493]",1.0775342510263948,1,1.0775342510263948,42,138.27119001774113,moving,1338,[],[],0.0,[],,12.385980776091309,0,0.0,[],0.0,0,0.0,,
368193,113,,27.331137759508067,83.65899533074592,43,2.351172508970734,0.5105525199377974,1.9525850081247,4.60515307858472,3.593362679668144,0.2161761456315158,-0.3708517062097293,"[-0.4420279843484529, 0.4576333356046405]",0.6362523153622198,1,0.6362523153622198,43,143.16097126688945,moving,1352,[],[],0.0,[],,21.05041568499533,0,0.0,[],0.0,0,0.0,,
376550,113,,26.956445310587675,84.54361034119002,46,2.3154114795826635,0.5353176729919262,2.051909092473355,4.325303640064178,3.663075183153758,3.1102943274294605,0.3456546249099954,"[-0.004886209215005266, 0.0772276325204615]",0.0773820538962894,1,0.0773820538962894,46,157.41805571280085,moving,1379,[],[],0.0,[],,14.033694553516742,0,0.0,[],0.0,0,0.0,,
379770,113,,26.872504505431262,85.07829281125184,47,2.323143869460587,0.5163284389289103,-0.940516962847862,4.499352920168018,3.6736376836818807,0.0925348623449023,-3.0177594650845583,"[-0.08394080515640923, 0.5346824700618242]",0.5412313761800214,1,0.5412313761800214,47,161.689944930056,moving,1398,[],[],0.0,[],,36.22264905147354,0,0.0,[],0.0,0,0.0,,
375180,113,,26.49155342008389,85.45732327952253,48,2.3054830812703044,0.5142421407186347,-1.0179039418666038,4.4832636198357365,3.5236501761825005,0.6322044897426299,0.5396696273977275,"[-0.3809510853473803, 0.37903046827068465]",0.5373898262014657,1,0.5373898262014657,48,164.94324970220455,moving,1403,[],[],0.0,[],,10.495414594802904,0,0.0,[],0.0,0,0.0,,
382250,113,,25.991380510492824,86.1810299161822,49,2.36479937445154,0.5106670862222861,2.1703559621721995,4.630804369918167,3.63983768199188,0.18317954104119,-0.4490249487014399,"[-0.5001729095910612, 0.7237066366596707]",0.8797296376921949,1,0.8797296376921949,49,167.70867010785503,moving,1417,[],[],0.0,[],,6.046238158118924,0,0.0,[],0.0,0,0.0,,
381249,113,,25.61732580196768,86.86700521234138,50,2.276224579088035,0.5372227502651838,2.456551384984354,4.237021939157351,3.705325185266266,0.1055267632188895,-0.0776527778223004,"[-0.37405470852514355, 0.6859752961591852]",0.7813315761637385,1,0.7813315761637385,50,169.43534833987036,moving,1431,[1464],[1464],1.0,[1464],[117.90767520361575],24.69402497203167,0,0.0,[1482],1.0,0,0.0,[124.58214425073331],[55.41785574926669]
385426,113,,25.586122836535637,87.32363578248129,52,2.3439396765133087,0.5211700783920009,2.75614262027468,4.497456346199334,3.7053251852662634,2.1461159007736947,1.9206372538867875,"[0.10629855612927486, -0.03306601383907548]",0.1113227034632851,1,0.1113227034632851,52,168.75817775217465,moving,1453,[],[],0.0,[],,92.58324897566946,0,0.0,[],0.0,0,0.0,,
389953,113,,25.9855140052306,87.33287966430764,54,2.249964758147447,0.5502995099899014,2.87285353762113,4.0886185019294965,3.796162689808126,0.0966369269436044,-0.2416092002046668,"[0.05590199030365639, -0.0033564658136100434]",0.0560026640675961,1,0.0560026640675961,54,163.66329776779602,moving,1454,[1398],[1398],1.0,[1398],[124.15273827473374],4.094204650936398,0,0.0,[1480],1.0,0,0.0,[139.03254504452005],[40.96745495547995]
391596,113,,26.32024209102952,87.31669416111463,55,2.319381402827205,0.50684339166026,2.9103474426689244,4.57613030176765,3.61660018083,0.0116534278958513,-0.0849834990477531,"[0.33472808579891833, -0.016185503193014483]",0.3351191757214425,1,0.3351191757214425,55,159.75090391271397,moving,1464,[1434],[1434],1.0,[1434],[144.39324180844952],,0,0.0,[1486],1.0,0,0.0,[147.45039511209845],[32.54960488790155]
396912,113,,26.691267452432957,87.4561287661864,56,2.2493595169858067,0.5201974070477853,3.0575740249274075,4.324049844368372,3.5659001782949837,0.4077961383253871,0.3961427104295357,"[0.3710253614034329, 0.13943460507177008]",0.3963607295079426,1,0.3963607295079426,56,154.94280514220125,moving,1460,[],[],0.0,[],,,0,0.0,[],0.0,0,0.0,,
296142,114,,87.91445349872467,43.858776391108485,3,2.013205512629165,0.5127106742315951,2.725444150997241,3.926591767659952,3.166637658331876,2.2873323970925985,1.2671819513415885,"[-0.000911947023553239, 0.0020730154878236817]",0.002264738524979,1,0.002264738524979,3,1.0756856273180149,moving,695,[],[],0.0,[],,,0,0.0,[],0.0,0,0.0,,
287429,114,,87.96500504327156,43.23194476680803,4,2.065319995413224,0.4966996750152805,2.7429616600974525,4.1580860614609545,3.094812654740632,2.8076304167715853,0.5202980196789868,"[0.05055154454689159, -0.6268316243004577]",0.6288667139221367,1,0.6288667139221367,4,1.5333156617022117,moving,696,[],[],0.0,[],,,0,0.0,[],0.0,0,0.0,,
299282,114,,88.26647863763239,43.1010341863892,5,2.0312378649629084,0.5095157939275118,2.7506126581236217,3.986604319574616,3.137062656853133,1.0806571115194796,-1.7269733052521057,"[0.30147359436082866, -0.13091058041882775]",0.3286699076009725,1,0.3286699076009725,5,2.0735788745286614,moving,688,[],[],0.0,[],,13.043128635581484,0,0.0,[],0.0,0,0.0,,
284405,114,,89.72100851194581,42.83331494891617,10,2.089667594966432,0.5087091272123078,2.8014375559199234,4.107784750035195,3.2574751628737504,0.8741690033051396,0.0749597347526291,"[0.1883339365201664, -0.014384031992257462]",0.1888824290968759,1,0.1888824290968759,10,4.725036931553611,moving,687,[],[],0.0,[],,2.538195123177145,0,0.0,[],0.0,0,0.0,,
285304,114,,90.16441233063516,42.731213865896734,11,2.052880755300745,0.5374106489335995,2.7637201682626245,3.819948040431168,3.3124001656200064,0.1500944030526563,-0.7240746002524833,"[0.4434038186893474, -0.10210108301943421]",0.4550072280547168,1,0.4550072280547168,11,5.13250387071407,moving,681,[],[],0.0,[],,5.914010356822738,0,0.0,[],0.0,0,0.0,,
317303,114,,90.81310415258208,42.509353765734325,15,2.0403466614228,0.5213558650744791,2.832106629137158,3.913539288814413,3.217337660866879,2.507792397439488,-0.4096193320481198,"[0.24519412139245844, -0.05694557242625109]",0.2517199940099575,1,0.2517199940099575,15,7.277540478029705,moving,689,[674],[],1.0,[674],[2.176464346978495],0.066268010383208,0,0.0,[674],1.0,0,0.0,[2.176464346978495],[2.176464346978495]
308396,114,,91.6906678251476,42.20808268785615,20,2.035433916257316,0.501690762437494,2.845294374022872,4.057148483994485,3.105375155268748,0.2683074467597716,-1.7315384775394689,"[0.25990728112442696, -0.16324720025401973]",0.30692253611012,1,0.30692253611012,20,10.110882346662992,moving,690,[],[],0.0,[],,64.02167033296082,0,0.0,[],0.0,0,0.0,,
315098,114,,91.75294477170092,41.70312051160514,21,1.9850286529611332,0.5124822335731725,0.0553349456743883,3.873360914623219,3.103262655163134,0.8872621816808025,0.6189547349210309,"[0.062276946553325274, -0.5049621762510057]",0.5087879887695439,1,0.5087879887695439,21,10.621273646526996,moving,678,[689],[689],1.0,[689],[137.58152961355563],62.15008568539239,0,0.0,[689],1.0,0,0.0,[137.58152961355563],[42.41847038644437]
320322,114,,92.40521292032706,41.45509780322461,24,2.0177212732851686,0.5019351816766052,-0.1183524722826881,4.019884134332664,3.092700154635001,0.4666698244164768,0.1704325447329355,"[0.1223695491362804, -0.13913925300218466]",0.1852944637106637,1,0.1852944637106637,24,11.723559574320486,moving,671,[],[],0.0,[],,24.38292551127516,0,0.0,[],0.0,0,0.0,,
322515,114,,92.75097435456372,41.47663190939664,25,2.0176582950490607,0.5086878745895317,2.908808659932839,3.966397462642768,3.147625157381262,0.9116371115340004,0.4449672871175235,"[0.34576143423664973, 0.021534106172033773]",0.3464313599171031,1,0.3464313599171031,25,11.985189952016206,moving,671,[],[],0.0,[],,30.79605260491715,0,0.0,[],0.0,0,0.0,,
343390,114,,93.39077732376523,41.1473623232698,33,2.0355565295476383,0.5205800805773001,-0.0779318784896366,3.910169838404683,3.19832515991626,1.3555664339811502,-1.6145516094591783,"[-0.0012732241202684236, -0.015382580827925096]",0.015435183594246,1,0.015435183594246,33,9.92559146230016,moving,661,[],[],0.0,[],,89.83747523614429,0,0.0,[],0.0,0,0.0,,
340973,114,,93.89290284022888,42.11627646879989,34,1.5285314434790935,0.4834549693810324,2.9631296084256618,3.1616831768966462,2.285725114286257,2.7460457199346395,1.3904792859534894,"[0.5021255164636216, 0.9689141455300856]",1.0912949444087765,1,1.0912949444087765,34,9.435539751342963,moving,679,[678],[678],1.0,[678],[27.16950570189823],166.23005016404448,1,1.0,[],0.0,0,0.0,,
351369,114,,92.87040651338368,40.94683679657262,38,2.050029025360235,0.5044657862579743,0.1381055890818365,4.063762263377538,3.175087658754382,2.198917142319479,0.7917782362522927,"[-0.2414125029771128, 0.05098820518932712]",0.246738310081964,1,0.246738310081964,38,7.334273765517874,moving,681,[664],[664],1.0,[664],[158.3640722573397],37.805907710629285,0,0.0,[698],1.0,1,1.0,[157.2557069395235],[22.744293060476508]
360546,114,,91.68553050736196,40.71589012550907,41,2.087927844872775,0.5128196331261493,0.1147010318467264,4.071466281711492,3.219450160972499,2.3043394164987028,-0.3680290344303718,"[-0.15421486281475438, 0.012688705780057319]",0.1547359918291357,1,0.1547359918291357,41,6.021781073765545,moving,674,[],[],0.0,[],,97.55340421223818,0,0.0,[],0.0,0,0.0,,
364341,114,,91.5816452755575,42.42617832723083,42,1.9166576741817616,0.5385121601341791,2.425835557279085,3.559172505416025,3.1222751561137634,1.4280350313571093,-0.8763043851415935,"[-0.10388523180444054, 1.7102882017217595]",1.7134403620598273,1,1.7134403620598273,42,5.693987555693722,moving,689,[],[],0.0,[],,128.2325974420098,0,0.0,[678],1.0,0,0.0,[26.006085696245815],[26.006085696245815]
365148,114,,90.40469367715382,41.37723759699559,43,2.074377730239422,0.5129433622213796,2.828498924846913,4.044067791921534,3.314512665725636,2.238081033747541,0.8100460023904317,"[-1.17695159840369, -1.0489407302352447]",1.576544233610795,1,1.576544233610795,43,5.94483335426284,moving,676,[],[],0.0,[],,84.58075949150782,0,0.0,[],0.0,0,0.0,,
370266,114,,89.89129794620209,41.85385050870999,46,2.091372316216634,0.5070406598525856,2.818655616626269,4.124663921084098,3.274375163718762,2.884359923156469,1.8909461841470128,"[0.029491035564291224, -0.10652923092536071]",0.110535958946413,1,0.110535958946413,46,8.298229641317146,moving,699,[],[],0.0,[],,158.749658390308,1,0.0,[],0.0,1,0.0,,
369564,114,,90.45873479005584,41.62893581412337,48,2.157569061551876,0.5015104831588192,0.1756165700554854,4.30214149854294,3.325075166253759,0.7689827885076151,0.1038102275888935,"[0.22211386049021087, 0.029813918995657218]",0.2241058606724609,1,0.2241058606724609,48,10.82121198607802,moving,695,[],[],0.0,[],,71.40399078214848,0,0.0,[],0.0,0,0.0,,
378290,114,,92.360428619192,43.87786289529349,49,1.7515327379991148,0.494916034809348,-1.5277258749217644,3.539050292993319,2.6469626323481443,0.7354314040337241,-0.033551384473891,"[1.9016938291361498, 2.248927081170116]",2.9451846183549937,1,2.9451846183549937,49,12.027000522226722,moving,713,[703],[703],1.0,[703],[87.97302872757759],167.5780255918474,0,0.0,[],0.0,0,0.0,,
369953,114,,91.16867595628564,41.617110945448125,51,2.142447788565427,0.4847153477065806,0.0125060792524052,4.420012278757767,3.113825155691263,1.8570783399921087,-1.130621244683109,"[0.16178371020995996, -0.043342860785038795]",0.1674890219397425,1,0.1674890219397425,51,13.501442501082376,moving,697,[],[],0.0,[],,178.9517234118814,0,0.0,[],0.0,0,0.0,,
381864,114,,91.67767414891492,42.54128653065784,52,1.967623902769032,0.5238853450292484,-0.0891076329864963,3.7558292504998017,3.052562652628125,1.3291297197695953,-0.5279486202225134,"[0.5089981926292779, 0.92417558520971]",1.0550733019073042,1,1.0550733019073042,52,14.865358261221948,moving,720,[],[],0.0,[],,177.46470198482527,0,0.0,[],0.0,0,0.0,,
393945,114,,90.92687902841578,41.31029537278972,56,2.0603679694586,0.5286142025089817,2.720286735982584,3.8976780413378926,3.2595876629793827,1.3095071911816198,-0.1245143715283041,"[0.0044121706716850895, -0.03982746822176608]",0.0400711177157795,1,0.0400711177157795,56,23.63503801658188,moving,692,[674],[674],1.0,[674],[33.8983804651987],58.86013080815903,0,0.0,[710],1.0,0,0.0,[27.500633962642436],[27.500633962642436]
394191,114,,91.22107153470512,40.744690625050005,57,2.126404434002508,0.5186325863042253,2.8871867497642048,4.100020882134039,3.23846266192313,0.3692956775513039,-0.940211513630316,"[0.2941925062893347, -0.5656047477397124]",0.6375405566883598,1,0.6375405566883598,57,26.376178828855377,moving,691,[675],[675],1.0,[675],[44.53735820166649],29.215609999696714,0,0.0,[675],1.0,0,0.0,[44.53735820166649],[44.53735820166649]
395082,114,,91.70258359338035,40.42835137326837,58,2.1122586106463217,0.5075371419615414,2.858869022496021,4.161781347632639,3.2046626602331227,0.509908587473301,0.1406129099219971,"[0.48151205867524993, -0.3163392517816348]",0.5761287919097967,1,0.5761287919097967,58,29.36133537115909,moving,697,[675],[],1.0,[675],[54.46232220802561],,0,0.0,[675],1.0,0,0.0,[54.46232220802561],[54.46232220802561]
396260,114,,92.15514992904356,40.28247854236504,59,2.061716115403603,0.5157488063682077,2.7725475204435863,3.997519897179723,3.291275164563756,0.269450522164532,-0.240458065308769,"[0.45256633566317817, -0.14587283090332903]",0.4754946592458717,1,0.4754946592458717,59,31.80297504920812,moving,697,[],[],0.0,[],,,0,0.0,[],0.0,0,0.0,,
298458,115,,125.54837186967436,112.43449897334978,1,3.149709721009519,0.544199038297972,2.463473985666777,5.787789943290784,5.321387766069387,,,"[-0.053499691420725526, -0.23080208889258813]",0.2369215507700703,1,0.2369215507700703,1,1.2199546833961423,moving,1702,[1697],[1697],1.0,[1697],[41.37146784456358],,0,0.0,[1697],1.0,0,0.0,[41.37146784456358],[41.37146784456358]
306000,115,,125.77424820826091,112.51749410215818,3,3.054887573338774,0.5318251339159618,-0.9455924696145718,5.74415795441045,4.850300242515002,2.673093142438112,1.1744786101044706,"[-0.23252033099851133, 0.22477279889753277]",0.3234014771949688,1,0.3234014771949688,3,4.46091935895041,moving,1719,[1794],[1794],1.0,[1794],[41.63965447390896],,0,0.0,[1794],1.0,0,0.0,[41.63965447390896],[41.63965447390896]
301996,115,,125.4406413959656,112.81835929200216,4,2.997503778601541,0.547506510421223,-0.788790236452126,5.47482764414147,4.945362747268144,0.0346182474397621,-2.6384748949983496,"[-0.3336068122953435, 0.30086518984397514]",0.4492364273628216,1,0.4492364273628216,4,6.460978973291011,moving,1750,[1806],[1806],1.0,[1806],[23.08622426968927],27.936511408326428,0,0.0,[1806],1.0,0,0.0,[23.08622426968927],[23.08622426968927]
305335,115,,125.2147643602207,113.43835906508004,5,3.005317869330343,0.5503209295783705,2.567655806140407,5.461027752720351,4.843962742198124,0.4875841055963235,0.4529658581565614,"[-0.2258770357448867, 0.6199997730778932]",0.6598637388836698,1,0.6598637388836698,5,9.016901372484549,moving,1756,[1713],[],1.0,[1713],[77.25700345865371],98.66958736142138,0,0.0,[1797],1.0,0,0.0,[9.786467682368393],[9.786467682368393]
304315,115,,125.66536718434156,113.52879104470658,6,3.181624627239967,0.517911065385668,-0.433667317078459,6.143187199274718,4.884100244204988,1.72210917104099,1.2345250654446664,"[0.45060282412086394, 0.09043197962652982]",0.4595876935307029,1,0.4595876935307029,6,11.9155152943921,moving,1758,[],[],0.0,[],,145.45888955642926,0,0.0,[1771],1.0,1,1.0,[73.31671935533312],[73.31671935533312]
297967,115,,124.2055350429578,114.15426806746584,7,3.012620468561912,0.5230573159194395,2.4965672059182493,5.759637379827628,4.894662744733137,2.5387365490545104,0.8166273780135205,"[-1.459832141383771, 0.6254770227592701]",1.5881849347657615,1,1.5881849347657615,7,14.902044079530738,moving,1773,[],[],0.0,[],,22.57505992664086,0,0.0,[],0.0,0,0.0,,
300893,115,,122.93360206411184,115.46077240267238,8,3.2177419019081337,0.5064586184234042,2.202703828199775,6.353415234446797,4.744675237233767,0.3940091245549079,-2.144727424499602,"[-1.2719329788459532, 1.306504335206526]",1.823394384270552,1,1.823394384270552,8,17.874664294945553,moving,1790,[],[],0.0,[],,22.257015219581938,0,0.0,[],0.0,0,0.0,,
298712,115,,122.38632028746488,116.81705837881398,9,3.1070163003405185,0.5115852121751087,2.066000825616554,6.073311398369797,4.831287741564387,0.3884581972481843,-0.0055509273067235,"[-0.5472817766469689, 1.3562859761416064]",1.462541962518769,1,1.462541962518769,9,20.70938626384135,moving,1813,[1859],[1859],1.0,[1859],[47.361374658175635],3.176431579786988,0,0.0,[1859],1.0,0,0.0,[47.361374658175635],[47.361374658175635]
297166,115,,121.9183221580901,118.19192089789944,10,3.1255606574862376,0.4971569309517721,1.8194507760709535,6.286869322132492,4.827062741353141,0.0554391895316299,-0.3330190077165543,"[-0.46799812937476304, 1.3748625190854682]",1.452332329559704,1,1.452332329559704,10,23.761777563979905,moving,1849,[],[],0.0,[],,21.450270822426972,0,0.0,[],0.0,0,0.0,,
300874,115,,122.01710646627596,120.32469797122268,11,3.2193422120811963,0.51261159857009,1.757416400722139,6.2802757898210375,4.865087743254395,0.3743778512958031,0.3189386617641732,"[0.0987843081858415, 2.13277707332324]",2.135063555034604,1,2.135063555034604,11,26.50776183315682,moving,1871,[],[],0.0,[],,17.610558772540113,0,0.0,[],0.0,0,0.0,,
301543,115,,121.82505120029944,121.04353155129527,12,3.077297215370752,0.4907565338395085,1.5190805621136796,6.270517055157774,4.789037739451899,0.3073622336967708,-0.0670156175990323,"[-0.19205526597650646, 0.718833580072598]",0.7440476738954935,1,0.7440476738954935,12,28.669485241312383,moving,1880,[1971],[1971],1.0,[1971],[52.01040016085159],88.8740591828799,0,0.0,[1966],1.0,0,0.0,[27.876008372529952],[27.876008372529952]
293650,115,,122.19208960704869,121.14936497439736,13,3.131473846168469,0.5218126561756559,1.6566618653179592,6.001145830994051,4.92212524610627,1.5511449523535727,1.243782718656802,"[0.3670384067492449, 0.10583342310206945]",0.3819920227891229,1,0.3819920227891229,13,30.411962731791448,moving,1893,[1975],[1975],1.0,[1975],[44.02789786229951],87.33652498747689,0,0.0,[1975],1.0,0,0.0,[44.02789786229951],[44.02789786229951]
328683,115,,122.02541306930264,121.84785664686832,15,3.22143854069242,0.4992847657666566,1.2771807421923302,6.452106616443363,4.898887744944374,1.2932776452472572,-0.3690492901308104,"[0.08179270226733593, 0.06215062270145211]",0.1027265595957117,1,0.1027265595957117,15,34.514633994024514,moving,1914,[1870],[1870],1.0,[1870],[34.720509384209066],144.59989682334927,1,1.0,[1974],1.0,1,1.0,[41.97305901738902],[41.97305901738902]
327124,115,,121.67736967973688,120.98550763821603,18,3.2015964373654584,0.5150016139870611,1.4386089496929184,6.216672628614122,4.884100244205012,1.0817999679009451,0.3594292915313452,"[0.0006246765064474857, -0.13824084311423235]",0.1382422544870833,1,0.1382422544870833,18,40.462588614939214,moving,1925,[1903],[1903],1.0,[1903],[34.983138509044764],42.98243675870808,0,0.0,[1903],1.0,0,0.0,[34.983138509044764],[34.983138509044764]
319990,115,,121.76814078823196,120.74908364055848,20,3.257298063604606,0.4921772647549864,1.3336326904518505,6.6181400419341605,4.869312743465644,2.7132784537003607,2.5822991882055097,"[0.04031002971237285, 0.13370609337094663]",0.1396503415675475,1,0.1396503415675475,20,45.23004179141456,moving,1922,[],[],0.0,[],,23.08208329593212,0,0.0,[],0.0,0,0.0,,
326798,115,,122.195905373992,120.30744209472228,21,3.175438954688302,0.4996731310415483,1.3532895681111528,6.355032435042541,4.797487739874386,2.079338349015228,-0.633940104685133,"[0.4277645857600305, -0.4416415458361769]",0.6148412769479765,1,0.6148412769479765,21,47.335815262565134,moving,1899,[1991],[1991],1.0,[1991],[17.515723430606243],84.19040546384267,0,0.0,[1868],1.0,1,1.0,[37.75557172610064],[37.75557172610064]
324755,115,,123.55065249938076,121.37643429419288,22,3.2153267175141584,0.5189845759716294,1.0990456532446755,6.195418643212099,4.958037747901875,1.469399773933051,-0.6099385750821766,"[1.3547471253887693, 1.0689921994705855]",1.7257126343276548,1,1.7257126343276548,22,49.7645341598321,moving,1935,[],[],0.0,[],,59.16136117719534,0,0.0,[],0.0,0,0.0,,
327417,115,,123.4447808881051,122.1874639072736,23,3.1720978544721707,0.4992317170796843,1.2553637283613344,6.353958985273887,4.856637742831879,1.0325605425036164,-0.4368392314294347,"[-0.10587161127565992, 0.8110296130807342]",0.8179106499905658,1,0.8179106499905658,23,52.43575356669639,moving,1936,[],[],0.0,[],,36.256011118541835,0,0.0,[],0.0,0,0.0,,
331663,115,,124.1407841136871,123.45251145799884,25,3.164323462141784,0.5354231971311465,0.9114661165205932,5.909948390537728,5.04676275233814,1.4513083397564914,0.9689527302797796,"[0.21204673873749869, -0.05033468274929476]",0.2179389815904469,1,0.2179389815904469,25,56.51820981727041,moving,1984,[],[],0.0,[],,146.24186331990404,0,0.0,[],0.0,0,0.0,,
330272,115,,123.84109003762175,123.2970109862188,26,3.1444301308058,0.5445197088207452,0.8207729047819491,5.774685617193958,5.122812756140633,2.429906106420776,0.9785977666642848,"[-0.29969407606533593, -0.15550047178003013]",0.3376343228293997,1,0.3376343228293997,26,58.68714377653476,moving,1984,[],[],0.0,[],,156.4468741548613,0,0.0,[],0.0,0,0.0,,
334234,115,,124.62642944465756,124.26600457168864,27,3.1106622776926955,0.5446857135415095,0.9824520778820915,5.710930542803079,5.046762752338132,2.730513058455547,0.3006069520347707,"[0.7853394070358064, 0.9689935854698177]",1.2472796610724497,1,1.2472796610724497,27,60.38944184330101,moving,2016,[],[],0.0,[],,7.309448323486419,0,0.0,[],0.0,0,0.0,,
351735,115,,125.55587455559169,125.15317339609828,28,3.155373141918424,0.5321075761182188,0.8635449055777144,5.929953422082816,5.08478775423939,0.1275739397491826,-2.602939118706364,"[0.9294451109340969, 0.887168824409656]",1.2848878306076787,1,1.2848878306076787,28,62.35631309539063,moving,2028,[],[],0.0,[],,163.8294412049686,1,0.0,[],0.0,1,0.0,,
347906,115,,125.38647978006595,124.86168641945817,29,3.197687592905875,0.5236393215081495,0.8757524171748766,6.106660561120807,4.974937748746898,2.859363160729154,2.7317892209799712,"[-0.16939477552571702, -0.29148697664011536]",0.3371338718168247,1,0.3371338718168247,29,64.19060350653214,moving,2023,[],[],0.0,[],,5.841702267601601,0,0.0,[],0.0,0,0.0,,
341026,115,,124.74886960042652,123.98422951871176,30,3.184324473671692,0.503365921918892,1.1611594030925236,6.32606287992771,4.949587747479379,0.1019569384909115,-2.7574062222382425,"[-0.637610179639438, -0.8774569007463953]",1.0846554078818331,1,1.0846554078818331,30,66.40928243003967,moving,2003,[],[],0.0,[],,164.6470605975028,1,0.0,[],0.0,1,0.0,,
354522,115,,125.0115176925374,124.68109637607998,31,3.15440568471088,0.5125501297221611,1.2234925371363667,6.154335940605057,4.930575246528779,2.873633311157063,2.7716763726661515,"[0.26264809211089357, 0.6968668573682066]",0.7447197037729919,1,0.7447197037729919,31,69.20871723386227,moving,2018,[2105],[2105],1.0,[2105],[90.34405388356112],11.94168331936556,0,0.0,[2105],1.0,0,0.0,[90.34405388356112],[89.65594611643888]
355479,115,,125.495560717021,125.43817608921212,32,3.268452739417698,0.4972503706877397,1.167359210181968,6.573052393901987,4.928462746423134,0.2084216921533678,-2.665211619003695,"[0.48404302448358294, 0.7570797131321569]",0.8985918659700206,1,0.8985918659700206,32,71.5326820999159,moving,2030,[],[],0.0,[],,31.493124708488967,0,0.0,[],0.0,0,0.0,,
357073,115,,125.57009738845171,129.32041058125384,33,2.1663872545522773,0.5062513716029123,2.9502778899581825,4.279271871783734,3.306062665303144,0.54965871790429,0.3412370257509222,"[0.07453667143072096, 3.882234492041704]",3.882949956745036,1,3.882949956745036,33,73.2733925885613,moving,2120,[2089],[2089],1.0,[2089],[47.0915458093616],165.97677659102143,0,0.0,[],0.0,0,0.0,,
353409,115,,126.23702675919112,126.4138789362699,34,3.1922701691657034,0.5082678226100746,1.5422490856209667,6.2806851568384685,4.877762743888132,2.896841233360378,2.347182515456088,"[0.6669293707393962, -2.906531644983943]",2.982066563450238,1,2.982066563450238,34,70.5002142394903,moving,2052,[2145],[],1.0,[2145],[71.76573609898941],170.0114794084302,0,0.0,[2145],1.0,0,0.0,[71.76573609898941],[71.76573609898941]
357811,115,,126.21912184456008,126.76312982981764,35,3.181282125231744,0.4921033395952504,1.5098408999854875,6.46466274309033,4.77002523850125,2.9672600818636123,0.0704188485032344,"[-0.017904914631031943, 0.3492508935477474]",0.3497095546476311,1,0.3497095546476311,35,70.79315112356299,moving,2062,[],[],0.0,[],,114.09774433033284,0,0.0,[2154],1.0,1,1.0,[77.020291560035],[77.020291560035]
363029,115,,125.85424655369052,126.57695551552786,40,3.3054626465853185,0.5046695119171595,1.2086610354515837,6.549756956841696,5.046762752338131,1.2492735315800578,-1.03789810806333,"[-0.218410905861532, 0.11267281401002549]",0.2457610360008127,1,0.2457610360008127,40,71.22533723390252,moving,2079,[],[],0.0,[],,29.630148264232503,0,0.0,[],0.0,0,0.0,,
372575,115,,125.23058411169124,126.60524981472108,42,3.076528788864622,0.5099152833952525,0.9296737358070132,6.033411605903762,4.939025246951253,0.2485543617950902,-0.1151312571996483,"[-0.16895018392359873, -0.023115272048300994]",0.1705241345079481,1,0.1705241345079481,42,71.7140335927331,moving,2072,[],[],0.0,[],,57.52345062700535,0,0.0,[],0.0,0,0.0,,
374097,115,,124.16476999646082,125.08729505831651,43,3.305029156135031,0.4975868380834888,1.0562325419272751,6.642115311700605,4.99183774959188,0.8226638682664098,0.5741095064713195,"[-1.065814115230424, -1.5179547564045777]",1.8547631575798813,1,1.8547631575798813,43,72.23143761305971,moving,2048,[],[],0.0,[],,0.5719757476972446,0,0.0,[],0.0,0,0.0,,
389891,115,,123.11897563767243,123.5657791679042,44,3.194114793945942,0.5183367281788144,0.966551141861786,6.162238985395697,5.042537752126883,0.0099828600388732,-0.8126810082275365,"[-1.0457943587883847, -1.521515890412303]",1.8462655403951924,1,1.8462655403951924,44,75.25946692751967,moving,2041,[],[],0.0,[],,67.04132094707812,0,0.0,[],0.0,0,0.0,,
371798,115,,122.7893193709429,123.63310921413064,45,3.2160763529260445,0.5114169591000943,0.8103872486767273,6.288560235830183,5.105912755295625,1.1700917854126691,1.160108925373796,"[-0.3296562667295291, 0.06733004622641658]",0.3364618690415034,1,0.3364618690415034,45,81.28199200718512,moving,2054,[],[],0.0,[],,32.68670889969646,0,0.0,[],0.0,0,0.0,,
381132,115,,122.38672710336964,123.47741292298672,46,3.240067135216575,0.5226371301537333,0.6772994100664449,6.199458378059576,5.154500257725012,0.5704906919404918,-0.5996010934721775,"[-0.4025922675732687, -0.15569629114389727]",0.4316501696811338,1,0.4316501696811338,46,87.83331449427264,moving,2048,[],[],0.0,[],,152.48304884409546,0,0.0,[],0.0,0,0.0,,
383193,115,,122.67422030154904,123.80420093384384,47,3.190966206893518,0.5236048415668741,0.7207652775021633,6.094225938294675,5.082675254133767,2.66133125580876,2.090840563868268,"[0.2874931981794049, 0.32678801085711484]",0.4352502073972767,1,0.4352502073972767,47,95.15809468251956,moving,2059,[],[],0.0,[],,171.86489008019143,0,0.0,[],0.0,0,0.0,,
378869,115,,121.60838466276618,122.89308530194778,48,1.6686654223111552,0.5272009636503199,0.6187490019827449,3.16514107022373,2.5519001275950064,2.999608200477504,0.3382769446687446,"[-1.0658356387828576, -0.9111156318960667]",1.402190180961567,1,1.402190180961567,48,103.92327997261322,moving,2045,[2077],[2077],1.0,[2077],[1.7332051002281048],165.6980033386038,0,0.0,[],0.0,0,0.0,,
384703,115,,122.41740650295075,124.04109671986583,50,3.231251166271033,0.5128790481888854,0.7349385901786553,6.300220642043098,5.031975251598764,0.1261254601511192,-2.739862476999664,"[0.18999094897429813, 0.21925092070942753]",0.2901164023699557,1,0.2901164023699557,50,123.7101772706704,moving,2042,[],[],0.0,[],,124.84570422636504,0,0.0,[2059],1.0,1,1.0,[41.421009599623844],[41.421009599623844]
387829,115,,121.65895326679762,124.04542881464792,52,3.2542628416713435,0.5159866175026212,0.1414491115815079,6.306874502718691,5.156612757830619,0.7892319013585797,-1.3473010127277525,"[-0.12169649850018516, -0.09078760859182466]",0.1518302592404686,1,0.1518302592404686,52,139.43831379526767,moving,2077,[],[],0.0,[],,179.1331287931138,0,0.0,[],0.0,0,0.0,,
385913,115,,123.22679605154516,124.06019530357186,53,1.601502897409478,0.5157923736285881,0.1356130557421999,3.104937140002556,2.5645751282287548,2.510063865679553,1.7208319643209733,"[1.5678427847475405, 0.01476648892392518]",1.5679123211710733,1,1.5679123211710733,53,144.5351806857678,moving,2081,[2078],[],1.0,[2078],[169.7855293079423],,0,0.0,[2084],1.0,0,0.0,[93.59752429464507],[86.40247570535493]
399293,115,,121.20140168143423,124.26499050615284,56,3.234598912325336,0.5129650983115321,-0.3238597049000435,6.30569004201707,5.169287758464392,0.1791524709439909,-0.1073683552223135,"[-0.026416171603187877, 0.015669402331070614]",0.0307139103922315,1,0.0307139103922315,56,153.73857437347766,moving,2081,[],[],0.0,[],,,0,0.0,[],0.0,0,0.0,,
316011,117,,70.77776303658108,92.86562119818046,20,2.0683243479947566,0.5168893374481693,-0.3581495745960681,4.001483873135913,3.2342376617118864,0.0616624662731667,-1.1629429031387708,"[-0.1371964736265312, 0.03944852640358931]",0.1427552402224526,1,0.1427552402224526,20,6.571174469055952,moving,1484,[],[],0.0,[],,,0,0.0,[],0.0,0,0.0,,
323358,117,,71.30285548752644,94.22920148267148,21,2.0169111468730447,0.5226824569296264,2.325934114740452,3.8587695457025832,3.145512657275627,1.6583976157125069,1.59673514943934,"[0.5250924509453654, 1.3635802844910074]",1.46118899335178,1,1.46118899335178,21,6.977350270933743,moving,1492,[],[],0.0,[],,,0,0.0,[],0.0,0,0.0,,
350195,117,,70.3090432895533,93.22219596594331,31,2.09793988016151,0.5114137113282418,2.753187956972602,4.102236278946743,3.263812663190637,2.384979117535476,1.6599893949371414,"[0.1383835832052398, 0.011485574656575182]",0.1388594056083825,1,0.1388594056083825,31,11.018990252757936,moving,1499,[],[],0.0,[],,171.27891138384396,0,0.0,[],0.0,0,0.0,,
350846,117,,71.68840269310361,94.2487185724248,32,1.3703568041550225,0.4912060195464144,0.3308654238075105,2.789780152573102,2.03222510161126,0.5569720179356995,-1.8280070995997764,"[1.3793594035503105, 1.0265226064814783]",1.719412988720335,1,1.719412988720335,32,11.735745892180034,moving,1526,[],[],0.0,[],,177.09654111512597,0,0.0,[],0.0,0,0.0,,
362397,117,,69.69114560764577,92.91403001015117,40,2.112945640780747,0.4906160430470184,2.7013629515635142,4.306719420869512,3.242687662134379,0.7571095150048875,-0.212607374640859,"[-0.0056050382903976015, -0.15428372007740165]",0.1543855004045355,1,0.1543855004045355,40,20.28747086802429,moving,1531,[],[],0.0,[],,56.608529856729504,0,0.0,[],0.0,0,0.0,,
361458,117,,68.76722018764113,93.30346179203453,41,1.0281504124068843,0.5067535902564881,2.741033325026629,2.028896158163372,1.5632500781624958,1.933382702986599,1.1762731879817117,"[-0.9239254200046361, 0.38943178188337413]",1.0026441514673103,1,1.0026441514673103,41,21.70229568421348,moving,1528,[1514],[1514],1.0,[1514],[3.348594814456888],174.805678267065,0,0.0,[],0.0,0,0.0,,
369444,117,,69.3297784628127,93.00371930623578,43,2.090101712646315,0.5357237304283047,2.7291772055947545,3.901454413780222,3.358875167943752,3.123078234327988,0.0635227963567297,"[-0.2656441419083251, 0.1324155570593888]",0.2968176037258548,1,0.2968176037258548,43,24.61001899787952,moving,1516,[],[],0.0,[],,171.32569912895502,0,0.0,[],0.0,0,0.0,,
377572,117,,67.33767352609496,93.70428495130712,46,1.046683522725347,0.5277374499148272,2.870699508783474,1.9833413810110951,1.7005625850281243,0.5254402238979594,0.3836052413595082,"[-0.310361745663684, -0.06917124553062592]",0.3179765311774871,1,0.3179765311774871,46,28.78444010548668,moving,1545,[],[],0.0,[],,53.154301234080144,0,0.0,[],0.0,0,0.0,,
380695,117,,67.03032822367763,93.49869826621752,47,1.0620718232159585,0.5224678804717623,2.8618345026053813,2.032798307633688,1.660425083021258,0.3702658452415776,-0.1551743786563818,"[-0.3073453024173318, -0.20558668508959954]",0.3697661693613023,1,0.3697661693613023,47,29.77792035806017,moving,1548,[1534],[],1.0,[1534],[27.10051016264252],119.99637349322536,0,0.0,[],0.0,0,0.0,,
375787,117,,67.70544123612699,93.1661410295432,48,2.125877207726614,0.54318874631615,-0.3032607931718657,3.91369891615777,3.424362671218132,2.094331807909649,1.7240659626680714,"[0.6751130124493585, -0.3325572366743046]",0.7525768367701049,1,0.7525768367701049,48,30.627697034970502,moving,1529,[],[],0.0,[],,170.71335089554452,0,0.0,[],0.0,0,0.0,,
382888,117,,66.49336849650969,93.53527453269442,49,1.0686776055979452,0.533530291875237,2.902621998544478,2.003030796699073,1.6815500840775042,2.9795100502396683,0.8851782423300194,"[-1.2120727396172981, 0.36913350315120397]",1.2670358595051927,1,1.2670358595051927,49,32.228089286750574,moving,1541,[],[],0.0,[],,0.1341646380755119,0,0.0,[],0.0,0,0.0,,
381879,117,,66.06220434252936,93.66548194233432,50,1.0647548698638007,0.5074589659358255,2.9455487201711223,2.098208803740897,1.6224000811199994,0.0023416146740694,-2.977168435565599,"[-0.43116415398033325, 0.13020740963989397]",0.450395933821241,1,0.450395933821241,50,32.701679057852274,moving,1548,[1536],[],1.0,[1536],[26.485140797213614],178.66903996437574,1,1.0,[1560],1.0,0,0.0,[4.408640464920758],[4.408640464920758]
375116,117,,66.70784326383115,93.45402087726872,51,2.1293469685794704,0.5320508988345977,2.864758181300361,4.00214899221782,3.494075174703756,3.118363018755675,3.116021404081605,"[0.6456389213017957, -0.21146106506559192]",0.6793860454398668,1,0.6793860454398668,51,32.66711409743659,moving,1539,[],[],0.0,[],,5.039402027613017,0,0.0,[],0.0,0,0.0,,
386265,117,,67.38449761957693,93.2966161535608,52,1.1014548204439083,0.5224680839882146,2.832604057914645,2.108176277555653,1.7322500866125066,0.0879541577135051,-3.0304088610421696,"[0.6766543557457823, -0.1574047237079128]",0.6947210693474785,1,0.6947210693474785,52,33.37465342850609,moving,1553,[1558],[1558],1.0,[1558],[12.835609486401447],161.99678819155048,1,1.0,[],0.0,0,0.0,,
398449,117,,66.15871526609513,93.19136046835294,58,1.1212299110467965,0.5132427160757681,2.75378148285075,2.1845997535428703,1.7174625858731258,0.4791881428598566,-0.562410300714866,"[-0.18963062567496536, 0.014399161512983483]",0.190176523383292,1,0.190176523383292,58,46.80581078971744,moving,1571,[1576],[1576],1.0,[1576],[4.151285266421699],,0,0.0,[],0.0,0,0.0,,
399581,117,,65.1895984709563,93.43902872830856,59,2.1349366658780333,0.5196216696992282,-0.3110872405831642,4.108636706998373,3.388450169422502,0.1744182219048285,-0.304769920955028,"[-0.9691167951388309, 0.24766825995563124]",1.0002634301070938,1,1.0002634301070938,59,54.661138466678814,moving,1569,[],[],0.0,[],,,0,0.0,[],0.0,0,0.0,,
279978,118,,65.0404943633033,10.781185468628134,1,1.8208889985879124,0.5075155849184639,-0.2147735472812327,3.587848437955756,2.8117376405868777,,,"[0.04692781961334447, 0.1037463752253256]",0.1138662839740397,1,0.1138662839740397,1,0.9426291355578188,moving,193,[],[],0.0,[],,,0,0.0,[],0.0,0,0.0,,
289636,118,,65.59034086724672,11.01223441124752,2,1.8327636119299109,0.5064443514945561,-0.0753169770401807,3.6188844964333886,2.8075126403756223,0.7482013775666859,,"[0.5498465039434279, 0.23104894261938647]",0.5964183026906088,1,0.5964183026906088,2,2.6271884396871794,moving,202,[],[],0.0,[],,,0,0.0,[],0.0,0,0.0,,
283872,118,,67.3571557952049,11.463331158075302,4,1.8277593145698432,0.5256240719305748,0.1136093289809455,3.4773128023924604,2.8603251430162544,0.0354474408961683,-0.1185056764389673,"[0.30297479716071507, 0.08689136467944536]",0.3151885736673092,1,0.3151885736673092,4,7.537751227705309,moving,222,[],[],0.0,[],,7.343542511872748,0,0.0,[],0.0,0,0.0,,
294175,118,,68.08028495946824,11.551851578629428,5,1.8173799703929647,0.5139789845021553,0.0761570851104802,3.535903266849122,2.784275139213753,0.1574906304793085,0.1220431895831401,"[0.7231291642633408, 0.08852042055412568]",0.7285270434673492,1,0.7285270434673492,5,10.15608681426175,moving,219,[],[],0.0,[],,24.522033703464736,0,0.0,[],0.0,0,0.0,,
288916,118,,68.45146429631757,11.779320022373584,6,1.8382877871954184,0.4749820773479014,0.2328166923819312,3.870225582951757,2.6913251345662537,0.4279902274104784,0.2704995969311699,"[0.37117933684932325, 0.2274684437441561]",0.4353343462251648,1,0.4353343462251648,6,12.568595752286196,moving,210,[],[],0.0,[],,159.71023292895927,1,0.0,[190],1.0,1,1.0,[68.039740650694],[68.039740650694]
281260,118,,67.02792899199085,11.497160830559784,7,1.8171883231181076,0.5052237752073914,0.2793907249457956,3.5967989083098124,2.644850132242502,2.7874694137374054,2.359479186326927,"[-1.4235353043267196, -0.28215919181379867]",1.451229331356551,1,1.451229331356551,7,14.800863313649195,moving,207,[],[],0.0,[],,9.922617614782116,0,0.0,[],0.0,0,0.0,,
280835,118,,66.66254549229319,11.355922557680175,9,1.7823968749867252,0.4963583515626732,0.4172639214638631,3.5909476880468465,2.7314626365731285,2.506334638686069,2.307055196820123,"[0.008865348259874395, 0.014770043180030612]",0.0172263918250116,1,0.0172263918250116,9,19.912820015912764,moving,202,[],[],0.0,[],,11.38180893957358,0,0.0,[],0.0,0,0.0,,
279578,118,,64.91651456789793,11.055833609729374,10,1.8393862628553663,0.5009922017115347,0.1034066320152171,3.671486814707873,2.82863764143188,2.281587503785974,-0.2247471349000953,"[-1.7460309243952565, -0.3000889479508011]",1.771631272479342,1,1.771631272479342,10,21.3022740126414,moving,201,[],[],0.0,[],,42.523735463437966,0,0.0,[],0.0,0,0.0,,
280477,118,,64.54522038700364,10.575853542880486,11,1.849245048991848,0.5066951680749634,0.4241264771963444,3.649620453294435,2.8244126412206323,0.7421791940840693,-1.5394083097019045,"[-0.3712941808942958, -0.4799800668488885]",0.6068280096849762,1,0.6068280096849762,11,22.49102753162007,moving,188,[],[],0.0,[],,36.96951273235175,0,0.0,[],0.0,0,0.0,,
280181,118,,63.99457434525424,10.425148491819323,12,1.8174131969888765,0.5074876382060911,-0.2828888618423842,3.581196979325876,2.826525141326255,0.6452397200375097,-0.0969394740465595,"[-0.5506460417494026, -0.15070505106116094]",0.5708967294613203,1,0.5708967294613203,12,22.54470853086578,moving,182,[177],[177],1.0,[177],[96.38156053259345],35.04431998545749,0,0.0,[177],1.0,0,0.0,[96.38156053259345],[83.61843946740655]
279118,118,,63.02109122386688,10.774434395165557,13,1.850729843848392,0.5038178598258808,0.1914327424027604,3.673410554536521,2.8434251421712515,0.6116387678686774,-0.0336009521688323,"[-0.9734831213873534, 0.3492859033462299]",1.0342485339136125,1,1.0342485339136125,13,20.575592670388613,moving,190,[151],[],1.0,[151],[50.833790052589194],10.865893999760576,0,0.0,[151],1.0,0,0.0,[50.833790052589194],[50.833790052589194]
312063,118,,61.47725309748134,11.015422872139732,15,1.815636658575804,0.5143293953598193,1.0563837181172877,3.5301047829584085,2.820187641009378,1.6468281428099087,1.2518123748434562,"[0.008151041946327098, 0.31946605480558254]",0.3195700230901739,1,0.3195700230901739,15,15.369788477356082,moving,188,[],[],0.0,[],,71.83530071936276,0,0.0,[],0.0,0,0.0,,
306639,118,,61.30891634753759,12.04422746159952,16,1.8811996582013708,0.4938627961279112,0.3169081142970427,3.80915443104999,2.85187514259376,0.1876954845988407,-1.459132658211068,"[-0.16833674994374803, 1.0288045894597886]",1.0424855608952808,1,1.0424855608952808,16,12.695299512940403,moving,219,[],[],0.0,[],,82.78439196052538,0,0.0,[],0.0,0,0.0,,
307651,118,,62.14775552194775,12.292833640654136,17,1.85066634840276,0.5162404470850953,0.2395036988945342,3.5848921928771347,2.883562644178132,1.4448602089726916,1.2571647243738509,"[0.8388391744101611, 0.24860617905461524]",0.874903533419117,1,0.874903533419117,17,10.672340498870163,moving,222,[],[],0.0,[],,,0,0.0,[],0.0,0,0.0,,
310435,118,,63.04947506666426,13.364281139212675,18,1.831485101583832,0.5061454818391723,0.9014728455584092,3.618495407543292,2.868775143438759,0.5830824265368384,-0.8617777824358532,"[0.9017195447165065, 1.0714474985585412]",1.4003920449256697,1,1.4003920449256697,18,10.998611850175704,moving,231,[],[],0.0,[],,,0,0.0,[],0.0,0,0.0,,
295099,119,,112.74984364273428,93.49442181302992,8,3.216123819647266,0.5096191367789175,1.2824680099505463,6.310838011254829,4.888325244416255,0.6841906055277034,0.6668891458913088,"[-0.11362355763894527, 0.00890832617905346]",0.1139722383997222,1,0.1139722383997222,8,3.644440868330412,moving,1443,[],[],0.0,[],,,0,0.0,[],0.0,0,0.0,,
295124,119,,112.32056083047206,91.992243270761,9,1.5784790765978811,0.4993699146782013,1.3065448684450434,3.1609414788535424,2.3786751189337574,1.3706839804754516,0.6864933749477482,"[-0.42928281226222964, -1.5021785422689078]",1.5623137027360765,1,1.5623137027360765,9,4.114039425239912,moving,1439,[1479],[1479],1.0,[1479],[5.725101336195209],,0,0.0,[],0.0,0,0.0,,
291955,119,,112.35512216937994,92.46493186339264,10,3.22628024577099,0.5020679610463645,1.337207405864193,6.425983125963802,4.82283774114187,2.936224884101692,1.56554090362624,"[0.034561338907877825, 0.4726885926316271]",0.4739504106456428,1,0.4739504106456428,10,4.523942146792118,moving,1436,[],[],0.0,[],,153.97233582415228,0,0.0,[],0.0,0,0.0,,
295451,119,,112.14517170741462,92.1043382459191,11,3.0933585467308267,0.5115251639573262,1.4432604231259167,6.047324285670703,4.721437736071875,2.6873242171178764,-0.2489006669838152,"[-0.2099504619653203, -0.36059361747354046]",0.4172612532240508,1,0.4172612532240508,11,4.98100004224885,moving,1418,[],[],0.0,[],,60.90836975220073,0,0.0,[],0.0,0,0.0,,
331567,119,,111.62658271352944,92.11445737401304,14,3.036370755548644,0.534870759130874,1.4310706525617911,5.676830717914969,4.748900237445004,0.4990464331552179,-0.8746073642122936,"[-0.10284360827309058, 0.21586084491603685]",0.2391081598994359,1,0.2391081598994359,14,6.426354301698039,moving,1432,[],[],0.0,[],,97.54296629917104,0,0.0,[],0.0,0,0.0,,
324942,119,,111.81158924804976,93.32903382461063,15,3.0994428919132444,0.514200092673948,1.4854487880294105,6.02769804220667,4.740450237022511,0.5957782453442398,0.0967318121890218,"[0.18500653452032623, 1.2145764505976047]",1.2285859238008126,1,1.2285859238008126,15,7.032551880656608,moving,1439,[],[],0.0,[],,15.313376775386168,0,0.0,[],0.0,0,0.0,,
320801,119,,112.51201480804228,94.90412359150169,22,3.180126136201056,0.506448578923057,-1.3703683209697044,6.279267567427022,4.725662736283126,0.5089577939124572,-0.0587276820579412,"[0.14036903413008872, 0.17390865741975858]",0.2234897914182143,1,0.2234897914182143,22,13.373787184081298,moving,1493,[],[],0.0,[],,3.6630042852833538,0,0.0,[],0.0,0,0.0,,
333749,119,,112.78838629211636,95.65080425043838,27,3.108540259941398,0.5140622515189341,-1.228528340341624,6.047011331324924,4.810162740508141,0.7534061261047021,-1.0673056930935965,"[0.023783087496667576, 0.29146467785984953]",0.2924334004364413,1,0.2924334004364413,27,15.317843018157138,moving,1512,[],[],0.0,[],,4.790163936979685,0,0.0,[],0.0,0,0.0,,
350570,119,,113.1488645125308,96.94879609493114,31,3.175810087574911,0.5122073965909331,2.439067933988559,6.200242535957022,4.917900245895007,0.058475382999911,-0.4166598708670295,"[0.0911547945189426, 0.2758380841151933]",0.2905096301538575,1,0.2905096301538575,31,12.512308368728842,moving,1547,[],[],0.0,[],,26.03562969816894,0,0.0,[],0.0,0,0.0,,
348477,119,,113.64313002855094,97.50634956072932,34,3.0786463283175864,0.5429520645545937,1.9014933580819655,5.670199137824679,5.029862751493124,1.482694318022869,1.216304071307458,"[0.18851670049663483, -0.11220633883901598]",0.2193827906691725,1,0.2193827906691725,34,10.032745424007649,moving,1549,[],[],0.0,[],,142.15934949942013,1,0.0,[],0.0,0,0.0,,
358117,119,,113.5931402195657,96.73665705904844,39,3.171317471425903,0.5244634816910128,2.018324744101821,6.046784155878144,4.977050248852511,2.076761705398636,1.7006009464700442,"[-0.1385976416453616, 0.13900758531173096]",0.1962967525046052,1,0.1962967525046052,39,7.550576792408103,moving,1555,[1511],[1511],1.0,[1511],[48.5129413637856],,0,0.0,[1537],1.0,0,0.0,[15.510969585852294],[15.510969585852294]
362472,119,,114.1813467939113,95.63424633023575,40,1.573625174617291,0.4859806503931162,1.8854617064949384,3.2380408013042588,2.3237501161875014,2.8478080241905084,0.7710463187918721,"[0.5882065743456053, -1.1024107288126714]",1.249518462890676,1,1.249518462890676,40,5.30023555703447,moving,1569,[],[],0.0,[],,,0,0.0,[],0.0,0,0.0,,
294383,120,,28.87509366453379,92.75614231049336,7,2.0749378175140216,0.5244500597242734,0.2262455100756124,3.956406866661257,3.3525376676268737,1.28068110446236,-0.143413242813174,"[0.1106896990818349, 0.015310902215404099]",0.1117436047811096,1,0.1117436047811096,7,0.5006385551036269,moving,1460,[1456],[],1.0,[1456],[97.03746025513779],,0,0.0,[1456],1.0,0,0.0,[97.03746025513779],[82.96253974486221]
289597,120,,29.28078071494539,93.39300382863034,13,2.0800388698745063,0.5306632106317851,2.6077288938012204,3.919696764729743,3.299725164986253,0.5753046953507641,0.2418529758984973,"[0.16608711906135554, 0.06300095177803655]",0.1776345997913677,1,0.1776345997913677,13,0.6136633670734816,moving,1473,[],[],0.0,[],,,0,0.0,[],0.0,0,0.0,,
368701,120,,29.194112384288605,93.4375950417093,45,2.1978378939698584,0.5122495487232902,2.709073900865321,4.290560917911318,3.4560501728025064,2.830433729593666,2.507380421907476,"[0.03413718633634133, -0.02300778499827061]",0.0411668029058455,1,0.0411668029058455,45,1.5034479387284176,moving,1545,[],[],0.0,[],,45.83456425433507,0,0.0,[],0.0,0,0.0,,
377637,120,,28.863852182637007,94.52192606435209,46,1.7255026313767694,0.5064105228771206,-0.3957038391598784,3.4073198589426994,2.602600130130005,2.4594938228060705,-0.3709399067875956,"[-0.33026020165159764, 1.0843310226427718]",1.1335102855556596,1,1.1335102855556596,46,1.3894480037507235,moving,1554,[],[],0.0,[],,172.79181489116016,0,0.0,[],0.0,0,0.0,,
375070,120,,29.11929335192657,93.032424736137,51,2.2012924184592944,0.5152474013727901,2.754638693051421,4.272301835185041,3.4940751747037475,2.7656986909050474,0.6275844892241675,"[-0.009583971191286622, -0.02300821225642835]",0.0249244926735183,1,0.0249244926735183,51,1.6474534362308724,moving,1530,[],[],0.0,[],,160.72301340523256,0,0.0,[],0.0,0,0.0,,
386278,120,,29.268533500989523,93.91989557927708,52,1.7950179143461265,0.4722007663726646,2.798952731325072,3.801387126359477,2.621612631080628,2.913509278113108,0.1478105872080606,"[0.14924014906295113, 0.8874708431400649]",0.8999317304751897,1,0.8999317304751897,52,1.8020394374195077,moving,1557,[],[],0.0,[],,163.03838988934555,0,0.0,[1550],1.0,1,1.0,[43.2135762332487],[43.2135762332487]
390209,120,,28.89979771802729,93.18056363685716,54,2.1776385008173835,0.5187388473300787,-0.1663168880130329,4.197947603164045,3.4687251734362583,1.9316263573870065,-1.1814097247018425,"[-0.19823671153477207, 0.12318013852876675]",0.233390531787574,1,0.233390531787574,54,1.8170106105257489,moving,1541,[],[],0.0,[],,72.63439147444684,0,0.0,[],0.0,0,0.0,,
391682,120,,28.414714489495086,93.25862391200717,55,2.17526273249937,0.5416281333015309,-0.1632068737803261,4.016155363348482,3.475062673753131,0.3964377046058736,-1.5351886527811327,"[-0.48508322853220776, 0.07806027515000835]",0.4913238699266758,1,0.4913238699266758,55,1.9517330598689155,moving,1554,[],[],0.0,[],,72.88868087751781,0,0.0,[],0.0,0,0.0,,
397283,120,,28.273752706843307,94.26549835663678,56,1.8019628652307065,0.4850435154367119,2.9476314637876544,3.7150540268707606,2.64062513203126,1.272147468748117,0.8757097641422431,"[-0.14096178265177883, 1.0068744446296165]",1.0166938435028343,1,1.0166938435028343,56,2.2060365784077733,moving,1560,[],[],0.0,[],,,0,0.0,[],0.0,0,0.0,,
397589,120,,27.950445722263684,93.37380419414204,57,2.147291912439367,0.5132165648660437,-0.1997825055937171,4.183987929150023,3.445487672274373,2.654663094667584,1.3825156259194666,"[-0.3233069845796237, -0.8916941624947299]",0.9484966450679448,1,0.9484966450679448,57,1.6340824257133753,moving,1560,[],[],0.0,[],,,0,0.0,[],0.0,0,0.0,,
318079,121,,21.070118235818832,92.44931655344648,17,2.028904809453248,0.4913349446946006,1.310615483544436,4.12937209404952,3.006087650304372,3.098757543439117,2.443767417607214,"[0.04528226864143292, 0.09566526357434668]",0.1058410435892622,1,0.1058410435892622,17,0.8988185693296856,moving,1452,[],[],0.0,[],,,0,0.0,[],0.0,0,0.0,,
319226,121,,21.13562904515948,92.94845888459687,19,2.001285872912009,0.5147151340722865,1.4977728067612066,3.8881426646199,3.128612656430626,1.5257574748298457,1.4187655637961198,"[-0.09507832561802587, 0.03799099612629675]",0.1023875177401798,1,0.1023875177401798,19,0.9554785050134876,moving,1463,[],[],0.0,[],,,0,0.0,[],0.0,0,0.0,,
323187,121,,20.888731030693684,93.61937013709782,21,1.979224670771882,0.5114428159925432,1.7028077385226656,3.869884587059561,3.115937655796879,0.5544197943909854,-0.4832213673025027,"[-0.17499109998055928, 0.20464944289190612]",0.2692643302562997,1,0.2692643302562997,21,1.0432263896270906,moving,1470,[],[],0.0,[],,6.627969830454804,0,0.0,[],0.0,0,0.0,,
320811,121,,20.69576589172533,94.0008501664188,22,2.026332821720035,0.5099604996773175,1.7344370876149589,3.973509365925826,3.160300158015005,0.2391313312989575,-0.3152884630920278,"[-0.19296513896835776, 0.3814800293209828]",0.4275073772788202,1,0.4275073772788202,22,1.0752168305475165,moving,1494,[1471],[1471],1.0,[1471],[28.917218735941404],112.02634957344036,0,0.0,[1544],1.0,0,0.0,[97.6237156301519],[82.3762843698481]
375777,121,,20.827567926647117,94.01193048685008,48,2.0960986632546623,0.5158755950368525,1.479090819996397,4.063186325193235,3.238462661923126,2.1767994967382305,1.7148717148758692,"[-0.036933460204060964, -0.018445539010301104]",0.0412833912369792,1,0.0412833912369792,48,2.293202383891726,moving,1527,[],[],0.0,[],,99.56906827333133,0,0.0,[],0.0,0,0.0,,
382797,121,,20.79955777839624,93.67580800387634,49,2.077569886744905,0.5268932422020208,1.522365965133454,3.943056620089133,3.308175165408753,1.024466775810503,-1.1523327209277274,"[-0.028010148250871225, -0.33612248297373526]",0.3372875508604857,1,0.3372875508604857,49,2.2571868774086563,moving,1521,[],[],0.0,[],,3.642535801086629,0,0.0,[],0.0,0,0.0,,
375010,121,,20.720858410407416,93.14325361234704,51,2.086339530151184,0.4955512944662446,1.5834128424784977,4.21013839222914,3.1539626576981283,0.3722273765718933,0.2163793719723497,"[0.018118715350077252, -0.13518162004555734]",0.1363904624380992,1,0.1363904624380992,51,2.277245249484143,moving,1517,[],[],0.0,[],,139.80691042695966,1,0.0,[1487],1.0,1,1.0,[24.869687973958733],[24.869687973958733]
386166,121,,21.095087378739414,93.47318945204051,52,2.095766757608887,0.4968362288099761,1.4791853620193651,4.218224509570638,3.2025501601275064,2.1601372891681407,1.7879099125962474,"[0.3742289683320017, 0.3299358396934764]",0.498903777348973,1,0.498903777348973,52,2.3520161830176227,moving,1533,[],[],0.0,[],,41.14063165264206,0,0.0,[],0.0,0,0.0,,
383132,121,,21.19069110081758,94.20344635686162,53,2.04791646370945,0.5095953130722403,1.8692955702097889,4.018711340500764,3.181425159071257,0.7180394786888071,-1.4420978104793336,"[0.09560372207816314, 0.7302569048210898]",0.7364884375970046,1,0.7364884375970046,53,2.470308562859873,moving,1549,[1610],[1610],1.0,[1610],[83.73331538799029],87.10772022078216,0,0.0,[1610],1.0,0,0.0,[83.73331538799029],[83.73331538799029]
398498,121,,20.672956312085955,94.29800997166328,58,2.089890981447931,0.5297799658000093,2.949104420952553,3.944828261468951,3.3293001664650115,0.2610886907651871,-0.4072386647212048,"[-0.18728525625251535, -0.22512600023199525]",0.2928437863264759,1,0.2928437863264759,58,2.600282065091742,moving,1583,[],[],0.0,[],,,0,0.0,[],0.0,0,0.0,,
399647,121,,19.72133740833027,94.2899391461215,59,2.090172847298958,0.5206649100636845,0.1280906102316346,4.0144300238003385,3.341975167098748,0.8684158898533637,0.6073271990881766,"[-0.9516189037556835, -0.00807082554179317]",0.9516531280934744,1,0.9516531280934744,59,3.384734048399018,moving,1588,[],[],0.0,[],,,0,0.0,[],0.0,0,0.0,,
302551,122,,38.35848919425837,113.78075676609365,0,2.21082558469965,0.5160246752288931,-0.1238759111860618,4.284340828699701,3.591250179562522,,,"[0.0, 0.0]",0.0,0,0.0,0,0.0,moving,1754,[1768],[1768],1.0,[1768],[23.83874018317173],,0,0.0,[],0.0,0,0.0,,
304174,122,,37.38793635257686,113.7584681663662,2,2.2838507051444887,0.5199973990792781,2.8065956391294096,4.392042554805733,3.6144876807243778,0.3350760114555666,,"[-0.07921574689363808, 0.023135865614406725]",0.0825251648507582,1,0.0825251648507582,2,1.3705100651727309,moving,1757,[],[],0.0,[],,,0,0.0,[],0.0,0,0.0,,
306061,122,,39.82492420381654,114.51730604837832,3,2.0051014138047547,0.5022345132206195,0.2995294931346992,3.992360861357136,3.094812654740632,2.555567347750955,2.2204913362953884,"[2.436987851239685, 0.7588378820121306]",2.5523997959305813,1,2.5523997959305813,3,2.3687692873607924,moving,1784,[1761],[1761],1.0,[1761],[139.3311784528346],170.19750442505418,0,0.0,[],0.0,0,0.0,,
302157,122,,37.54680435014324,113.35162233064425,4,2.276675711954447,0.548738358601244,2.634742133745801,4.148927583188797,3.694762684738139,2.970506830894816,0.4149394831438608,"[-2.278119853673303, -1.1656837177340833]",2.559032746467076,1,2.559032746467076,4,3.6923140299462127,moving,1774,[],[],0.0,[],,90.3964338356441,0,0.0,[],0.0,0,0.0,,
305321,122,,38.084537129315386,112.31841207471751,5,2.221777489433733,0.5470613022270757,2.601913845816104,4.061295288825806,3.639837681991884,1.5777154024931972,-1.3927914284016187,"[0.5377327791721456, -1.0332102559267184]",1.1647660600946246,1,1.1647660600946246,5,5.241016810059741,moving,1742,[],[],0.0,[],,30.618239790127618,0,0.0,[],0.0,0,0.0,,
304237,122,,38.659042730723314,111.9609932361853,6,2.250214622286204,0.5430146492894646,2.643929644770014,4.143929864932028,3.6081501804075113,0.5343890955028412,-1.043326306990356,"[0.5745056014079282, -0.3574188385322259]",0.6766128229547609,1,0.6766128229547609,6,6.852099677405506,moving,1736,[],[],0.0,[],,4.258989547258171,0,0.0,[],0.0,0,0.0,,
297638,122,,39.306477399624185,111.48807749984036,7,2.2624227196438675,0.5363571173127964,2.606883445763235,4.218127524770875,3.5532251776612407,0.0743333904076463,-0.4600557050951949,"[0.6474346689008712, -0.47291573634493034]",0.8017611515766079,1,0.8017611515766079,7,8.484361238699176,moving,1737,[1729],[1729],1.0,[1729],[49.57392125990086],57.50193725114076,0,0.0,[1729],1.0,0,0.0,[49.57392125990086],[49.57392125990086]
298933,122,,39.27348711735236,110.97063399862084,8,2.2264701478155464,0.5207645258961839,-0.5908168935651199,4.275387506443556,3.6060376803018928,1.003598131307596,0.9292647408999498,"[-0.03299028227182532, -0.5174435012195318]",0.518494103803218,1,0.518494103803218,8,10.562629097398515,moving,1730,[],[],0.0,[],,27.945394737625794,0,0.0,[],0.0,0,0.0,,
297866,122,,39.455057117632734,110.56845171833328,9,2.272069915487277,0.5337566686864582,-0.6549379888464285,4.256752278296961,3.669412683470634,0.4877391489410649,-0.5158589823665312,"[0.18157000028037373, -0.40218228028756187]",0.4412689107325803,1,0.4412689107325803,9,12.650549103544884,moving,1726,[],[],0.0,[],,98.8962797302374,0,0.0,[],0.0,0,0.0,,
296313,122,,40.6849130930666,111.37305211517562,10,1.530020342534488,0.4916521313246632,1.204494193556901,3.1119977826845564,2.262487613124379,1.726065699265972,1.238326550324907,"[1.229855975433864, 0.8046003968423463]",1.469669186895215,1,1.469669186895215,10,14.845064010023844,moving,1755,[1732],[],1.0,[1732],[72.52663916307733],163.85633824474775,0,0.0,[1732],1.0,0,0.0,[72.52663916307733],[72.52663916307733]
291978,122,,39.30275731609819,109.76402977381416,13,2.331607671672063,0.4985927276915502,2.4697161432926986,4.676377215663062,3.529987676499384,0.573117618862703,-0.5045633683390824,"[-0.09140934335525941, 0.07746849991495708]",0.1198208518235178,1,0.1198208518235178,13,22.431771777646404,moving,1725,[1772],[1772],1.0,[1772],[28.767649338843803],83.9442110054766,0,0.0,[],0.0,0,0.0,,
332309,122,,38.99884187952978,109.97374104381343,14,2.2890832268002628,0.5119505451120072,2.459381134381632,4.471297567032466,3.534212676710631,0.0990306260554928,-0.4740869928072101,"[-0.3039154365684098, 0.20971126999927492]",0.3692470844154032,1,0.3692470844154032,14,25.16534117108469,moving,1738,[1790],[1790],1.0,[1790],[29.95294239455859],4.738399506194685,0,0.0,[1845],1.0,0,0.0,[28.43022949485767],[28.43022949485767]
321364,122,,38.1165792357418,110.480419428672,17,2.280020424194655,0.530088433355874,2.4418049967730893,4.30120764899612,3.625050181252504,0.9276541328050258,0.7669732005449874,"[-0.12984635639361386, 0.2715864884725505]",0.3010303921359905,1,0.3010303921359905,17,34.62006551185926,moving,1744,[1798],[1798],1.0,[1798],[30.66514085183529],15.533496410326526,0,0.0,[],0.0,0,0.0,,
326088,122,,37.87322651733688,110.72721117464438,18,2.230730007486457,0.5410475240182572,2.355708053948222,4.122983487511871,3.610262680513139,0.3324047396499983,-0.5952493931550276,"[-0.24335271840492112, 0.24679174597238784]",0.3465930054619747,1,0.3465930054619747,18,38.08743482216016,moving,1767,[1821],[1821],1.0,[1821],[23.782504449385854],8.920298195666938,0,0.0,[1844],1.0,0,0.0,[13.462023113918981],[13.462023113918981]
324474,122,,37.631272667316935,111.0642022744794,19,2.269797795267424,0.5293132591830874,2.321318995641158,4.28819372250471,3.646175182308755,0.1556885737741117,-0.1767161658758866,"[-0.2419538500199394, 0.33699109983501785]",0.4148549950374062,1,0.4148549950374062,19,41.77265418520585,moving,1766,[1824],[],1.0,[1824],[16.669381206001752],13.441909706724797,0,0.0,[1825],1.0,0,0.0,[2.7292715061072172],[2.7292715061072172]
318810,122,,36.9471520423731,111.65639642053084,20,2.3149782339621647,0.5364545955189188,2.25322989259688,4.31532929962667,3.713775185688758,0.2346055821381588,0.0789170083640471,"[-0.6841206249438372, 0.5921941460514262]",0.9048286777568028,1,0.9048286777568028,20,45.583776239778686,moving,1783,[1840],[],1.0,[1840],[20.681800904883453],10.025460194773965,0,0.0,[],0.0,0,0.0,,
325897,122,,36.30421414581647,112.0405002247215,21,2.248315969823497,0.5187796666268613,2.338979983764503,4.333855226906235,3.553225177661256,0.1749772894264153,-0.0596282927117435,"[-0.6429378965566315, 0.3841038041906728]",0.7489358258371758,1,0.7489358258371758,21,49.45152410372823,moving,1782,[1831],[],1.0,[1831],[31.771549977095404],18.102948421587016,0,0.0,[1856],1.0,0,0.0,[51.0940685581148],[51.0940685581148]
323606,122,,35.09811486042172,112.31345646203133,22,2.2888602388013592,0.5023845802871246,2.2691417408366616,4.555992219134636,3.555337677766881,0.3159560542754254,0.14097876484901,"[-1.2060992853947496, 0.27295623730981333]",1.2366004179669587,1,1.2366004179669587,22,53.48987700204022,moving,1801,[1851],[],1.0,[1851],[42.951577252595534],29.83818644942055,0,0.0,[1912],1.0,0,0.0,[58.914367890226096],[58.914367890226096]
331176,122,,34.35892984114659,112.08624824973003,25,2.3384325805092,0.5134494605921646,1.9825772280742504,4.554357848214059,3.673637683681887,1.7644375681920843,0.0511500729355094,"[-0.12365863886270034, -0.0285846128281122]",0.1269194195381811,1,0.1269194195381811,25,65.0791367719192,moving,1800,[1864],[1864],1.0,[1864],[33.0244847477382],77.37861204155988,0,0.0,[],0.0,0,0.0,,
329180,122,,34.10986395139628,112.52277279972742,26,2.305586086696795,0.5118197020810701,2.0326188708415747,4.504684124745945,3.690537684526882,1.279468390936623,-0.4849691772554616,"[-0.2490658897503124, 0.43652454999738666]",0.5025808394552419,1,0.5025808394552419,26,68.8538158522828,moving,1803,[1868],[1868],1.0,[1868],[42.78227056037694],14.226424435091388,0,0.0,[],0.0,0,0.0,,
334050,122,,33.5803150471543,113.07240201654616,27,2.3237901856170464,0.5445954343494784,-1.1134446444118464,4.267002694197801,3.73701268685064,0.248297947178519,-1.031170443758104,"[-0.5295489042419774, 0.5496292168187438]",0.7632262560765743,1,0.7632262560765743,27,72.50367271090492,moving,1826,[1889],[1889],1.0,[1889],[41.47555061691921],3.2911719559441317,0,0.0,[],0.0,0,0.0,,
350184,122,,32.987562835755064,113.76293215145616,28,2.321359738779193,0.5311674719467409,1.875872194619363,4.370297244052535,3.69053768452688,0.0574417868805346,-0.1908561602979844,"[-0.5927522113992367, 0.6905301349100057]",0.9100478291482904,1,0.9100478291482904,28,75.94970472359583,moving,1827,[1896],[1896],1.0,[1896],[46.7357045889284],2.216276877069546,0,0.0,[],0.0,0,0.0,,
346283,122,,32.625813244379735,114.21891201548776,29,2.327387805952063,0.5357167129559889,-1.5160268605513356,4.344437553777171,3.7053251852662568,0.0386813286406438,-0.0187604582398907,"[-0.3617495913753288, 0.4559798640315762]",0.5820484543940239,1,0.5820484543940239,29,79.27674621558309,moving,1836,[1904],[1904],1.0,[1904],[36.08747233010996],25.361282919534933,0,0.0,[],0.0,0,0.0,,
339821,122,,32.53898208148572,114.59307347001275,30,2.338367360597549,0.5160506019931437,-1.5159753578177058,4.531275327586222,3.6651876832593926,0.4426378894757322,0.4039565608350883,"[-0.08683116289401482, 0.3741614545250229]",0.3841047316837007,1,0.3841047316837007,30,82.24854014304438,moving,1849,[1922],[1922],1.0,[1922],[44.0058129444932],11.272812025027829,0,0.0,[],0.0,0,0.0,,
354457,122,,32.50473501617785,115.68741114039798,32,2.373676504191724,0.5411168680928145,1.5314609002856685,4.386624487530449,3.7222251861112703,0.0769848493360028,-0.0983963428320636,"[0.007400390104827181, 0.3040600329550216]",0.3041500771236339,1,0.3041500771236339,32,87.8467954218831,moving,1870,[1941],[1941],1.0,[1941],[36.762645730136015],4.447198731123082,0,0.0,[],0.0,0,0.0,,
355836,122,,32.53817036196485,116.40851539820306,33,2.341316642727312,0.5184320430693619,1.46006592921799,4.516149559092865,3.665187683259392,0.0219999046396723,-0.0549849446963305,"[0.03343534578700513, 0.7211042578050808]",0.7218789877621546,1,0.7218789877621546,33,90.33143382315885,moving,1885,[1953],[1953],1.0,[1953],[33.658040821929646],16.736528207505604,0,0.0,[],0.0,0,0.0,,
352372,122,,32.33865181060385,117.20390106201867,34,2.3154049139496333,0.5075121119076793,1.3258585453220275,4.562265332439642,3.6187126809356287,0.2921075225738729,0.2701076179342005,"[-0.1995185513610025, 0.7953856638156225]",0.8200280522888296,1,0.8200280522888296,34,92.59728206824168,moving,1913,[1976],[1976],1.0,[1976],[37.752731106512314],27.15066407680201,0,0.0,[1970],1.0,0,0.0,[70.34617594194668],[70.34617594194668]
362898,122,,32.536124165570904,118.05458204741728,40,2.399394347847513,0.5102310900528069,1.2360392814511378,4.702563984486296,3.739125186956258,2.451089576131187,0.5310398161792813,"[0.049075854800570085, 0.07082839518302819]",0.0861690262716821,1,0.0861690262716821,40,104.98076451873088,moving,1943,[2006],[2006],1.0,[2006],[34.892440147647534],5.966419984605957,0,0.0,[2022],1.0,0,0.0,[41.47643702967916],[41.47643702967916]
362150,122,,32.6634715230764,118.42368714592294,41,2.383086426928834,0.5128755558307683,1.1571902457628822,4.646519803558688,3.677862683893129,0.2737057603619003,-2.177383815769286,"[0.1273473575054993, 0.3691050985056705]",0.3904560451657961,1,0.3904560451657961,41,105.84626717244282,moving,1937,[2000],[2000],1.0,[2000],[32.493111103671],0.6615227807871121,0,0.0,[2024],1.0,0,0.0,[48.391982167092905],[48.391982167092905]
371901,122,,32.82156434001633,118.86530089909012,42,2.387418707216463,0.5105608323479337,1.1281265583384916,4.676071010456009,3.669412683470624,0.0115457506016934,-0.262160009760207,"[0.15809281693992716, 0.4416137531671751]",0.4690586805021307,1,0.4690586805021307,42,106.35775735399024,moving,1942,[2006],[2006],1.0,[2006],[32.14190982700181],3.573799293484337,0,0.0,[2035],1.0,0,0.0,[61.38954033403479],[61.38954033403479]
373542,122,,32.950196586299235,119.16440397500244,43,2.353217873001631,0.5227111587049287,1.1214437706639913,4.50194688560308,3.606037680301888,0.0623745644767488,0.0508288138750554,"[0.12863224628290482, 0.29910307591232765]",0.3255900870788322,1,0.3255900870788322,43,106.41474729854704,moving,1961,[2013],[2013],1.0,[2013],[44.55014944744673],51.63346079615901,0,0.0,[2035],1.0,0,0.0,[59.10665731906078],[59.10665731906078]
380754,122,,33.29543453920375,119.25753005894306,46,2.368744673899537,0.5285961673991314,0.8659569073169674,4.481199108110351,3.770812688540633,1.7550221725289006,-0.9885788110948052,"[0.19203306694227962, -0.17931972259609097]",0.262739912672584,1,0.262739912672584,46,103.5838298000914,moving,1976,[2024],[2024],1.0,[2024],[37.50202202204622],50.8171952780266,0,0.0,[2052],1.0,0,0.0,[71.29418165751727],[71.29418165751727]
378438,122,,33.56790234600471,119.86701420581966,48,2.327849808909421,0.5656615630053775,0.7856254330556663,4.11526955542371,3.832075191603766,0.8964263304702608,-1.2473242241789064,"[0.1802558171766293, 0.097574500367557]",0.2049705899586396,1,0.2049705899586396,48,97.97189634761526,moving,1984,[],[],0.0,[],,12.46167299362223,0,0.0,[],0.0,0,0.0,,
385399,122,,33.942539932874176,120.37241181258692,49,2.341814978375093,0.5570931273166722,0.5465547192147857,4.20363286414036,3.783487689174378,0.4367560363215198,-0.4596702941487409,"[0.37463758686946846, 0.5053976067672608]",0.6291105327535482,1,0.6291105327535482,49,93.9072929558518,moving,1992,[2015],[2015],1.0,[2015],[136.95205203410075],14.671120936439667,0,0.0,[],0.0,0,0.0,,
384526,122,,34.71060337594568,120.989516837901,50,2.349855998302505,0.5373290317774797,0.5009920473476441,4.373216147523617,3.874325193716265,0.2560593652991459,-0.1806966710223739,"[0.7680634430715045, 0.6171050253140749]",0.9852614195485072,1,0.9852614195485072,50,90.13433913168012,moving,2003,[2008],[2008],1.0,[2008],[127.29221761061251],35.8879973485805,0,0.0,[],0.0,0,0.0,,
377643,122,,35.31402384018604,121.02000392931971,51,2.4667575096288386,0.5228079802416294,0.1586324367421456,4.718285877137457,3.895450194772507,0.6263637156797248,0.3703043503805789,"[0.603420464240358, 0.030487091418720524]",0.6041901351455704,1,0.6041901351455704,51,85.27083672150427,moving,2009,[2003],[2003],1.0,[2003],[152.60427402085975],33.54900129721359,0,0.0,[],0.0,0,0.0,,
391170,122,,35.35831803605823,121.05270978646335,54,2.405216594126507,0.5258403584971926,0.2164536289499137,4.574043348442126,3.9165751958287593,0.2123562910398079,-2.881882560527083,"[-0.17145541697544786, -0.020516207299380085]",0.1726785301425044,1,0.1726785301425044,54,73.95449789247142,moving,2018,[],[],0.0,[],,143.7706749646624,1,0.0,[],0.0,0,0.0,,
392145,122,,34.88697292751322,121.05096561501088,55,2.3899088934230046,0.519292070420708,0.2483340919075161,4.602244150361864,3.8679876933993818,0.1153924927665256,-0.0969637982732823,"[-0.4713451085450089, -0.0017441714524721874]",0.4713483356111081,1,0.4713483356111081,55,72.06211092381702,moving,2029,[1987],[],1.0,[1987],[19.277274388123033],4.914800242107275,0,0.0,[1987],1.0,0,0.0,[19.277274388123033],[19.277274388123033]
399061,122,,33.830294828513026,120.95616106830153,56,2.378198631324005,0.530363315197884,0.3003918729571517,4.484093381226177,3.838412691920624,0.0857794463025993,-0.0296130464639262,"[-1.0566780990001945, -0.09480454670936922]",1.0609224792525764,1,1.0609224792525764,56,74.3960747436081,moving,2024,[],[],0.0,[],,19.203695969337733,0,0.0,[],0.0,0,0.0,,
400081,122,,32.70837050295962,120.44887334066426,58,2.440450232223102,0.5146123037166903,0.6273312209500617,4.742308364175147,3.825737691286878,0.3357899939445156,0.0866520724482491,"[-0.2507777357613392, -0.20048519445549573]",0.3210666378642322,1,0.3210666378642322,58,73.69419909249761,moving,2011,[2001],[],1.0,[2001],[131.08945869328082],,0,0.0,[2001],1.0,0,0.0,[131.08945869328082],[48.91054130671918]
400581,122,,32.35408473320338,120.43289308175127,59,2.3615379406896904,0.5623443044563775,0.4920768743901753,4.199452047394002,3.87221269361064,0.6293327471394085,0.2935427531948928,"[-0.35428576975623827, -0.015980258912989598]",0.3546459859165143,1,0.3546459859165143,59,80.30379049402829,moving,2021,[],[],0.0,[],,,0,0.0,[],0.0,0,0.0,,
298914,125,,70.70022395644712,113.70475469004114,1,2.18082389294317,0.5361608820313724,3.0768658835800125,4.0674804261747,3.5257626762881307,,,"[0.22469398328306056, -0.011031466163018422]",0.2249646180387354,1,0.2249646180387354,1,0.2378082422553666,moving,1748,[],[],0.0,[],,,0,0.0,[],0.0,0,0.0,,
304332,125,,70.38348642462489,113.4848747095761,6,2.2127416913601325,0.5072704450634837,0.4560049394343416,4.362055217080926,3.489850174492505,0.3499008345174839,-1.549564422063795,"[0.018141237149308154, -0.04757369484313756]",0.0509152327534247,1,0.0509152327534247,6,2.558849657849387,moving,1763,[],[],0.0,[],,,0,0.0,[],0.0,0,0.0,,
297902,125,,69.48988097155095,113.14786362242344,7,2.20750969162928,0.5177030325347369,0.8359830336953649,4.264046283099876,3.5130876756543823,1.574461965555353,1.224561131037869,"[-0.8936054530739455, -0.3370110871526748]",0.9550430244901637,1,0.9550430244901637,7,3.1250027524323625,moving,1761,[],[],0.0,[],,32.20678457287883,0,0.0,[],0.0,0,0.0,,
299199,125,,69.17682313596534,112.73437614758942,8,2.2800578181478808,0.4897235051840221,1.0643442751614731,4.655806376479948,3.424362671218124,0.5621144322772208,-1.012347533278132,"[-0.3130578355856102, -0.4134874748340138]",0.5186300225268068,1,0.5186300225268068,8,3.7272397154148416,moving,1750,[],[],0.0,[],,24.799784407250375,0,0.0,[],0.0,0,0.0,,
297885,125,,68.87882842712422,111.37109589952242,9,2.243153396378029,0.4914488647023375,1.6671551604025112,4.564367846768087,3.2933876646693845,0.4328378916912855,-0.1292765405859352,"[-0.29799470884111656, -1.3632802480669994]",1.3954690542132857,1,1.3954690542132857,9,4.279818219380446,moving,1728,[],[],0.0,[],,21.445099360305385,0,0.0,[],0.0,0,0.0,,
296026,125,,69.04180195652754,110.35531545532996,10,2.235358541210338,0.4911897709416473,-1.36178028444795,4.550906133336184,3.360987668049393,0.3742875922546587,-0.0585502994366268,"[0.16297352940331677, -1.0157804441924583]",1.0287712486699858,1,1.0287712486699858,10,4.682948390915961,moving,1725,[],[],0.0,[],,5.645173358209654,0,0.0,[],0.0,0,0.0,,
317726,125,,69.29356920465145,109.39972227176018,16,2.2488573078932803,0.5213949395720386,-1.0110941556738973,4.3131552249800205,3.496187674809384,0.2005855754046275,-0.2204053589592716,"[0.19741310567462733, -0.1855868691047533]",0.2709509554812575,1,0.2709509554812575,16,5.586186584046786,moving,1719,[],[],0.0,[],,37.822056941273935,0,0.0,[],0.0,0,0.0,,
325765,125,,69.76044999913064,109.04253481592116,18,2.22356300046717,0.5198899165319782,2.075649879725515,4.276988127217118,3.51097517554876,0.8852367891555525,0.4364976475723763,"[0.09581213614708872, -0.24004376690987783]",0.2584588467538923,1,0.2584588467538923,18,5.708659909734646,moving,1727,[],[],0.0,[],,151.9838304811915,0,0.0,[1712],1.0,0,0.0,[76.17422987743021],[76.17422987743021]
318302,125,,69.67029110049437,109.23976796822528,20,2.2422789608601152,0.5212578424791617,2.123635328369626,4.301669496607631,3.546887677344382,3.105153369377798,-0.0058241587738079,"[0.03995120262837304, -0.10181037073377297]",0.1093684149121747,1,0.1093684149121747,20,6.070244094551175,moving,1727,[1714],[1714],1.0,[1714],[79.91856125734367],173.84186729839152,0,0.0,[1714],1.0,0,0.0,[79.91856125734367],[79.91856125734367]
322934,125,,69.8057551836543,109.01183929487412,22,2.2305650990352626,0.5166375766285659,2.029471607168876,4.3174658598999205,3.481400174070003,2.729999028668216,2.6014435023741984,"[0.031442415680956515, 0.18743368713627717]",0.1900526573804057,1,0.1900526573804057,22,6.208675786725384,moving,1726,[],[],0.0,[],,179.37558094180753,0,0.0,[1710],0.0,0,0.0,[71.20127333821341],[71.20127333821341]
333995,125,,69.3940812096936,109.6876330288186,27,2.191151415950592,0.5235733988359942,-0.9910659107931308,4.184993777036703,3.513087675654379,0.441393086122244,-0.0091295447537297,"[-0.21233391942253377, 0.24049084091066675]",0.3208138679970906,1,0.3208138679970906,27,6.910775347860076,moving,1770,[1747],[1747],1.0,[1747],[62.25839342462472],173.5454672732005,0,0.0,[1747],1.0,0,0.0,[62.25839342462472],[62.25839342462472]
353652,125,,69.6456299462711,109.36337452896326,32,2.2770303071200866,0.5143478242114169,2.237938340500276,4.427024281887773,3.570125178506254,0.1602884788002849,-2.047694162117084,"[0.06342768587758485, -0.0859120614423432]",0.1067892955171937,1,0.1067892955171937,32,8.786350033347833,moving,1763,[1708],[],1.0,[1708],[93.79453632946309],4.016661227026331,0,0.0,[1708],1.0,0,0.0,[93.79453632946309],[86.20546367053691]
354874,125,,69.83432564523936,109.0813598418314,33,2.2645923188113897,0.5176377582112741,2.2410367744500093,4.374859219383095,3.582800179140019,0.0462774794045066,-0.1140109993957782,"[0.18869569896826022, -0.2820146871318485]",0.3393204246242697,1,0.3393204246242697,33,9.340215666649158,moving,1748,[],[],0.0,[],,13.581890724276358,0,0.0,[],0.0,0,0.0,,
356362,125,,70.07197911067611,108.4355946718061,36,2.2931301587678328,0.5091676285780069,-1.1030227436692313,4.503684111207227,3.5299876764993745,0.3112021769736111,-0.8920482303964743,"[-0.06943660195467771, -0.06588617953624976]",0.0957205847500697,1,0.0957205847500697,36,10.599911842039177,moving,1755,[],[],0.0,[],,176.07746991419964,0,0.0,[1726],1.0,1,1.0,[77.44648341024998],[77.44648341024998]
357152,125,,69.67128658670666,109.33021965513848,37,2.2811007688301035,0.5195882183602175,2.204531403426447,4.39020880040177,3.58702517935126,1.9088669368946047,1.597664759920994,"[-0.4006925239694539, 0.8946249833323918]",0.980259332813258,1,0.980259332813258,37,10.865590444466704,moving,1776,[],[],0.0,[],,162.786485525099,0,0.0,[],0.0,0,0.0,,
359331,125,,69.91498799001509,109.05321616972834,38,2.30646391464169,0.4924201770862105,2.093688870268898,4.6839346191898334,3.5828001791400026,2.841160150163087,0.932293213268482,"[0.24370140330843526, -0.2770034854101482]",0.3689462086861319,1,0.3689462086861319,38,11.411256476056185,moving,1777,[],[],0.0,[],,178.82603004144056,0,0.0,[],0.0,0,0.0,,
361731,125,,69.66659120171364,109.3241554527663,41,2.263289032977471,0.5058810567653246,2.257296807512727,4.47395490048444,3.53421267671063,2.563140012627012,1.8312368118543216,"[0.045359816292972255, -0.052795976970784864]",0.0696055178734548,1,0.0696055178734548,41,12.79067240048064,moving,1777,[],[],0.0,[],,167.55892990307007,0,0.0,[],0.0,1,0.0,,
370422,125,,69.87532562322502,108.96368535576744,42,2.326179491926053,0.4969796958168364,2.088500680932229,4.680632853828649,3.4623876731193937,0.1849024620709728,-2.378237550556039,"[0.20873442151138022, -0.3604700969988528]",0.4165438146870661,1,0.4165438146870661,42,13.06091477329272,moving,1764,[],[],0.0,[],,7.090054225478286,0,0.0,[],0.0,0,0.0,,
370105,125,,70.14762108782429,108.32168140840008,45,2.302519810772878,0.5003521903871379,2.0340400585378093,4.6017982033642095,3.510975175548751,1.1335472426744462,0.3273557641548955,"[0.004510551819564057, -0.0904979485995625]",0.0906102851692126,1,0.0906102851692126,45,12.484274848234485,moving,1781,[],[],0.0,[],,172.4303079590292,0,0.0,[1753],1.0,0,0.0,[77.80099167023094],[77.80099167023094]
379824,125,,69.64420963274299,109.17449526960486,46,1.2042218933930655,0.5100358673481059,2.1531891574132063,2.361053350334613,1.7935125896756263,2.658140279910822,1.5245930372363758,"[-0.5034114550813058, 0.8528138612047798]",0.9903103427562912,1,0.9903103427562912,46,11.798215810918194,moving,1807,[1775],[1775],1.0,[1775],[7.221975148307472],175.15758322695257,0,0.0,[],0.0,0,0.0,,
377119,125,,70.14810222931432,108.46533267594408,48,2.292547752501548,0.5096570280498817,-0.9641709893280264,4.498216695399262,3.5532251776612576,2.927350239652124,-0.1368463428561011,"[-0.011248731016323177, 0.02687460784494533]",0.0291338033270149,1,0.0291338033270149,48,10.396711410539242,moving,1783,[],[],0.0,[],,175.04455036414572,0,0.0,[1755],1.0,1,1.0,[92.81311734626658],[87.18688265373342]
384660,125,,69.4249744132152,109.69590047853332,49,1.140523820279005,0.5409226302115359,2.1352234252405085,2.1084786558717017,1.8040750902037512,0.134873547237158,-2.792476692414965,"[-0.7231278160991224, 1.230567802589249]",1.4273089907884764,1,1.4273089907884764,49,8.963596986914068,moving,1815,[1792],[1792],1.0,[1792],[6.246838216277389],169.09866446055236,0,0.0,[],0.0,0,0.0,,
383603,125,,69.72895645228384,109.35038915647912,50,2.336458534606574,0.4977857881752845,-0.9877328375625009,4.693702773579066,3.5215376760768944,2.9513284555617543,2.816454908324596,"[0.30398203906864296, -0.3455113220541932]",0.4601990370958705,1,0.4601990370958705,50,8.498447112830624,moving,1805,[],[],0.0,[],,162.86892914456834,0,0.0,[],0.0,0,0.0,,
390802,125,,69.05700749412388,110.84482079020948,54,2.34886803525609,0.4952351070059586,-1.3521370519152454,4.74293522819219,3.540550177027513,0.057976522557711,-0.0466207942628473,"[-0.09953376598393504, 0.30503554755978257]",0.3208639210725337,1,0.3208639210725337,54,6.967630396516394,moving,1825,[],[],0.0,[],,4.040702670646798,0,0.0,[],0.0,0,0.0,,
391960,125,,68.86220112631617,111.37515556215604,55,2.368805449372819,0.4889861671653764,-1.5148473485130458,4.844319959201796,3.5490001774500146,0.0366176601212352,-0.0213588624364758,"[-0.19480636780771476, 0.5303347719465847]",0.5649818503935066,1,0.5649818503935066,55,6.507705126664007,moving,1839,[],[],0.0,[],,16.312717578231606,0,0.0,[],0.0,0,0.0,,
399561,125,,68.83062659900246,111.84349441891574,58,2.3527901572504346,0.4974313767616274,-1.3386828427536843,4.7298788680511965,3.614487680724386,0.9512998647313188,0.927303800524644,"[-0.0317445587760119, 0.02167708328374829]",0.0384397314191219,1,0.0384397314191219,58,6.730960038068291,moving,1857,[],[],0.0,[],,,0,0.0,[],0.0,0,0.0,,
400343,125,,68.43403013313402,112.25041560596638,59,2.3399266926332367,0.5082948173522155,-1.3866355030173712,4.6034832792950136,3.6419501820975073,0.1991172420921354,-0.7521826226391835,"[-0.39659646586844133, 0.4069211870506422]",0.5682196839339883,1,0.5682196839339883,59,6.315032446346858,moving,1862,[],[],0.0,[],,,0,0.0,[],0.0,0,0.0,,
298369,127,,46.65426139471171,57.49674818654865,3,1.4263781875098314,0.5142860548646527,2.135179337295753,2.773511305658907,2.22023761101188,1.6917103607935813,0.4396682433288497,"[0.24973822202030505, 0.18786153370086822]",0.3125078165139323,1,0.3125078165139323,3,1.286501801318918,moving,887,[849],[849],1.0,[849],[29.0214774957418],,0,0.0,[],0.0,0,0.0,,
301049,127,,47.62002577026704,56.98870504032352,5,1.4453912681985277,0.5108260262229757,2.242319978346484,2.829517671379598,2.2202376110118767,0.156996904458856,-0.9954660306960864,"[0.1524650037760722, -0.05574684047085299]",0.1623369569719737,1,0.1623369569719737,5,3.070626221880436,moving,883,[843],[],1.0,[843],[27.475616133099507],,0,0.0,[],0.0,0,0.0,,
296510,127,,47.834952551527664,56.52956839887568,6,1.4321972744381295,0.5119490141699804,2.1914987886106174,2.797538885312909,2.2075626103781243,0.7824472005609814,0.6254502961021253,"[0.2149267812606297, -0.4591366414478486]",0.5069516513663457,1,0.5069516513663457,6,4.178503669171875,moving,870,[827],[827],1.0,[827],[23.110443230095306],25.981351070670296,0,0.0,[],0.0,0,0.0,,
287165,127,,47.8284248904892,56.112441161846185,7,1.4747089909537436,0.5095015476106682,2.1998958828290727,2.8944151354779226,2.2793876139693783,0.4534601202997685,-0.3289870802612128,"[-0.00652766103846858, -0.41712723702949006]",0.4171783098753931,1,0.4171783098753931,7,5.4343625944220735,moving,871,[829],[],1.0,[829],[19.841341719366525],100.33855272832864,0,0.0,[],0.0,0,0.0,,
288077,127,,48.19734999190852,56.17379419264989,8,1.4559196519041782,0.4992062739776755,-1.0789677616348954,2.9164690585785524,2.1188376059418768,1.7512381117952889,1.29777799149552,"[0.3689251014193218, 0.061353030803708464]",0.3739918780482507,1,0.3739918780482507,8,6.871610399716232,moving,874,[828],[828],1.0,[828],[21.725671553581137],10.570138029968335,0,0.0,[],0.0,0,0.0,,
287610,127,,48.80758677152215,56.39604862156322,9,1.465366375355238,0.4896554875816194,-1.3203588622372269,2.992647713584502,2.222350111117501,0.1844837110132266,-1.566754400782062,"[0.6102367796136363, 0.22225442891333103]",0.6494505049384539,1,0.6494505049384539,9,8.435960163238642,moving,875,[831],[831],1.0,[831],[25.077183648250212],65.53554058578797,0,0.0,[],0.0,0,0.0,,
285869,127,,49.04094760845592,56.15838480189655,10,1.4904161013688226,0.4878623482347651,-1.24746140638261,3.0549930872132336,2.1801001090050014,1.143810960296414,0.9593272492831872,"[0.23336083693376253, -0.23766381966667183]",0.3330786264427341,1,0.3330786264427341,10,10.06499304771298,moving,879,[837],[837],1.0,[837],[30.963756532073532],5.310875710732869,0,0.0,[],0.0,0,0.0,,
287289,127,,49.89689708075913,55.43473055253843,11,1.4865909415334655,0.4873854281757718,1.4855467414098056,3.0501341558314663,2.197000109850005,0.0926922673165173,-1.0511186929798966,"[0.8559494723032159, -0.7236542493581197]",1.1208590329520558,1,1.1208590329520558,11,11.737402984268591,moving,865,[830],[830],1.0,[830],[28.06667836130748],35.13434057531022,0,0.0,[],0.0,0,0.0,,
287413,127,,50.11333225189912,54.60697070846672,12,1.4549421153619548,0.5115593807985851,1.1877606628042354,2.844131434146851,2.262487613124379,0.6132099235562144,0.5205176562396971,"[0.21643517113998456, -0.8277598440717142]",0.8555878346283466,1,0.8555878346283466,12,13.36491657656129,moving,852,[823],[823],1.0,[823],[21.987554963696212],37.42284731164304,0,0.0,[],0.0,0,0.0,,
282604,127,,49.7018472341052,53.62663636176037,13,1.4446512037675994,0.5028205314475435,1.1378331217815274,2.873095097387272,2.169537608476884,0.6531519010592718,0.0399419775030573,"[-0.41148501779392177, -0.9803343467063499]",1.0631911169686423,1,1.0631911169686423,13,14.969133873464784,moving,841,[821],[],1.0,[821],[32.50152891677095],6.567022329065292,0,0.0,[],0.0,0,0.0,,
329752,127,,49.27786313671256,52.8722394170485,14,1.4916183997825228,0.4890245288022614,1.2837972921850052,3.050191374726856,2.2181251109062554,0.1146161616941758,-0.5385357393650959,"[-0.42398409739264054, -0.7543969447118712]",0.8653769496771093,1,0.8653769496771093,14,16.573087605705947,moving,831,[804],[],1.0,[804],[24.075498255078827],13.259355181857496,0,0.0,[],0.0,0,0.0,,
309640,127,,49.02614026972618,51.99883121927638,16,1.4849087730331094,0.5102181724331948,1.1284724731175444,2.910340817442239,2.268825113441255,0.7636700644863446,0.3809896893331465,"[-0.15427329027304637, -0.12419042437905148]",0.1980492605366668,1,0.1980492605366668,16,19.79681097679057,moving,832,[805],[],1.0,[805],[23.599010287090863],31.284812670389176,0,0.0,[],0.0,0,0.0,,
310734,127,,48.68828139091045,51.68774238233859,17,1.448159910408389,0.5407935963404438,1.096890568166651,2.6778421937835493,2.3512126175606305,0.0663861069800008,-0.6972839575063438,"[-0.3378588788157302, -0.31108883693779177]",0.4592655946856135,1,0.4592655946856135,17,21.476793339413803,moving,816,[789],[789],1.0,[789],[28.599936058862866],27.31300634051807,0,0.0,[],0.0,0,0.0,,
315671,127,,48.27843083996011,50.56468810063482,18,1.428551202733079,0.5651290547273734,0.7801259696029946,2.52783181254454,2.3216376160818752,0.4767018892601222,0.4103157822801213,"[-0.4098505509503454, -1.123054281703773]",1.1955034060041314,1,1.1955034060041314,18,23.186280095275656,moving,815,[795],[795],1.0,[795],[12.887649235500248],32.747208082471445,0,0.0,[],0.0,0,0.0,,
313245,127,,47.65295787682696,50.08986628677689,19,1.4596024337858249,0.4975390117690034,0.8897786458726334,2.933644195248526,2.243475112173756,0.57154660187482,0.0948447126146977,"[-0.6254729631331486, -0.474821813857929]",0.785284777979234,1,0.785284777979234,19,24.65886530544501,moving,805,[783],[],1.0,[783],[24.618569948802616],70.8872263034523,0,0.0,[],0.0,0,0.0,,
308831,127,,47.809897321459125,49.60944906904098,20,1.4661511395664844,0.5011431816762267,0.6490940451758086,2.9256132641822905,2.2540376127018806,1.2372154966015758,0.6656688947267558,"[0.15693944463216525, -0.48041721773590496]",0.5054015160034251,1,0.5054015160034251,20,26.04021330967057,moving,804,[789],[],1.0,[789],[19.06273805997742],33.96027951889939,0,0.0,[],0.0,0,0.0,,
316101,127,,47.6421999862369,49.01954941826088,21,1.4800643957332902,0.5066750965851192,0.3856247751201009,2.921131126650204,2.279387613969377,0.5927186925023917,-0.6444968040991841,"[-0.16769733522222197, -0.5898996507801044]",0.6132731807531807,1,0.6132731807531807,21,27.246268751004465,moving,792,[786],[],1.0,[786],[152.26282020198693],29.92671154322908,0,0.0,[],0.0,0,0.0,,
339955,127,,47.34203738941162,48.72761492255505,28,1.5396645226365622,0.4954229444196244,0.3308205085779094,3.107777990460738,2.353325117666253,0.4779044508697069,-0.8114267387921457,"[-0.1377211815447268, -0.05186941929111555]",0.1471650790903642,1,0.1471650790903642,28,32.37391100713228,moving,784,[780],[],1.0,[780],[154.00362274941102],32.555616017157384,0,0.0,[795],1.0,0,0.0,[6.519801751656985],[6.519801751656985]
342459,127,,46.7185200300539,48.59907820941179,31,1.4835883052377572,0.5267716184352945,0.2645857754489373,2.8163785847927043,2.277275113863749,0.2872023107273886,-0.0781213338180334,"[-0.1998098721822288, -0.04041502621551274]",0.2038562222878644,1,0.2038562222878644,31,33.78076884720644,moving,784,[781],[],1.0,[781],[151.00576408191964],66.92409394528738,0,0.0,[790],1.0,0,0.0,[0.16302896742740813],[0.16302896742740813]
342894,127,,46.48150116204049,48.94106912476434,32,1.4713815701962998,0.5088167804706997,0.4549133338282733,2.891770921617688,2.281500114075002,1.1643207725583349,0.8771184618309462,"[-0.23701886801341487, 0.34199091535254666]",0.4160958182654967,1,0.4160958182654967,32,34.20364243930736,moving,787,[781],[781],1.0,[781],[149.7551682200497],105.10528513575144,0,0.0,[797],1.0,0,0.0,[7.2711787346812855],[7.2711787346812855]
344917,127,,46.07961387049632,48.465004225489714,33,1.5230780296918784,0.5005112434046177,0.1611623853521531,3.0430445864342124,2.3364251168212498,1.8344332868663265,0.6701125143079916,"[-0.40188729154416336, -0.4760648992746255]",0.6230178034583463,1,0.6230178034583463,33,34.81555281897387,moving,782,[781],[],1.0,[781],[154.05464302044317],57.853999112851994,0,0.0,[792],1.0,0,0.0,[11.130322468273135],[11.130322468273135]
346926,127,,45.61928588162097,48.52990054718031,35,1.5258394527649175,0.503332637761894,0.0967112994487942,3.0314733007374137,2.325862616293123,0.1892276086406394,-0.8127191951947961,"[-0.018279998853863333, 0.006087982082931376]",0.0192671192433985,1,0.0192671192433985,35,35.46300178791665,moving,794,[792],[792],1.0,[792],[156.6802769405834],39.7008548772086,0,0.0,[802],1.0,0,0.0,[10.00593118232348],[10.00593118232348]
345351,127,,45.31155841953984,48.868390425363685,37,1.5649514748630176,0.4782293158148438,0.1766329043988218,3.2723871647151808,2.237137611856878,0.7787806526286677,0.4881228235164621,"[-0.025520244067102738, 0.14034757918003749]",0.1426489601747639,1,0.1426489601747639,37,36.28141599805985,moving,811,[],[],0.0,[],,67.75423974456729,0,0.0,[],0.0,0,0.0,,
353315,127,,45.61362080668256,49.50225580925595,38,1.4788889429930414,0.4914274990941613,0.4924306757254596,3.009373601841672,2.19488760974438,0.6245750749402464,-0.1542055776884212,"[0.30206238714271905, 0.6338653838922639]",0.7021588215092401,1,0.7021588215092401,38,36.8843724128381,moving,812,[804],[],1.0,[804],[17.648743632004482],,0,0.0,[809],1.0,0,0.0,[5.597958748594948],[5.597958748594948]
388125,127,,45.471303365190494,49.80568292263654,54,1.4981555987172162,0.489313889884824,0.566247063169826,3.061747540152306,2.2751626137581336,1.8711908960154575,-0.8331292713957716,"[0.010713319415685874, -0.000692444126634939]",0.0107356737921298,1,0.0107356737921298,54,55.453796659307805,moving,815,[838],[838],1.0,[838],[137.42089928360528],,0,0.0,[838],1.0,0,0.0,[137.42089928360528],[42.57910071639472]
302631,128,,34.779541664243325,115.12403638051912,0,2.0864084663208837,0.5199456858844039,2.608135580851924,4.01274310560342,3.331412666570629,,,"[0.0, 0.0]",0.0,0,0.0,0,0.0,moving,1768,[],[],0.0,[],,,0,0.0,[],0.0,0,0.0,,
299068,128,,33.997785750226925,115.50723223240011,1,2.1172046651691567,0.5015410545331196,2.520325977327141,4.221398519688573,3.213112660655621,,,"[-0.7817559140164008, 0.38319585188099836]",0.8706212551956346,1,0.8706212551956346,1,0.5819284319926057,moving,1767,[],[],0.0,[],,,0,0.0,[],0.0,0,0.0,,
306073,128,,34.1627403238153,115.97228160360712,3,2.027111631455336,0.5353171854030986,-0.7208859687260165,3.7867486543121207,3.293387664669382,0.3771392821399978,-0.955584756960288,"[0.09225071038871846, 0.13635207496261614]",0.1646270995730475,1,0.1646270995730475,3,2.1460028304345853,moving,1796,[1761],[],1.0,[1761],[15.645771772814825],79.88226219993031,0,0.0,[],0.0,0,0.0,,
302364,128,,34.57187409298783,115.90446169421554,4,2.080626167808709,0.501116233684992,2.293336984572642,4.151983168672634,3.2300126615006333,1.140244862531334,0.763105580391336,"[0.4091337691725272, -0.06781990939158788]",0.4147167481392594,1,0.4147167481392594,4,3.3434569184577048,moving,1809,[1774],[1774],1.0,[1774],[22.988716802080635],40.87184484326669,0,0.0,[],0.0,0,0.0,,
305362,128,,35.29993990688259,115.02800423069492,5,2.050831169690079,0.5397471722513435,2.19029126924971,3.7996144771557434,3.377887668894389,0.7133482638792356,-0.4268965986520984,"[0.7280658138947658, -0.876457463520623]",1.139411038529666,1,1.139411038529666,5,4.534246507384843,moving,1785,[1742],[],1.0,[1742],[22.361893798353307],5.7970951463921345,0,0.0,[],0.0,0,0.0,,
304392,128,,35.78045429502081,114.55602196551484,6,2.0443341998317712,0.5288042491414275,2.2265564909716664,3.865956453925957,3.3546501677325127,0.1011783973559254,-0.6121698665233102,"[0.4805143881382179, -0.471982265180074]",0.6735438633469684,1,0.6735438633469684,6,5.8609225923838375,moving,1778,[1736],[],1.0,[1736],[27.732936411271584],13.899641098789502,0,0.0,[],0.0,0,0.0,,
297993,128,,36.46356248952193,114.15223986470691,7,2.0812643668959745,0.5136805223648088,2.229108098209974,4.051670788128286,3.293387664669376,0.2425945020194144,0.141416104663489,"[0.6831081945011164, -0.4037821008079163]",0.7935217642430668,1,0.7935217642430668,7,7.22986062004519,moving,1776,[1737],[],1.0,[1737],[20.989200936100403],26.41546396593366,0,0.0,[1729],1.0,0,0.0,[28.584720323800454],[28.584720323800454]
300445,128,,36.648195541258815,113.86790163299877,8,2.0755071169499604,0.5429756590097663,-1.03391647352687,3.822468065576083,3.2490251624512583,0.4610368196474998,0.2184423176280853,"[0.18463305173688838, -0.28433823170816197]",0.3390244737546257,1,0.3390244737546257,8,8.518664237228727,moving,1773,[1730],[],1.0,[1730],[25.346175941946704],1.1292208496156042,0,0.0,[1710],1.0,0,0.0,[43.882175417613894],[43.882175417613894]
298447,128,,36.87470422092756,113.53368428650522,9,2.0885214126467724,0.5328584713852927,-1.0171895645853963,3.9194674098305367,3.287050164352509,0.0197086218079713,-0.4413281978395285,"[0.2265086796687399, -0.3342173464935456]",0.4037417697767504,1,0.4037417697767504,9,9.899066529813368,moving,1776,[1726],[],1.0,[1726],[22.042901735897246],29.64249426318803,0,0.0,[1705],1.0,0,0.0,[46.666466522060844],[46.666466522060844]
292419,128,,36.927010727101866,112.86670450235226,13,2.0863125375595204,0.5392559517365904,-1.1353065195254786,3.868872528603298,3.268037663401882,0.1145927415864084,-2.340185012046215,"[-0.07386747551632311, 0.07494659146173888]",0.1052302024652969,1,0.1052302024652969,13,16.005843259471483,moving,1772,[],[],0.0,[],,152.92820581605662,1,0.0,[1831],1.0,1,1.0,[52.43645980898226],[52.43645980898226]
332388,128,,36.743904197291165,113.16485364880845,14,2.0318388482391065,0.5157491134622171,1.9630901254357829,3.939587670058023,3.221562661078143,0.2273921643109359,0.1127994227245274,"[-0.18310652981070064, 0.2981491464561685]",0.3498870028907316,1,0.3498870028907316,14,17.727433340514622,moving,1790,[1845],[1845],1.0,[1845],[58.38317188941626],23.751394529567897,0,0.0,[1845],1.0,0,0.0,[58.38317188941626],[58.38317188941626]
321902,128,,35.949241939973454,113.71495382326076,17,2.09903667571428,0.4881028343561013,1.9606583142246388,4.30039845698356,3.124387656219385,0.7424943414126557,0.5992994620389939,"[-0.11743999617318934, 0.296746964827463]",0.3191408996594925,1,0.3191408996594925,17,23.335518662983112,moving,1798,[1837],[1837],1.0,[1837],[51.14789402303861],8.65008133505206,0,0.0,[1837],1.0,0,0.0,[51.14789402303861],[51.14789402303861]
326469,128,,35.617095782542265,114.0284209484542,18,2.0296378329308475,0.5229558388948776,2.024293035472534,3.8810883863921,3.1983251599162545,0.4374781534352694,-0.3050161879773862,"[-0.3321461574311897, 0.31346712519344067]",0.4567085596672618,1,0.4567085596672618,18,25.26470713171082,moving,1821,[1844],[1844],1.0,[1844],[37.244527563304835],25.914507577055204,0,0.0,[1844],1.0,0,0.0,[37.244527563304835],[37.244527563304835]
324900,128,,35.45008156634393,114.4694164419722,19,2.040896593125197,0.5295554950987157,2.010009616181658,3.8539805780785055,3.251137662556878,0.4522934812526098,0.0148153278173403,"[-0.16701421619833212, 0.44099549351797407]",0.4715620571202741,1,0.4715620571202741,19,27.286865643286653,moving,1824,[],[],0.0,[],,6.150552858627661,0,0.0,[],0.0,0,0.0,,
319314,128,,35.10203732256549,115.1556486589486,20,2.135707949404715,0.5113967568335451,1.8998314783102823,4.176225055920462,3.3039501651974974,0.1073473982009792,-0.3449460830516306,"[-0.3480442437784461, 0.686232216976407]",0.7694474973925544,1,0.7694474973925544,20,29.42418715564244,moving,1840,[],[],0.0,[],,35.5431986719195,0,0.0,[],0.0,0,0.0,,
326280,128,,34.48561997096574,115.47740434365696,21,2.134237771642313,0.5129946893054375,1.825066658166809,4.160350615972139,3.287050164352506,0.6203458435154532,0.512998445314474,"[-0.6164173515997433, 0.32175568470836424]",0.6953395372013517,1,0.6953395372013517,21,31.622986330312976,moving,1831,[],[],0.0,[],,13.924216252574457,0,0.0,[],0.0,0,0.0,,
331280,128,,33.85888780024369,116.03165109586222,25,2.127164682420884,0.5297613206723095,1.4491236727397994,4.015326524256889,3.335637666781889,1.1173995775722214,0.3521551863529074,"[-0.01543539680050543, 0.022153100705679662]",0.0270002100966832,1,0.0270002100966832,25,40.39230576819845,moving,1864,[],[],0.0,[],,27.328013121983837,0,0.0,[],0.0,0,0.0,,
329634,128,,33.71790063197732,116.39543434448608,26,2.0766525415758994,0.5471833711309352,1.3506703309190076,3.795167490714879,3.3377501668874983,0.2388133686071653,-0.8785862089650561,"[-0.1409871682663706, 0.3637832486238608]",0.3901482200332325,1,0.3901482200332325,26,42.60288856372351,moving,1868,[],[],0.0,[],,21.948168044726923,0,0.0,[],0.0,0,0.0,,
334110,128,,33.21812253195131,116.92890359875362,27,2.1318502669168766,0.520417439005948,1.3261173194935167,4.09642357679046,3.335637666781892,0.3830677971614908,0.1442544285543255,"[-0.4997781000260133, 0.5334692542675441]",0.7310045105978357,1,0.7310045105978357,27,44.734138449076646,moving,1889,[],[],0.0,[],,58.68954510966379,0,0.0,[],0.0,0,0.0,,
350701,128,,33.39402217065585,117.56073010866768,28,2.0608965313037837,0.5462099079758239,1.0961613555158352,3.773085220920236,3.415912670795634,1.0243257986613696,0.6412580014998788,"[0.17589963870454284, 0.6318265099140632]",0.6558547259314172,1,0.6558547259314172,28,46.73524082657798,moving,1896,[],[],0.0,[],,14.972211276156647,0,0.0,[],0.0,0,0.0,,
340435,128,,33.79891955181323,118.24730521606122,30,2.115927394691393,0.5209352244704057,0.894116445480182,4.06178598662145,3.3652126682606265,0.1603477503027518,-0.1639612442814656,"[0.13257826300198872, 0.28494555969182045]",0.3142784876645382,1,0.3142784876645382,30,50.173216224015455,moving,1922,[],[],0.0,[],,11.150454050290431,0,0.0,[],0.0,0,0.0,,
353660,128,,34.3161847978605,118.82828335319132,31,2.093212108124381,0.5439301075649314,0.7928347717280445,3.8483108013551255,3.4243626712181348,0.2919652750615967,0.1316175247588449,"[0.5172652460472733, 0.5809781371301028]",0.7778810516984656,1,0.7778810516984656,31,51.64211691250516,moving,1932,[1950],[1950],1.0,[1950],[100.74543769235117],79.27963213395641,0,0.0,[1950],1.0,0,0.0,[100.74543769235117],[79.25456230764883]
354926,128,,33.96557672990135,119.28355989266912,32,2.0989627517260203,0.5240654917629639,0.8713525155735702,4.005153525115877,3.3778876688943797,1.3836906105074225,1.0917253354458258,"[-0.35060806795915056, 0.4552765394778078]",0.5746327041832341,1,0.5746327041832341,32,52.866455836047216,moving,1941,[],[],0.0,[],,59.90954825914907,0,0.0,[],0.0,0,0.0,,
356271,128,,34.2475235740723,119.97068556845106,33,2.154667561301939,0.5286864242556812,0.8182761435743108,4.075511423118948,3.409575170478754,1.0456188705045808,-0.3380717400028417,"[0.28194684417094606, 0.6871256757819282]",0.7427218303353734,1,0.7427218303353734,33,53.765872562404006,moving,1953,[],[],0.0,[],,2.779413088331808,0,0.0,[],0.0,0,0.0,,
352913,128,,34.48391127746815,120.47556872792973,34,2.1414750211537035,0.524422693293318,0.6954330854509174,4.083490376256357,3.4074626703731337,0.0485099096644117,-0.9971089608401692,"[0.2363877033958559, 0.5048831594786662]",0.557481973737203,1,0.557481973737203,34,54.4718530061471,moving,1976,[1970],[1970],1.0,[1970],[108.09890704845901],10.412323573770593,0,0.0,[1970],1.0,0,0.0,[108.09890704845901],[71.90109295154099]
362960,128,,34.997000228928584,121.19485445105576,40,2.0980882563547243,0.5090493313552914,0.614335464857297,4.121581401096787,3.2701501635074983,0.1101413938362509,0.0847941650084481,"[0.2309270207085632, 0.03724732184358004]",0.2339116326261958,1,0.2339116326261958,40,57.808773897313685,moving,2006,[2022],[],1.0,[2022],[76.3688771773267],13.118099791147944,0,0.0,[2022],1.0,0,0.0,[76.3688771773267],[76.3688771773267]
362269,128,,35.26600881815712,121.43185435854346,41,2.0759833250822903,0.5061898775910724,0.5887771162778237,4.101194861820967,3.3271876663593805,0.5623076706405785,0.4521662768043276,"[0.2690085892285339, 0.23699990748770006]",0.3585171923742353,1,0.3585171923742353,41,58.457130544405885,moving,2000,[2024],[],1.0,[2024],[80.8850932707639],12.630879639401336,0,0.0,[2024],1.0,0,0.0,[80.8850932707639],[80.8850932707639]
373853,128,,35.830748040108816,121.74167542152487,43,2.09941294962216,0.5558406373526171,0.3681651163468407,3.7770051495718966,3.390562669528125,0.6532583320983197,0.6323311927528794,"[0.2523201542911764, 0.022743348377844086]",0.2533430878412889,1,0.2533430878412889,43,59.00836881584844,moving,2013,[2035],[2035],1.0,[2035],[103.65680676650751],44.711358984382024,0,0.0,[2035],1.0,0,0.0,[103.65680676650751],[76.34319323349249]
371712,128,,36.32824187955276,121.59938037494229,45,2.115804389465363,0.5469277231176387,0.2547682480989426,3.868526498171815,3.3926751696337667,0.878287780984949,0.8139722833962266,"[0.132480564591539, -0.15163355449938365]",0.2013549970688845,1,0.2013549970688845,45,59.68491520606782,moving,2038,[2064],[2064],1.0,[2064],[108.79620367956349],24.99243574658901,0,0.0,[2064],1.0,0,0.0,[108.79620367956349],[71.20379632043651]
381003,128,,36.65938050532085,121.31199013159176,46,2.102643594937754,0.5522924735532851,0.2537677437573997,3.807119770092053,3.356762667838124,0.1379233150061855,-0.7403644659787635,"[0.33113862576809083, -0.2873902433505151]",0.4384585971886605,1,0.4384585971886605,46,60.26185952868008,moving,2024,[2052],[2052],1.0,[2052],[108.79620367956349],121.78907887365708,0,0.0,[2052],1.0,0,0.0,[108.79620367956349],[71.20379632043651]
383202,128,,37.12976919515015,124.22749480253836,47,2.760557984926292,0.5377983254790479,2.075767734532336,5.1330728530389225,4.664400233220015,2.125620419316349,1.9876971043101632,"[0.47038868982929927, 2.915504670946575]",2.9532072405827905,1,2.9532072405827905,47,60.784791235704986,moving,2060,[2038],[2038],1.0,[2038],[114.92803725334035],169.9223714040643,0,0.0,[],0.0,0,0.0,,
378692,128,,37.17947543197891,121.10665829302204,48,2.1332637761362947,0.5210476343230347,3.052719853015701,4.094181866707665,3.396900169844995,2.9657048537975825,0.8400844344812337,"[0.04970623682875441, -3.1208365095162947]",3.1212323253980188,1,3.1212323253980188,48,57.145495069207534,moving,2019,[],[],0.0,[],,85.14582340486129,0,0.0,[],0.0,0,0.0,,
385471,128,,37.78148057878193,121.06517759021168,49,2.146542705441308,0.5127976047861821,-0.1577954280685253,4.185945264577315,3.3884501694225024,1.486074962736478,-1.4796298910611043,"[0.6020051468030232, -0.04148070281036098]",0.6034325525549404,1,0.6034325525549404,49,56.77187148827695,moving,2015,[],[],0.0,[],,10.29046160855625,0,0.0,[],0.0,0,0.0,,
384543,128,,38.52947775648293,121.14840176287647,50,2.1898175215498883,0.5028551857304994,2.747739012663985,4.354767701895593,3.337750166887512,0.1796024366193784,-1.3064725261170995,"[0.7479971777010022, 0.08322417266479931]",0.7526128093278807,1,0.7526128093278807,50,56.13833855626986,moving,2008,[],[],0.0,[],,33.24585066554036,0,0.0,[],0.0,0,0.0,,
377604,128,,39.38736839715644,120.71322396251684,51,2.1356157683636887,0.5537573343355788,2.8787045361622345,3.8565913911119374,3.399012669950632,0.5802495567400405,0.400647120120662,"[0.8578906406735101, -0.4351778003596536]",0.961954296877493,1,0.961954296877493,51,54.88477557918272,moving,2003,[],[],0.0,[],,104.89640465240524,0,0.0,[],0.0,0,0.0,,
391172,128,,39.44390359460871,120.97918572707223,54,2.17421353267422,0.4997773350539976,2.9344936233305345,4.350364412662511,3.2933876646693827,0.3179034664228422,-2.27041102501478,"[-0.1221526028741522, 0.060942079124117754]",0.1365107885732866,1,0.1365107885732866,54,47.77453869470656,moving,2019,[2018],[],1.0,[2018],[154.9949535843114],57.858377367492864,0,0.0,[],0.0,0,0.0,,
392156,128,,38.96774366243102,121.44129892899548,55,2.119935225757426,0.5452258760311494,0.0013538963454396,3.8881779441376176,3.394787669739381,0.3076602729200499,-0.0102431935027923,"[-0.47615993217768704, 0.4621132019232448]",0.663533640747184,1,0.663533640747184,55,45.35244411980187,moving,2042,[2029],[],1.0,[2029],[159.75772014385547],34.20908650278773,0,0.0,[1987],1.0,0,0.0,[140.48044575573243],[39.51955424426757]
399158,128,,37.891087265835786,121.62984871975812,56,2.1831890877939344,0.5245987011577017,0.0753874009537594,4.161636471794537,3.4792876739643863,0.5970611935732061,0.2894009206531562,"[-1.076656396595233, 0.1885497907626359]",1.0930416368675373,1,1.0930416368675373,56,43.95769143812329,moving,2049,[2024],[2024],1.0,[2024],[10.571313160634077],,0,0.0,[1983],1.0,0,0.0,[17.24774573686375],[17.24774573686375]
399504,128,,36.9571645418156,121.65912905773806,57,2.191791767281283,0.5335162966320339,0.0841824497295205,4.108200220157402,3.464500173225004,0.1420255294546716,-0.4550356641185344,"[-0.9339227240201922, 0.029280337979940896]",0.9343816097470644,1,0.9343816097470644,57,43.65442888960397,moving,2047,[2011],[],1.0,[2011],[22.436381626954926],,0,0.0,[1989],1.0,0,0.0,[3.970096729605018],[3.970096729605018]
294432,129,,46.30508992407831,76.10588956716944,0,3.031782996327628,0.4946541492017898,-0.2307965532773457,6.129096463094335,4.601025230051259,,,"[0.0, 0.0]",0.0,0,0.0,0,0.0,moving,1165,[],[],0.0,[],,,0,0.0,[],0.0,0,0.0,,
290452,129,,47.63065220869276,75.63514546425861,1,3.015281462230562,0.4939231607138017,0.0696773041880544,6.104758193304754,4.6348252317412655,,,"[1.325562284614449, -0.47074410291082813]",1.4066681843340303,1,1.4066681843340303,1,0.8294901441475548,moving,1159,[],[],0.0,[],,,0,0.0,[],0.0,0,0.0,,
303414,129,,48.41611610594972,75.6420545704295,5,3.029470772119198,0.5088305444623784,0.1504123468379063,5.953791110005168,4.651725232586257,0.116952815415814,-2.00886686383481,"[0.011442833212512937, -0.0028458614995656717]",0.0117914104162351,1,0.0117914104162351,5,7.490092165510431,moving,1174,[],[],0.0,[],,13.474497659483053,0,0.0,[],0.0,0,0.0,,
300426,129,,49.222135015812725,75.45640713808734,6,3.041419913238621,0.4762175984878563,0.0586393155963481,6.3866180563173325,4.51863772593191,0.0173787716947502,-0.0995740437210638,"[0.8060189098630062, -0.18564743234215086]",0.8271223925103118,1,0.8271223925103118,6,9.674835469608349,moving,1174,[],[],0.0,[],,63.93755475189011,0,0.0,[],0.0,0,0.0,,
290505,129,,49.60061574148106,75.92324238197845,7,2.9970053123379894,0.5028414156642016,3.0348813080395853,5.960140153490052,4.569337728466862,1.1159208460946286,1.0985420743998784,"[0.37848072566833224, 0.4668352438911114]",0.6009848622397247,1,0.6009848622397247,7,11.545062438396767,moving,1188,[],[],0.0,[],,82.50683829380202,0,0.0,[],0.0,0,0.0,,
292520,129,,49.057581145742574,76.49600439532688,9,3.0221857132675365,0.5032719878267286,3.0590944630488908,6.005074366086205,4.53765022688251,0.9043522355370188,-0.2729010799938948,"[-0.25704143889309705, 0.0442405792660594]",0.2608208775424817,1,0.2608208775424817,9,13.986172852597866,moving,1201,[],[],0.0,[],,156.33541581812858,1,0.0,[],0.0,1,0.0,,
289558,129,,49.75127530901069,76.20352497588313,10,2.9498090891984576,0.4887922115793899,-0.1977577094374144,6.034893804193416,4.425687721284376,2.9130279962482715,2.0086757607112524,"[0.6936941632681126, -0.292479419443751]",0.7528318556958125,1,0.7528318556958125,10,14.92276629087952,moving,1196,[1174],[1174],1.0,[1174],[70.78376796980656],7.795184085811339,0,0.0,[1174],1.0,0,0.0,[70.78376796980656],[70.78376796980656]
292340,129,,50.40291812044868,76.02810859526498,11,3.0737231094268265,0.4883919105932294,2.8151308993804096,6.293558600701028,4.543987727199376,0.136051628096472,-2.7769763681518,"[0.6516428114379949, -0.17541638061814524]",0.6748401738841457,1,0.6748401738841457,11,15.561882802576283,moving,1181,[1186],[1186],1.0,[1186],[55.037810622724734],0.3913853320098627,0,0.0,[1186],1.0,0,0.0,[55.037810622724734],[55.037810622724734]
290379,129,,51.82364785130336,75.65605020393399,12,3.025377493096736,0.5005941525122506,2.1912806654407757,6.043573377582949,4.569337728466884,0.0068309626875832,-0.1292206654088888,"[1.4207297308546742, -0.37205839133099516]",1.4686389667628337,1,1.4686389667628337,12,16.304012883818967,moving,1160,[],[],0.0,[],,53.15374495007781,0,0.0,[],0.0,0,0.0,,
285267,129,,52.203243841247,74.7245440349362,13,3.029187609277282,0.5036813398590791,-1.2814357605260356,6.014095360619858,4.57567522878376,0.9277078591441592,0.920876896456576,"[0.3795959899436454, -0.9315061689977853]",1.0058811353545838,1,1.0058811353545838,13,16.815458553314855,moving,1146,[1234],[1234],1.0,[1234],[20.740532315214878],166.99555962448483,1,1.0,[1093],1.0,1,1.0,[21.476980002780778],[21.476980002780778]
322385,129,,51.98952067958758,75.02778869740679,15,3.025789874961748,0.5009267329893325,1.5378508431667797,6.040384103489608,4.541875227093762,2.1510933091268565,-0.9828315946217736,"[-0.05918484698224802, -0.08446357163623475]",0.1031355469557488,1,0.1031355469557488,15,18.018245325413645,moving,1150,[],[],0.0,[],,78.25751944382718,0,0.0,[],0.0,0,0.0,,
311808,129,,52.2464198110624,75.3024919254549,16,3.10877420063746,0.4996130791743908,1.4284929497347143,6.22236352533985,4.596800229840008,3.000878671087654,0.8497853619607976,"[0.25689913147481747, 0.27470322804811076]",0.3761103923751215,1,0.3761103923751215,16,18.728726447769965,moving,1160,[],[],0.0,[],,48.68643191235331,0,0.0,[],0.0,0,0.0,,
314916,129,,52.668559896051335,75.28945990806947,17,3.114446477223632,0.507378985523828,1.4497309727604637,6.1383040411266085,4.5799002289950135,0.8497385379186178,-2.1511401331690365,"[0.4221400849889392, -0.013032017385427253]",0.4223411948077086,1,0.4223411948077086,17,19.494134278614403,moving,1150,[],[],0.0,[],,53.11310349107975,0,0.0,[],0.0,0,0.0,,
318958,129,,53.185014532482114,75.93513625687277,18,3.0677357604171256,0.4944608487898928,-1.550416264020975,6.204203564194975,4.533425226671263,0.9269985318718356,0.0772599939532179,"[0.5164546364307796, 0.6456763488032919]",0.8268151781957072,1,0.8268151781957072,18,20.15432278672751,moving,1172,[],[],0.0,[],,90.59334445845356,0,0.0,[],0.0,0,0.0,,
319600,129,,53.52100332215217,75.66063681215061,21,3.0605293258487967,0.4949135141692023,-1.321450344532639,6.183967982742243,4.61370023068501,0.9851973942452762,-0.6562261665711014,"[-0.11492142136841466, -0.27210988987089024]",0.2953823374118444,1,0.2953823374118444,21,22.478300722336545,moving,1164,[],[],0.0,[],,18.37647343875714,0,0.0,[],0.0,0,0.0,,
320354,129,,53.97772105342439,74.94027168541444,23,3.018899536410297,0.5010950185251432,2.020687323368884,6.024604964734486,4.567225228361261,0.4962609943737674,-0.5847003995312441,"[0.038254542624819976, -0.20431570389055764]",0.2078661032677723,1,0.2078661032677723,23,25.007685818318485,moving,1161,[1125],[1125],1.0,[1125],[30.667033995526367],33.86138126810623,0,0.0,[1125],1.0,0,0.0,[30.667033995526367],[30.667033995526367]
326043,129,,53.96614624582828,74.49418036054405,24,3.0436335594237725,0.4891984724734582,1.925325986187318,6.221674291080103,4.463712723185631,0.2110308843320527,-0.2852301100417146,"[-0.01157480759611218, -0.4460913248703946]",0.4462414663559528,1,0.4462414663559528,24,26.52397484712081,moving,1152,[],[],0.0,[],,33.46757533273686,0,0.0,[],0.0,0,0.0,,
328649,129,,54.364629948379246,73.85600840070717,25,3.099498977289856,0.5005863212837869,-1.2013534388441038,6.19173725990152,4.51230022561501,0.5841193822154949,0.3730884978834421,"[0.3984837025509691, -0.6381719598368818]",0.7523647463303792,1,0.7523647463303792,25,28.154267284334285,moving,1155,[],[],0.0,[],,178.1975893782999,1,0.0,[1125],1.0,1,1.0,[1.6486384097907063],[1.6486384097907063]
323686,129,,54.00434353432338,74.39453006267864,26,3.138398904224722,0.4960811682464562,1.976110471322166,6.326381860690882,4.693975234698763,3.1101346537682084,2.5260152715527138,"[-0.3602864140558637, 0.5385216619714726]",0.6479289162907844,1,0.6479289162907844,26,29.424794272817163,moving,1161,[],[],0.0,[],,20.77665332103238,0,0.0,[],0.0,0,0.0,,
333427,129,,53.785929003247645,75.34006007610138,27,3.072684259468539,0.5015434071604343,-1.1978171353729203,6.126457282860155,4.628487731424387,0.3626210079974294,-2.7475136457707787,"[-0.21841453107573727, 0.94553001342274]",0.9704287267327988,1,0.9704287267327988,27,31.33043922565729,moving,1174,[],[],0.0,[],,7.754501444578514,0,0.0,[],0.0,0,0.0,,
342883,129,,53.663287662476144,75.66357028709444,28,3.09966445306576,0.50306078254896,2.0050042877070577,6.161610208134416,4.643275232163764,0.1353415820585516,-0.2272794259388778,"[-0.12264134077150146, 0.32351021099306365]",0.3459765238900005,1,0.3459765238900005,28,33.9543680313594,moving,1177,[],[],0.0,[],,14.301167881792926,0,0.0,[],0.0,0,0.0,,
340190,129,,53.57174663685139,76.47199081095694,29,3.10435910145844,0.4836816768184035,2.047271320209478,6.418186278790875,4.567225228361253,0.2496024664177497,0.1142608843591981,"[-0.09154102562475686, 0.8084205238624946]",0.81358681329932,1,0.81358681329932,29,37.00437125318624,moving,1188,[],[],0.0,[],,19.8369241592326,0,0.0,[],0.0,0,0.0,,
347304,129,,53.148947305741146,77.32756323587928,31,3.012070227552571,0.4862143760011717,1.9107191668294263,6.194942758223406,4.594687729734383,0.2990076315513585,-0.1435879508732959,"[-0.07904247831485378, 0.30156389303260767]",0.3117506935984845,1,0.3117506935984845,31,44.685357943876426,moving,1212,[],[],0.0,[],,162.55978257408094,1,0.0,[1273],1.0,1,1.0,[56.52452240514961],[56.52452240514961]
347625,129,,53.25414503063677,76.6524735898735,32,3.096911270105945,0.4860068917458678,2.141004323474608,6.372155051096096,4.598912729945634,3.0398351264175245,2.740827494866166,"[0.10519772489561774, -0.6750896460057874]",0.6832368487336097,1,0.6832368487336097,32,49.11825093120403,moving,1205,[],[],0.0,[],,12.626432382065062,0,0.0,[],0.0,0,0.0,,
349227,129,,53.19537991310118,75.76051630193004,33,3.0874052777141507,0.5019338857684124,-0.7854183767616215,6.151019816061295,4.691862734593137,0.2203728178474486,-2.819462308570076,"[-0.05876511753558589, -0.8919572879434554]",0.8938910126824273,1,0.8938910126824273,33,53.526663931049534,moving,1191,[],[],0.0,[],,50.93807754390207,0,0.0,[],0.0,0,0.0,,
345004,129,,53.54097996320324,75.44013614737928,34,3.1086242766195,0.4932515744977958,2.357402917780262,6.302309890818994,4.628487731424393,0.8890371677772593,0.6686643499298106,"[0.34560005010205685, -0.32038015455076163]",0.4712566583726049,1,0.4712566583726049,34,58.46519390945801,moving,1188,[],[],0.0,[],,13.976439726888213,0,0.0,[],0.0,0,0.0,,
350098,129,,54.363228301387295,74.18323788366779,35,3.117747245551998,0.4967625726400345,2.2223911942692123,6.276131530970206,4.6496127324806364,0.243934890940722,-0.6451022768365372,"[0.8222483381840604, -1.2568982637114914]",1.5019605770350335,1,1.5019605770350335,35,63.827047787944494,moving,1168,[],[],0.0,[],,126.89388977821012,0,0.0,[],0.0,0,0.0,,
352378,129,,54.52404826928852,74.62716254432188,36,3.154407854807308,0.4883738328242162,-0.8658088381689846,6.459002597591455,4.586237729311882,2.21471617729254,1.970781286351818,"[0.16081996790122588, 0.44392466065409053]",0.4721569298576488,1,0.4721569298576488,36,68.78525641738483,moving,1177,[],[],0.0,[],,122.36728597614182,0,0.0,[],0.0,0,0.0,,
350142,129,,55.2579951516374,73.67819173581226,37,3.044995055763983,0.4894107655292494,-0.8500143093765689,6.221757407545216,4.577787728889378,2.135712037013158,-0.0790041402793817,"[0.7339468823488815, -0.948970808509614]",1.199676465349318,1,1.199676465349318,37,74.80549588985404,moving,1177,[1151],[1151],1.0,[1151],[71.08513641263896],11.79686769228858,0,0.0,[1151],1.0,0,0.0,[71.08513641263896],[71.08513641263896]
357407,129,,55.8500796275373,72.4600316678788,38,3.101020327658255,0.4801066458699085,2.064672081044997,6.45902395714497,4.6580627329031365,0.205894182652581,-1.929817854360577,"[0.5920844758998953, -1.2181600679334679]",1.3544290227654323,1,1.3544290227654323,38,80.53008431005199,moving,1149,[],[],0.0,[],,5.887946520467492,0,0.0,[],0.0,0,0.0,,
354762,129,,56.71495690634061,71.06566712731677,39,3.057882082386433,0.5042961333706946,1.8356032961515427,6.063663550120195,4.548212727410632,0.1027640529635014,-0.1031301296890796,"[0.8648772788033128, -1.394364540562023]",1.640812353490479,1,1.640812353490479,39,85.45493578274858,moving,1132,[1089],[1089],1.0,[1089],[34.10923107136105],7.780900853225972,0,0.0,[1089],1.0,0,0.0,[34.10923107136105],[34.10923107136105]
361581,129,,57.23539234848565,69.89834210326184,40,3.14311202010676,0.4763847970536088,1.759062782926551,6.597842835343584,4.51230022561501,0.1358023386600243,0.0330382856965229,"[0.5204354421450432, -1.1673250240549322]",1.2780848020477964,1,1.2780848020477964,40,87.41735754682121,moving,1110,[1069],[1069],1.0,[1069],[43.83482276181124],4.1186029666208315,0,0.0,[1069],1.0,0,0.0,[43.83482276181124],[43.83482276181124]
365603,129,,57.37436440237115,69.51465423141873,42,3.0941071306133026,0.5066514600461709,2.0191745602732456,6.10697367837712,4.64538773226938,2.501046815533879,2.311025832753845,"[0.03216733004007466, 0.07377215944094928]",0.0804802375151063,1,0.0804802375151063,42,84.18360232948099,moving,1100,[],[],0.0,[],,161.6658890168543,1,0.0,[],0.0,1,0.0,,
366987,129,,57.01130710540035,69.97528052367004,43,3.095665939423536,0.5072574220442141,-1.2654102902607025,6.102751393854832,4.710875235543761,1.0786742405679477,-1.4223725749659315,"[-0.36305729697080125, 0.46062629225130536]",0.5865042045858918,1,0.5865042045858918,43,81.4828575957345,moving,1105,[],[],0.0,[],,19.905923342036484,0,0.0,[],0.0,0,0.0,,
387264,129,,56.434258904048335,71.71617648258491,44,3.119027359565502,0.4956568125081236,-1.383889259334505,6.292715606555658,4.651725232586255,0.34742390296813,-0.7312503375998174,"[-0.5770482013520137, 1.7408959589148765]",1.83404017580034,1,1.83404017580034,44,80.05523281178183,moving,1142,[1226],[1226],1.0,[1226],[18.034845134478324],20.05368977759274,0,0.0,[1226],1.0,0,0.0,[18.034845134478324],[18.034845134478324]
367350,129,,56.496511225065966,73.79522857694703,45,1.635856894346877,0.4973152760612556,-1.5151860993135455,3.289375921252385,2.368112618405621,0.3500029137925227,0.0025790108243926,"[0.06225232101763112, 2.079052094362112]",2.0799838851643937,1,2.0799838851643937,45,81.83385698858451,moving,1208,[1162],[1162],1.0,[1162],[14.575986425728871],146.96874006859505,0,0.0,[1237],1.0,0,0.0,[37.96120748294263],[37.96120748294263]
374400,129,,57.304345070601286,72.46742041980995,46,3.1376047269550686,0.4975962958082313,1.992160284086224,6.305522676487668,4.715100235755005,2.5650884117047,2.215085497912177,"[0.8078338455353204, -1.3278081571370706]",1.5542425885787996,1,1.5542425885787996,46,85.268015207708,moving,1159,[],[],0.0,[],,176.79822708139835,0,0.0,[],0.0,0,0.0,,
376993,129,,56.97203651594184,73.08940243817237,47,3.160475288731719,0.5048849925318771,1.9995151495761532,6.259792498253302,4.725662736283141,3.0857111742590058,0.5206227625543058,"[-0.3323085546594484, 0.6219820183624165]",0.7051883483623628,1,0.7051883483623628,47,83.65296421741897,moving,1174,[],[],0.0,[],,6.064009765797286,0,0.0,[],0.0,0,0.0,,
373164,129,,56.7603930129473,73.61191464078964,48,3.15880032457588,0.4923690151750943,2.06853678737224,6.415514029558825,4.598912729945636,0.1058369362862528,-2.9798742379727527,"[-0.2116435029945407, 0.5225122026172642]",0.5637481478849798,1,0.5637481478849798,48,84.30619321518513,moving,1179,[],[],0.0,[],,21.809766765114546,0,0.0,[],0.0,0,0.0,,
381230,129,,56.75483579668223,74.93508990681727,49,3.106732911564064,0.5036669504221184,2.3193663448792834,6.168228645854847,4.719325235966251,0.3806522391432815,0.2748153028570287,"[-0.005557216265067666, 1.3231752660276328]",1.3231869358786434,1,1.3231869358786434,49,88.09591666687633,moving,1208,[1287],[1287],1.0,[1287],[35.97815444736672],,0,0.0,[1287],1.0,0,0.0,[35.97815444736672],[35.97815444736672]
380411,129,,55.70304069789692,76.31368563730179,50,1.5871835915592118,0.4741642818752742,2.536563748313455,3.3473284518227584,2.31107511555375,0.6475357683143311,0.2668835291710495,"[-1.0517950987853126, 1.3785957304845198]",1.7340124330404765,1,1.7340124330404765,50,88.3646579538802,moving,1259,[],[],0.0,[],,,0,0.0,[],0.0,0,0.0,,
286241,130,,65.22417331735325,45.569217002685775,0,2.1591207742669343,0.5362127159543502,-0.0822103742508277,4.026612405907115,3.5067501753375083,,,"[0.0, 0.0]",0.0,0,0.0,0,0.0,moving,717,[724],[724],1.0,[724],[5.040391255413056],,0,0.0,[],0.0,0,0.0,,
284057,130,,64.14610720926053,45.82112977415848,1,2.143476659855892,0.5563993404185632,3.1206874348687395,3.852406903004982,3.517312675865621,,,"[-1.0780661080927132, 0.2519127714727034]",1.107107301867903,1,1.107107301867903,1,0.6547036916103652,moving,717,[720],[720],1.0,[720],[5.1688914787283124],,0,0.0,[],0.0,0,0.0,,
294770,130,,62.99813168116279,45.96813125541289,2,2.1833525063694967,0.5156155747804101,3.1267167835418195,4.2344580209768505,3.447600172380004,0.1021924379196793,,"[-1.1479755280977457, 0.1470014812544136]",1.157349233637924,1,1.157349233637924,2,1.2052553473215353,moving,728,[],[],0.0,[],,154.89035934248173,0,0.0,[],0.0,0,0.0,,
296650,130,,65.53072933780274,46.78186736673264,3,2.47450440033908,0.509882628310386,0.2538648213015906,4.853086304467604,3.8996751949837583,2.703346750123466,2.601154312203786,"[2.5325976566399504, 0.8137361113197485]",2.660116040567395,1,2.660116040567395,3,1.8934906169194032,moving,739,[724],[724],1.0,[724],[153.14292393310646],175.27320526524045,0,0.0,[],0.0,0,0.0,,
287832,130,,61.69304517609136,45.889821809417725,4,2.210680854642093,0.5182761848241471,-0.2263955712719834,4.265449425178942,3.4454876722743744,3.0590945224023067,0.3557477722788413,"[-3.8376841617113797, -0.8920455573149155]",3.9399955585477056,1,3.9399955585477056,4,2.9632858264560284,moving,737,[742],[742],1.0,[742],[159.94898452639225],1.5758139085738994,0,0.0,[],0.0,0,0.0,,
286753,130,,60.73732513482643,45.69520709928885,8,2.204853919959449,0.5045337729005868,2.770182298435576,4.370081921936854,3.333525166676256,0.5683426030765524,-0.5743485264154575,"[-0.03181172274846489, -0.015826833796211304]",0.0355313153744425,1,0.0355313153744425,8,7.854819213481871,moving,728,[735],[735],1.0,[735],[152.3935530042072],21.134418638175827,0,0.0,[],0.0,0,0.0,,
286398,130,,60.405358951171074,45.75150135251428,9,2.1825851913271808,0.5116257437558199,-0.3637479611044424,4.265980001914931,3.373662668683134,0.6296385026962499,0.0612958996196975,"[-0.3319661836553536, 0.056294253225431135]",0.3367054945154725,1,0.3367054945154725,9,9.618671307051708,moving,729,[733],[733],1.0,[733],[150.65529316729467],24.429937851586143,0,0.0,[],0.0,0,0.0,,
284862,130,,59.89847771773021,46.09409898296881,10,2.2298965327719973,0.4988770195545452,2.9001694315944437,4.469832133705228,3.3757751687887514,0.426382851567768,-0.2032556511284818,"[-0.5068812334408648, 0.3425976304545273]",0.6118020277897004,1,0.6118020277897004,10,11.635894198485184,moving,735,[738],[738],1.0,[738],[155.56531938258325],9.505397716620394,0,0.0,[],0.0,0,0.0,,
285716,130,,59.30989718700271,46.65381157526824,11,2.226254479808962,0.5129247972660126,2.748595635830871,4.340313612590626,3.4095751704787567,0.1659004868665714,-0.2604823647011967,"[-0.5885805307274978, 0.5597125922994266]",0.8122224000420126,1,0.8122224000420126,11,13.71815860454233,moving,737,[740],[740],1.0,[740],[139.65737528838233],0.4022453948194715,0,0.0,[],0.0,0,0.0,,
286525,130,,58.84893682851612,47.09836755499105,12,2.169462233599422,0.5230166509528029,-0.0062794181836459,4.147979284497376,3.409575170478756,0.0070205065405843,-0.1588799803259871,"[-0.460960358486588, 0.44455597972281424]",0.6404018044972976,1,0.6404018044972976,12,15.78217082446759,moving,746,[737],[737],1.0,[737],[9.802496715245269],84.13424339394243,0,0.0,[],0.0,0,0.0,,
309198,130,,58.3842593521804,46.70607230335907,16,2.18529195812269,0.5359472877006024,-0.0049403500977376,4.077438226244864,3.434925171746264,1.4776608962200606,-1.421614926081559,"[-0.00525531893858755, -0.17961789317268995]",0.1796947576445738,1,0.1796947576445738,16,25.53587410940208,moving,763,[749],[749],1.0,[749],[13.28279519693362],35.187093440445224,0,0.0,[],0.0,0,0.0,,
309994,130,,57.8522845862005,46.65967078571681,17,2.2052489678479685,0.5024455036264251,0.045268362304581,4.389031152496093,3.458162672908128,1.454541514250184,-0.0231193819698765,"[-0.5319747659798963, -0.046401517642259194]",0.5339946183987909,1,0.5339946183987909,17,28.58022443164261,moving,751,[734],[734],1.0,[734],[11.437096496506314],7.7563453136116065,0,0.0,[],0.0,0,0.0,,
323507,130,,57.10009252480948,46.696081912742734,25,2.180623852091364,0.4960476409292276,0.150372615444406,4.395996819995922,3.4011251700562597,2.860526656212952,2.650084753215687,"[-0.11771267729756829, 0.04437483411552279]",0.1257990472910729,1,0.1257990472910729,25,59.38622351670752,moving,761,[741],[741],1.0,[741],[9.359588522126813],9.750708418306262,0,0.0,[],0.0,0,0.0,,
333024,130,,56.16067723271904,46.58107950506769,27,2.2091576971481297,0.511708157429841,0.2241924433850004,4.31722196543451,3.420137671006884,0.4252418857847818,0.0720824722755046,"[-0.27005005116678404, -0.1199172193930238]",0.2954778665858701,1,0.2954778665858701,27,70.25194660391699,moving,752,[724],[724],1.0,[724],[9.86580694308438],41.17454946690835,0,0.0,[],0.0,0,0.0,,
339622,130,,55.62944672835959,45.9878912890349,28,2.1479925566874223,0.4989217557815968,0.4306882769204449,4.305269377003689,3.284937664246875,0.422544968078599,-0.0026969177061828,"[-0.5312305043594492, -0.593188216032793]",0.7962902161914098,1,0.7962902161914098,28,76.10714631526623,moving,736,[720],[720],1.0,[720],[13.037651333442682],27.704181261264733,0,0.0,[],0.0,0,0.0,,
336636,130,,55.224991934781485,45.83707608295495,29,2.176047372300641,0.4998552714000359,0.4828587866740911,4.353354854507763,3.354650167732508,0.483529179578385,0.0609842114997859,"[-0.404454793578104, -0.15081520607994747]",0.4316583213992795,1,0.4316583213992795,29,82.12948505815349,moving,734,[722],[722],1.0,[722],[19.612536752906408],4.978433852612667,0,0.0,[],0.0,0,0.0,,
335048,130,,53.90442894662333,45.47156363679144,30,2.1673531439704066,0.5012079672286623,0.6388485469694923,4.324259161230794,3.4138001706900045,0.0868900623208435,-0.3966391172575414,"[-1.3205629881581515, -0.36551244616350687]",1.370213835134362,1,1.370213835134362,30,88.31336109278026,moving,731,[724],[724],1.0,[724],[130.42607874009914],11.215430017989636,0,0.0,[],0.0,0,0.0,,
342329,130,,52.90993361441791,44.97167299929438,32,2.2292319573315016,0.4977140193896154,0.3031887174355092,4.478941461334319,3.380000169000012,0.1898003046123195,0.0193702390489115,"[-0.12065067803686702, -0.08801543078263308]",0.1493429012929915,1,0.1493429012929915,32,98.14012197431713,moving,730,[729],[729],1.0,[729],[142.7678082439367],4.859680984047026,0,0.0,[],0.0,0,0.0,,
346455,130,,52.42936990248612,44.67664738182195,35,2.172362063950797,0.5014219768469256,0.2273141213209297,4.3324029744591295,3.365212668260636,2.597652529593668,2.129148575263008,"[0.004840814091217283, 0.04154904371887369]",0.0418300910233124,1,0.0418300910233124,35,112.08932184547642,moving,729,[733],[733],1.0,[733],[139.12739073872817],4.548471483325858,0,0.0,[],0.0,0,0.0,,
344997,130,,51.46361307273942,44.184613295786775,36,2.1952439877316228,0.5046330944737174,0.0588136051972658,4.35017840044963,3.477175173858757,2.157984903740964,-0.4396676258527043,"[-0.9657568297466952, -0.49203408603517573]",1.0838744373878637,1,1.0838744373878637,36,117.19425965767743,moving,726,[732],[732],1.0,[732],[130.50741852008468],27.608420334796936,0,0.0,[],0.0,0,0.0,,
344652,130,,51.1008479770892,43.67403306799692,37,2.1684786680935404,0.5166693765403909,2.6021812203838515,4.197033473540924,3.424362671218133,0.4818578361167588,-1.676127067624205,"[-0.362765095650218, -0.5105802277898519]",0.6263311293812953,1,0.6263311293812953,37,121.518301203118,moving,713,[754],[754],1.0,[754],[11.076980039881931],18.37125704003842,0,0.0,[],0.0,0,0.0,,
351564,130,,50.710510055456254,43.38798141223837,38,2.2498457747533926,0.516481705486191,2.2755935109554417,4.356099646618647,3.5257626762881342,0.3206389230788581,-0.1612189130379006,"[-0.39033792163294834, -0.2860516557585555]",0.4839310310642838,1,0.4839310310642838,38,126.05400392228944,moving,705,[756],[756],1.0,[756],[4.492581479915302],52.312862833061395,0,0.0,[],0.0,0,0.0,,
365194,130,,49.65917195836555,43.69099238429289,43,2.256489504400641,0.494194983956413,1.6845959238970765,4.565990302725651,3.477175173858762,0.589925572475975,-1.7315766180896053,"[0.12900982902054636, -0.284150010467215]",0.312065320778245,1,0.312065320778245,43,144.99182646115855,moving,695,[],[],0.0,[],,89.53410183508281,0,0.0,[],0.0,0,0.0,,
385806,130,,49.558008572683626,43.350423526997886,44,2.257868086589486,0.5193914790001866,-1.5566096043807276,4.347141179396736,3.5046376752318986,0.7149332303651605,0.1250076578891855,"[-0.10116338568192162, -0.3405688572950041]",0.3552761984173075,1,0.3552761984173075,44,148.63353842534417,moving,701,[],[],0.0,[],,31.149221482046237,0,0.0,[],0.0,0,0.0,,
376433,130,,49.724248123679125,42.71247432984613,50,2.2869905831047603,0.5113018904398448,1.9378181724862396,4.472877229414092,3.555337677766888,1.587173274334643,0.7912513805280356,"[-0.13660155279378472, -0.036069411976193066]",0.1412833560826663,1,0.1412833560826663,50,180.55395283506056,moving,693,[],[],0.0,[],,32.84939717618829,0,0.0,[],0.0,0,0.0,,
381734,130,,49.54516521545212,42.16919151563855,52,2.2705259789157624,0.4869468744159926,2.1444678939124437,4.662779654636576,3.4032376701618814,0.4551193270502017,-0.3526601740143736,"[-0.011994091862220557, -0.24093102031877578]",0.2412293821064211,1,0.2412293821064211,52,193.81261081839187,moving,695,[712],[712],1.0,[712],[93.3680170641442],161.6563773679588,0,0.0,[],0.0,0,0.0,,
378365,130,,49.85367753813469,42.58479387110384,53,2.232830146728213,0.5124798111540296,2.4992609641231134,4.356913381036817,3.4750626737531363,2.5527623969133577,2.097643069863156,"[0.30851232268257434, 0.415602355465289]",0.5175955671325764,1,0.5175955671325764,53,202.01473558563504,moving,707,[709],[709],1.0,[709],[113.46268854882334],98.49194151761893,0,0.0,[],0.0,0,0.0,,
387824,130,,49.24811750321373,42.90807180737222,54,2.2526110048708183,0.5246787946645117,-0.5800567253210093,4.293314362573343,3.479287673964379,1.7190086661641526,-0.8337537307492051,"[-0.6055600349209627, 0.32327793626838286]",0.686448526818597,1,0.686448526818597,54,214.82391240244112,moving,711,[698],[698],1.0,[698],[108.90075790568699],83.12676875920374,0,0.0,[],0.0,0,0.0,,
390207,130,,49.38425409026307,43.258648537331055,55,2.275128103209356,0.4759129839985034,-0.4399855799973224,4.7805548066671575,3.390562669528125,1.4508358113920576,-0.2681728547720949,"[0.13613658704934295, 0.3505767299588385]",0.376081392682589,1,0.376081392682589,55,228.74376957462692,moving,725,[699],[699],1.0,[699],[116.90074137790597],90.86515961578138,0,0.0,[],0.0,0,0.0,,
395260,130,,48.85655967610941,43.45444687924371,58,2.2430633475334725,0.5058015078253794,3.036258933003767,4.434671136464578,3.481400174070006,1.6508658358990098,-0.6204409616402187,"[-0.2256552160341272, 0.11287194104286868]",0.2523100307126005,1,0.2523100307126005,58,254.90735297941137,moving,744,[],[],0.0,[],,,0,0.0,[],0.0,0,0.0,,
396452,130,,48.975372661617406,43.12066865432441,59,2.2466789366210755,0.5190838022333198,-0.0388070093569788,4.328162287004343,3.4835126741756217,2.376579018525225,0.7257131826262151,"[0.11881298550799357, -0.33377822491929976]",0.3542942688720795,1,0.3542942688720795,59,270.01891176410464,moving,748,[],[],0.0,[],,,0,0.0,[],0.0,0,0.0,,
282180,131,,36.973998613547344,12.16087696491174,0,1.569569985040825,0.5126127055480824,0.886912874395873,3.061902227652844,2.4378251218912546,,,"[0.0, 0.0]",0.0,0,0.0,0,0.0,moving,213,[],[],0.0,[],,,0,0.0,[],0.0,0,0.0,,
280145,131,,37.93978709639791,12.750205892706717,1,1.6267426848532789,0.5023335711389096,0.6096291853577429,3.238371429496672,2.551900127595005,,,"[0.965788482850563, 0.5893289277949751]",1.131395588970881,1,1.131395588970881,1,1.05016940388934,moving,223,[],[],0.0,[],,,0,0.0,[],0.0,0,0.0,,
289986,131,,39.23734778944494,13.91806772383843,2,1.5706128334307488,0.5148884486994822,0.9230091241652948,3.0503943861973224,2.4821876241093803,0.1849500785582705,,"[1.297560693047032, 1.1678618311317148]",1.7457276444952734,1,1.7457276444952734,2,3.2421979510285475,moving,242,[275],[275],1.0,[275],[43.445430867096675],16.449660260969864,0,0.0,[275],1.0,0,0.0,[43.445430867096675],[43.445430867096675]
288872,131,,40.02737954911878,15.204169973314736,3,1.5610722674825406,0.5013946449999951,0.5998852688728672,3.1134601915873192,2.406137620306878,0.2871007323883922,0.1021506538301217,"[0.7900317596738375, 1.286102249476306]",1.5093737699461172,1,1.5093737699461172,3,6.488764067393034,moving,269,[294],[294],1.0,[294],[136.7430361025817],6.218485470363014,0,0.0,[294],1.0,0,0.0,[136.7430361025817],[43.2569638974183]
284413,131,,40.7463491415256,16.131721108640054,4,1.5793408825066235,0.533148278314916,0.7757136478130487,2.9622920053279262,2.4758501237925064,0.1085330459452628,-0.1785676864431293,"[0.7189695924068218, 0.9275511353253183]",1.173570783314291,1,1.173570783314291,4,10.214009803811177,moving,284,[287],[],1.0,[287],[100.15101426541175],0.2098327649704328,0,0.0,[287],1.0,0,0.0,[100.15101426541175],[79.84898573458825]
294979,131,,41.31910752612036,16.865080886222565,5,1.5704646000048257,0.5209963841589956,0.7014310949066428,3.014348367388203,2.5159876257993794,0.0036622726272368,-0.104870773318026,"[0.5727583845947564, 0.7333597775825105]",0.9305206770939934,1,0.9305206770939934,5,14.436681264212226,moving,295,[],[],0.0,[],,12.42103643535734,0,0.0,[],0.0,0,0.0,,
312860,131,,42.438175434750825,17.790489709832674,15,1.6600756475591445,0.5013356027736887,0.7077493651092371,3.3113061158525587,2.5582376279118773,1.9760554200744416,0.5826317210402874,"[0.29488726632254725, -0.12269141026576946]",0.3193926767979946,1,0.3193926767979946,15,69.17017993563069,moving,300,[],[],0.0,[],,8.176305591304342,0,0.0,[],0.0,0,0.0,,
306876,131,,42.6829359116697,18.06009383616143,16,1.5897849087255114,0.5097749580011744,0.7228885439922383,3.1186014216136697,2.4695126234756297,1.2279362051209708,-0.7481192149534708,"[0.24476047691887715, 0.26960412632875475]",0.3641346948521211,1,0.3641346948521211,16,75.226090470591,moving,305,[310],[],1.0,[310],[79.41042914193231],24.308597472146452,0,0.0,[310],1.0,0,0.0,[79.41042914193231],[79.41042914193231]
310939,131,,42.9061471774895,18.750090969765704,18,1.5747957792452565,0.5061559236780319,1.3144694476570695,3.1112858816347493,2.4314876215743784,0.167666974427238,-0.1824886046170848,"[0.07000081484659404, 0.3140477590089823]",0.3217547342584891,1,0.3217547342584891,18,86.02223952116765,moving,315,[],[],0.0,[],,9.18323201456058,0,0.0,[],0.0,0,0.0,,
309539,131,,43.05182609779083,19.697357184895584,19,1.59786186800389,0.4959350551377876,1.2562808733237116,3.2219175705576,2.456837622841876,0.0667201435879965,-0.1009468308392414,"[0.14567892030132867, 0.9472662151298792]",0.9584026451062452,1,0.9584026451062452,19,91.09994298055668,moving,331,[],[],0.0,[],,5.370859739582981,0,0.0,[],0.0,0,0.0,,
307272,131,,43.07624046570124,20.11170678462664,20,1.5889761805536515,0.5241194345951107,1.140794118264285,3.0317062785148523,2.488525124426253,0.093739186118527,0.0270190425305304,"[0.02441436791040985, 0.4143495997310538]",0.4150682499996228,1,0.4150682499996228,20,95.43570283775249,moving,345,[],[],0.0,[],,156.0513444168865,1,0.0,[376],1.0,1,1.0,[44.70002483769609],[44.70002483769609]
312359,131,,42.89562087272399,19.76207342805107,21,1.6040409313806785,0.5193973127890529,1.1265124226876568,3.088273450563925,2.539225126961247,2.7236097622383366,2.6298705761198096,"[-0.1806195929772514, -0.34963335657556627]",0.3935313474141101,1,0.3935313474141101,21,98.65726554417353,moving,332,[],[],0.0,[],,20.250149250194497,0,0.0,[],0.0,0,0.0,,
308086,131,,42.80938170086517,19.0667952401834,22,1.605590445287078,0.5192384346900007,1.1663184561012083,3.0922026144802985,2.5012001250600027,0.3534317784361594,-2.370177983802177,"[-0.08623917185882135, -0.6952781878676717]",0.7006061327789307,1,0.7006061327789307,22,101.65674287299538,moving,319,[],[],0.0,[],,38.07038120030334,0,0.0,[],0.0,0,0.0,,
335617,131,,42.18185883982071,18.442352906253465,29,1.63945810430709,0.4962667682782612,1.2760641325542137,3.3035822849774843,2.5054251252712567,1.266927959029737,-1.028059591531364,"[0.10351008671246831, 0.20486538135078902]",0.2295303085155137,1,0.2295303085155137,29,134.90053501381024,moving,312,[],[],0.0,[],,147.44469779455312,1,0.0,[352],1.0,1,1.0,[20.957418608169974],[20.957418608169974]
334653,131,,42.31208867195712,19.025652587513367,30,1.6002651984133354,0.5165268542009057,1.3075658316478505,3.098125848440213,2.467400123370003,0.2481844883468669,-1.0187434706828702,"[0.1302298321364077, 0.5832996812599021]",0.5976607125587061,1,0.5976607125587061,30,141.8894171027098,moving,325,[],[],0.0,[],,6.912907120083722,0,0.0,[],0.0,0,0.0,,
339285,131,,42.51790545347303,19.6069069026509,31,1.5820518753126525,0.5040690867601841,1.3697291413217902,3.138561591786979,2.437825121891259,0.1206529901300199,-0.1275314982168469,"[0.20581678151590665, 0.5812543151375316]",0.6166174879287541,1,0.6166174879287541,31,149.29708372360258,moving,339,[377],[377],1.0,[377],[42.884340151335614],6.1663725141449754,0,0.0,[377],1.0,0,0.0,[42.884340151335614],[42.884340151335614]
337938,131,,43.03512593558669,20.68329597162798,32,1.6074629122288615,0.4999631112316654,0.9487880939946788,3.215163031266159,2.5096501254825028,0.1076235032763052,-0.0130294868537147,"[0.5172204821136575, 1.0763890689770825]",1.1942070402284668,1,1.1942070402284668,32,157.47473963560668,moving,351,[],[],0.0,[],,23.595698096026965,0,0.0,[],0.0,0,0.0,,
340667,131,,43.91302756178968,21.439459995446,33,1.6071057100421622,0.5126866014216889,0.5929296055429155,3.134674683492079,2.5012001250600027,0.4118226210822326,0.3041991178059274,"[0.8779016262029913, 0.7561640238180196]",1.158660992787155,1,1.158660992787155,33,165.60365596490047,moving,364,[],[],0.0,[],,10.785566659001503,0,0.0,[],0.0,0,0.0,,
338308,131,,44.59415064356088,22.29651369651661,34,1.5997251922964462,0.4958538000834454,1.0128866098803069,3.2262033527367024,2.4652876232643783,0.188243649892896,-0.2235789711893366,"[0.6811230817712044, 0.8570537010706083]",1.0947464085532916,1,1.0947464085532916,34,173.94099876575712,moving,371,[],[],0.0,[],,27.054131496384446,0,0.0,[],0.0,0,0.0,,
343595,131,,44.77592115793279,23.19629634098592,35,1.6084637162889368,0.5230557159930969,1.2246591944204612,3.07512883830174,2.5582376279118777,0.472183670879414,0.283940020986518,"[0.18177051437191238, 0.8997826444693118]",0.9179593276301612,1,0.9179593276301612,35,182.3388485555153,moving,389,[],[],0.0,[],,0.5737747809689191,0,0.0,[],0.0,0,0.0,,
342925,131,,45.02963620199332,24.390471742659106,36,1.6087820741857597,0.5357628348416067,1.1009064671629156,3.00278774406101,2.585700129285008,0.0100142590928169,-0.4621694117865971,"[0.25371504406052736, 1.194175401673185]",1.2208301329603344,1,1.2208301329603344,36,190.73684406497415,moving,413,[],[],0.0,[],,9.651242214862435,0,0.0,[],0.0,0,0.0,,
342026,131,,45.39361546789862,25.30762766942156,37,1.643816201083468,0.5299287957483028,1.5417781926502765,3.101956742626649,2.549787627489375,0.1684459535568195,0.1584316944640025,"[0.36397926590530005, 0.9171559267624545]",0.9867400366887208,1,0.9867400366887208,37,198.79573378332336,moving,428,[],[],0.0,[],,7.292377648811349,0,0.0,[],0.0,0,0.0,,
349129,131,,45.65448623621251,26.3270792489625,38,1.6495272609857905,0.5220608497553347,1.9435397913019912,3.159645588744772,2.598375129918755,0.1272760002706008,-0.0411699532862187,"[0.2608707683138931, 1.0194515795409416]",1.052299900593553,1,1.052299900593553,38,206.67357597222045,moving,441,[],[],0.0,[],,28.855407371839352,0,0.0,[],0.0,0,0.0,,
347943,131,,45.32655302123791,27.594937527689616,39,1.6230493507284116,0.5259655714929425,-0.8604660660438547,3.085847132772244,2.592037629601887,0.5036218656428457,0.3763458653722449,"[-0.3279332149746068, 1.2678582787271147]",1.3095819212330566,1,1.3095819212330566,39,214.35904865224984,moving,467,[],[],0.0,[],,28.14399851423375,0,0.0,[],0.0,0,0.0,,
352933,131,,44.26183913860885,28.750948756363886,40,1.6385411650892197,0.5146403259109986,2.231727937806644,3.1838569241318786,2.547675127383757,0.4912054387497624,-0.0124164268930832,"[-1.0647138826290572, 1.15601122867427]",1.5716162421800168,1,1.5716162421800168,40,221.1696954022705,moving,480,[],[],0.0,[],,13.536288932540431,0,0.0,[],0.0,0,0.0,,
360066,131,,43.64726055602328,29.85469687503021,41,1.5902552240247771,0.5025370011957186,2.828684435456238,3.1644540008814883,2.473737623686884,0.2362528103740953,-0.2549526283756671,"[-0.6145785825855725, 1.1037481186663243]",1.2633157735231288,1,1.2633157735231288,41,226.59941126692183,moving,495,[493],[],1.0,[493],[107.46802325127769],74.99397015287043,0,0.0,[493],1.0,0,0.0,[107.46802325127769],[72.53197674872231]
363685,131,,42.76206176955578,29.632292964018703,42,1.6203869659681769,0.4777509143127448,0.1635246271286032,3.3916983043332087,2.37233761861688,1.3088916983099443,1.072638887935849,"[-0.8851987864674982, -0.22240391101150792]",0.9127104640556862,1,0.9127104640556862,42,229.55343459763196,moving,492,[],[],0.0,[],,86.50145952992575,0,0.0,[],0.0,0,0.0,,
364762,131,,42.82385075504961,29.30228415194986,43,1.585323192905551,0.5054622091892452,-0.0797899954536866,3.1363832232846613,2.4547251227362508,1.509735276577831,0.2008435782678865,"[0.06178898549383405, -0.3300088120688436]",0.3357434955013225,1,0.3357434955013225,43,233.0674127289245,moving,480,[483],[],1.0,[483],[133.032946897367],89.00701180843194,0,0.0,[483],1.0,0,0.0,[133.032946897367],[46.967053102633]
384933,131,,41.128620451879584,28.954366891773372,44,1.660237445453011,0.5029877358330266,2.765173315111493,3.3007513447686705,2.54133762706688,1.5534654134186117,0.0437301368407807,"[-1.6952303031700282, -0.3479172601764837]",1.7305641278827713,1,1.7305641278827713,44,236.88270919896024,moving,487,[],[],0.0,[],,38.940489241031095,0,0.0,[],0.0,0,0.0,,
364903,131,,39.88557146693724,29.59712182493868,45,1.6236671547210162,0.514987926299198,2.6013502560708317,3.152825671834677,2.518100125905004,0.6796397495934159,-0.8738256638251958,"[-1.243048984942341, 0.6427549331653033]",1.3993943986862738,1,1.3993943986862738,45,242.6787188535646,moving,493,[],[],0.0,[],,6.675936867582971,0,0.0,[],0.0,0,0.0,,
369079,131,,38.69684552133716,30.045512519065124,46,1.6391757208352642,0.5199150375074919,2.526320604433772,3.1527761318341248,2.573025128651255,0.1165170789945976,-0.5631226705988183,"[-1.1887259456000834, 0.44839069412644506]",1.2704816363576483,1,1.2704816363576483,46,248.7898228984345,moving,499,[],[],0.0,[],,1.373483698791675,0,0.0,[],0.0,0,0.0,,
372995,131,,38.01195492633547,30.32278398247177,47,1.6382700661622338,0.5111251436830787,2.513542761887516,3.205222999512693,2.585700129285006,0.0239718127663847,-0.0925452662282128,"[-0.6848905950016899, 0.2772714634066453]",0.7388874011251183,1,0.7388874011251183,47,254.36265653737456,moving,504,[],[],0.0,[],,23.505861215275857,0,0.0,[],0.0,0,0.0,,
368582,131,,36.88085237129718,30.293841337056737,48,1.6341214212033883,0.5096427939264152,2.3118550359716674,3.206405428817524,2.5265501263275056,0.4102546717233993,0.3862828589570146,"[-1.1311025550382894, -0.02894264541503233]",1.1314727865652654,1,1.1314727865652654,48,259.2627645052417,moving,497,[],[],0.0,[],,106.5529454619968,0,0.0,[518],1.0,1,1.0,[118.94200199148146],[61.05799800851854]
376577,131,,37.021845029384096,29.860392212955,49,1.624305033069791,0.5259035867422739,2.834102743275348,3.088598507440497,2.5497876274893776,1.8596997260097967,1.449445054286398,"[0.1409926580869154, -0.43344912410173464]",0.4558037656919639,1,0.4558037656919639,49,264.89380356659007,moving,498,[484],[484],1.0,[484],[123.19587035701225],46.62074902204465,0,0.0,[484],1.0,0,0.0,[123.19587035701225],[56.804129642987746]
373926,131,,37.48991458510002,29.638531350342987,50,1.631192566756828,0.4977833901643671,-0.0376338385960093,3.2769124060531856,2.5075376253768824,0.8136855701805968,-1.0460141558292002,"[0.4680695557159211, -0.2218608626120151]",0.5179877907316419,1,0.5179877907316419,50,271.90203187995087,moving,498,[],[],0.0,[],,14.495843241664977,0,0.0,[],0.0,0,0.0,,
368370,131,,37.9231257804717,29.27687053615785,51,1.64011772599959,0.5605755567639632,-0.0048698276522979,2.9257746011394152,2.62583763129188,0.2530001924200161,-0.5606853777605807,"[0.4332111953716833, -0.36166081418513585]",0.5643318919859289,1,0.5643318919859289,51,279.57936587194695,moving,497,[],[],0.0,[],,138.71231411782583,1,0.0,[],0.0,1,0.0,,
379944,131,,35.85762384725972,29.225261659592967,52,1.642134042928203,0.5118161634648719,0.3612729729393603,3.208445063187047,2.5772501288625045,2.420986594416674,2.1679864019966586,"[-2.0655019332119835, -0.051608876564884554]",2.066146585371602,1,2.066146585371602,52,287.6433539079092,moving,502,[],[],0.0,[],,15.22857513287315,0,0.0,[],0.0,0,0.0,,
376293,131,,33.907108446124255,28.641567549094862,53,1.66946333223022,0.4951710716735589,0.1673736569952753,3.371488012391023,2.539225126961252,0.2657887764559681,-2.1551978179607065,"[-1.950515401135462, -0.5836941104981008]",2.03597867000045,1,2.03597867000045,53,298.0000171635227,moving,496,[],[],0.0,[],,8.21350788895833,0,0.0,[],0.0,0,0.0,,
387186,131,,32.66949006404999,28.457788418507292,54,1.5826668214853166,0.514155306332762,-0.0364729851083101,3.078188247776271,2.423037621151881,0.1433527558008493,-0.1224360206551188,"[-1.2376183820742668, -0.18377913058757045]",1.251189045863034,1,1.251189045863034,54,312.1122369789609,moving,489,[],[],0.0,[],,12.5279638765538,0,0.0,[],0.0,0,0.0,,
389553,131,,31.80251208493052,28.519654255187504,55,1.6019340094532355,0.5271346234468088,-0.0057854993266851,3.038946671684298,2.4948626247431305,0.2186542182167716,0.0753014624159223,"[-0.8669779791194685, 0.06186583668020873]",0.8691824883338479,1,0.8691824883338479,55,331.62008098575615,moving,496,[488],[488],1.0,[488],[137.6993736289361],29.524375002748343,0,0.0,[488],1.0,0,0.0,[137.6993736289361],[42.30062637106391]
393338,131,,31.01666674589841,29.0418866909595,56,1.635242641356205,0.5107403001637656,2.808807305516826,3.2017106165929627,2.5286626264331264,0.5152975533914725,0.2966433351747009,"[-0.785845339032111, 0.522232435771997]",0.9435462966123318,1,0.9435462966123318,56,356.3818891284091,moving,497,[],[],0.0,[],,9.945900227955502,0,0.0,[],0.0,0,0.0,,
393536,131,,29.673877860491896,29.630214017592333,57,1.6410373413276518,0.5315511719102272,-0.5109000696334425,3.0872612610941697,2.492750124637505,0.173588706052678,-0.3417088473387945,"[-1.342788885406513, 0.5883273266328324]",1.4660187700142864,1,1.4660187700142864,57,385.1001287906941,moving,504,[],[],0.0,[],,89.42380663393016,0,0.0,[],0.0,0,0.0,,
394464,131,,30.48199298154102,31.52629173819708,58,2.336433363529004,0.4819830077630916,0.2479474834430906,4.847543016863838,3.4391501719575004,1.5607398554288288,1.3871511493761508,"[0.8081151210491235, 1.8960777206047474]",2.06110668608928,1,2.06110668608928,58,409.99758446395526,moving,538,[],[],0.0,[],,,0,0.0,[],0.0,0,0.0,,
395631,131,,28.586944710365746,30.508417564003203,59,1.612382979961604,0.5385483524849698,-0.5949198221068628,2.993942832656987,2.61527513076376,2.4665891603572727,0.905849304928444,"[-1.8950482711752734, -1.017874174193878]",2.151110360854427,1,2.151110360854427,59,406.97491921018326,moving,530,[],[],0.0,[],,,0,0.0,[],0.0,0,0.0,,
294721,132,,100.96904203747285,93.05340333807868,1,1.619805972101085,0.5147496859335482,0.6684560354122648,3.146783798737848,2.575137628756872,,,"[0.30653008185281294, 0.07754475693417362]",0.3161864646196485,1,0.3161864646196485,1,0.3204279490468178,moving,1431,[1459],[1459],1.0,[1459],[16.01324167088569],,0,0.0,[],0.0,0,0.0,,
302745,132,,101.46269437328549,93.31452410155514,6,1.6531595236623158,0.5239363767366008,0.758810208083411,3.155267694828166,2.5878126293906165,1.5017629312712215,-0.4290292161604367,"[-0.04278003493158167, 0.10122148995016289]",0.1098904973893478,1,0.1098904973893478,6,3.135050223365232,moving,1452,[],[],0.0,[],,,0,0.0,[],0.0,0,0.0,,
295488,132,,100.60516402439448,93.67954088708196,9,1.6850155647815654,0.510653090831286,0.4541396444052561,3.299726556121592,2.5941501297074967,2.418465105235193,0.1430641382498407,"[-0.022008630176472366, 0.0014135451257857312]",0.0220539772392047,1,0.0220539772392047,9,5.19877567529148,moving,1472,[1498],[],1.0,[1498],[14.620873988631672],160.22767316171598,0,0.0,[1470],1.0,0,0.0,[49.57295754436916],[49.57295754436916]
292390,132,,101.16212423074693,93.64757100034002,10,1.7181672933075045,0.505836428382886,0.604830049781636,3.396685562564824,2.6152751307637523,3.1347916416025883,0.7163265363673954,"[0.556960206352457, -0.03196988674193335]",0.5578769981980468,1,0.5578769981980468,10,5.808024089954077,moving,1478,[1505],[1505],1.0,[1505],[17.157094801337422],3.1125426790546986,0,0.0,[],0.0,0,0.0,,
295936,132,,102.03656362166969,93.64493575516718,11,1.6573030547459224,0.5157952620808792,0.7995343459967091,3.2131025168006477,2.6173876308693766,0.0543241178583455,-3.0804675237442427,"[0.8744393909227597, -0.002635245172839973]",0.874443361753343,1,0.874443361753343,11,6.246455837484601,moving,1467,[1501],[],1.0,[1501],[12.78560978216963],114.2483661975224,1,1.0,[],0.0,0,0.0,,
315517,132,,101.91576265099282,93.91529730316176,16,1.7081607230838536,0.4994155612331679,0.589928738116861,3.420319380649705,2.596262629813136,0.9958367704760084,-2.101199197892237,"[-0.1590358053917953, -0.030886900645995752]",0.1620073702895414,1,0.1620073702895414,16,7.830946533252085,moving,1494,[1519],[],1.0,[1519],[6.501978510989744],84.99728128199541,0,0.0,[],0.0,0,0.0,,
316227,132,,102.10032736608764,94.01793366030456,20,1.7395138197955715,0.4986951504558286,0.3684461271788974,3.4881306108663424,2.644850132242504,0.4480530669197325,-0.3549264469526329,"[-0.0194509837834147, -0.025041408229341755]",0.0317082465023092,1,0.0317082465023092,20,8.230307578491892,moving,1506,[1522],[],1.0,[1522],[13.547030310049706],4.7752306101961555,0,0.0,[],0.0,0,0.0,,
323451,132,,102.67020213525088,94.27528013465516,21,1.6666596588943348,0.5136626321410028,0.4069088973093029,3.2446581756346817,2.6110501305525093,2.6553711483928915,2.2073180814731588,"[0.5698747691632207, 0.2573464743506122]",0.6252875021856141,1,0.6252875021856141,21,8.460907422699737,moving,1503,[1522],[],1.0,[1522],[7.163547465832352],36.336866225087824,0,0.0,[],0.0,0,0.0,,
329058,132,,102.8429309457338,94.5823260560235,24,1.7252098714840938,0.492766545434129,0.7893713168218379,3.5010693957808723,2.5561251278062564,0.2003859584061376,-2.250955542576884,"[-0.1706799698635848, 0.06556073937981921]",0.1828383511757388,1,0.1828383511757388,24,9.308371174379111,moving,1506,[1538],[],1.0,[1538],[5.132098216063866],26.870046441249027,0,0.0,[],0.0,0,0.0,,
354565,132,,102.873864776562,95.29370448207187,35,1.755923022653063,0.5141187158294345,0.263218469176659,3.415403813534019,2.682875134143758,0.2633183155507293,-1.700280531836034,"[-0.16285134104846577, -0.1325270702748611]",0.209961862339144,1,0.209961862339144,35,11.171495113297867,moving,1557,[1570],[1570],1.0,[1570],[19.75350405040797],111.44066223794238,1,1.0,[1532],1.0,1,1.0,[150.16507826458712],[29.834921735412877]
355218,132,,103.21307747484418,95.14316957267523,36,1.7528687315633926,0.4990855105642545,0.2326351158410471,3.512161131629808,2.6702001335100123,2.0408314027210483,1.777513087170319,"[0.33921269828219636, -0.15053490939665437]",0.3711145559297659,1,0.3711145559297659,36,11.153171240070812,moving,1557,[1570],[],1.0,[1570],[29.228051943145147],24.05219919491639,0,0.0,[1530],1.0,0,0.0,[148.2793645055158],[31.720635494484213]
355684,132,,103.54628265738351,95.1438769490424,37,1.7033612658901658,0.5413778223566071,0.0960196391383148,3.146344744000534,2.663862633193144,0.41979006829684,-1.6210413344242085,"[0.33320518253934495, 0.0007073763671598954]",0.3332059333991563,1,0.3332059333991563,37,11.000915007584563,moving,1564,[1572],[],1.0,[1572],[35.847757633896435],40.45123493097993,0,0.0,[],0.0,0,0.0,,
358813,132,,104.10591235227191,95.62307814811008,38,1.728578232268279,0.5405451859188335,2.661170004254348,3.1978422476004376,2.672312633615633,0.7060072360433266,0.2862171677464866,"[0.5596296948884003, 0.4792011990676741]",0.7367626378887441,1,0.7367626378887441,38,10.762720182212128,moving,1567,[],[],0.0,[],,158.47865863737772,1,0.0,[],0.0,0,0.0,,
358161,132,,103.78077747110603,95.51079804897834,39,1.721349732426348,0.528070972543582,2.3677498048777914,3.2596939084438765,2.710337635516882,2.765974387366354,2.059967151323028,"[-0.3251348811658943, -0.11228009913172343]",0.3439760334845871,1,0.3439760334845871,39,10.45193686466543,moving,1566,[1552],[],1.0,[1552],[30.77477827135338],72.00649044793089,0,0.0,[],0.0,0,0.0,,
362459,132,,103.79685331482467,94.64032904353208,40,1.7373766943979498,0.5028273372006042,-0.4941358464122612,3.455215271449768,2.5920376296018763,1.2567503411222931,-1.509224046244061,"[0.016075843718638794, -0.8704690054462532]",0.8706174373362018,1,0.8706174373362018,40,10.351527280903156,moving,1561,[1556],[1556],1.0,[1556],[138.37471297210286],109.147720057851,0,0.0,[],0.0,0,0.0,,
369612,132,,104.23485531597676,94.80153222075722,43,1.7064287111454717,0.514651841015344,2.8324319579806656,3.3156953403273564,2.6892126344606253,2.662947464815945,2.1589269140331986,"[-0.11445900376068607, -0.04686996245112596]",0.1236836970746698,1,0.1236836970746698,43,9.406273070019845,moving,1544,[],[],0.0,[],,179.5464957483985,0,0.0,[],0.0,1,0.0,,
368804,132,,103.650321198497,94.58113022031972,45,1.7492443025933817,0.4814463008935557,2.8947657144796057,3.633311335753989,2.558237627911882,0.8178825316094883,0.7539500131922036,"[-0.07347979697541973, 0.028102538330756488]",0.0786704088217453,1,0.0786704088217453,45,8.587692505518655,moving,1569,[],[],0.0,[],,53.35311870562028,0,0.0,[],0.0,0,0.0,,
377704,132,,102.6840932379482,95.20129168819555,46,1.729406875262384,0.5320267553482828,-0.4692085656582737,3.250601323856834,2.687100134355018,0.2053273779507912,-0.6125551536586971,"[-0.9662279605488067, 0.620161467875846]",1.1481274833328527,1,1.1481274833328527,46,8.159014282246135,moving,1565,[],[],0.0,[],,21.599738670732595,0,0.0,[],0.0,0,0.0,,
383006,132,,101.92543624835476,96.25682630579956,49,1.7298397060060131,0.5220978899899835,-1.1221144384450694,3.313247839479298,2.687100134355002,1.3516188945133123,0.3295855545313026,"[-0.04036408910985756, 0.23914223078280372]",0.2425247744735458,1,0.2425247744735458,49,7.318637974716674,moving,1565,[1559],[1559],1.0,[1559],[56.0035408517495],86.42593853399903,0,0.0,[1559],1.0,0,0.0,[56.0035408517495],[56.0035408517495]
381945,132,,100.94988612159604,95.64409762916634,50,1.7305021161702443,0.5058195358638398,2.436757917285932,3.421184816863368,2.6617501330875,1.9644002468683848,0.6127813523550723,"[-0.9755501267587334, -0.6127286766332247]",1.1520132295193852,1,1.1520132295193852,50,7.12932905583237,moving,1564,[1610],[1610],1.0,[1610],[107.69126105069455],2.4146463317991476,0,0.0,[1610],1.0,0,0.0,[107.69126105069455],[72.30873894930545]
375208,132,,100.3109660282011,95.20420837409128,51,1.7390386860759557,0.5006442457519176,2.84238472517108,3.4736016659176685,2.5962626298131166,0.0421435287611012,-1.922256718107284,"[-0.6389200933949439, -0.4398892550750588]",0.7757070597037866,1,0.7757070597037866,51,7.383353779801175,moving,1562,[1585],[1585],1.0,[1585],[133.6891125453676],4.6518927545640985,0,0.0,[1585],1.0,0,0.0,[133.6891125453676],[46.31088745463239]
386324,132,,99.2269450577046,94.58099256060416,52,1.759716873509828,0.4824768579748247,0.0876814984999375,3.6472565355697295,2.5138751256937653,0.0811908450168065,0.0390473162557052,"[-1.084020970496482, -0.6232158134871213]",1.2503997019579576,1,1.2503997019579576,52,7.70857942009342,moving,1571,[],[],0.0,[],,3.1527532083633147,0,0.0,[],0.0,0,0.0,,
383205,132,,98.3242249595295,94.12613579818309,53,1.7262896330406288,0.4813312269328555,0.1146865971184172,3.586490001990753,2.522325126116258,0.0550259239887486,-0.0261649210280579,"[-0.9027200981751093, -0.4548567624210875]",1.0108403681934517,1,1.0108403681934517,53,7.926851493090929,moving,1566,[1567],[1567],1.0,[1567],[56.45295708836025],13.661267018784743,0,0.0,[1567],1.0,0,0.0,[56.45295708836025],[56.45295708836025]
390243,132,,98.0088833240872,93.8577249350643,54,1.7522355418146192,0.4870297663668827,-0.0236428299037146,3.597799688684015,2.562462628123137,0.2384340894718925,0.1834081654831439,"[-0.31534163544229443, -0.26841086311877405]",0.41410715821341,1,0.41410715821341,54,7.452744034615669,moving,1553,[1557],[1557],1.0,[1557],[152.65772817204385],159.4306218767522,0,0.0,[1556],1.0,0,0.0,[110.77090948965501],[69.22909051034499]
391703,132,,98.50567239728844,94.75295988517,55,1.763428426026418,0.5205707141546809,0.2159804469196469,3.387490648393328,2.801175140058753,2.7825892802514165,2.544155190779524,"[0.4967890732012421, 0.8952349501057171]",1.0238383657311023,1,1.0238383657311023,55,6.618743484378532,moving,1576,[1549],[1549],1.0,[1549],[48.09861716289507],169.61445675128968,0,0.0,[1549],1.0,0,0.0,[48.09861716289507],[48.09861716289507]
397244,132,,98.03227215265596,93.34964157765468,56,1.748392608334938,0.5040837505654462,2.940915567943036,3.468456593519852,2.644850132242507,2.9603307292915435,0.177741449040127,"[-0.47340024463248653, -1.4033183075153346]",1.4810165643320137,1,1.4810165643320137,56,5.589136184035086,moving,1550,[],[],0.0,[],,96.2916534002162,0,0.0,[],0.0,0,0.0,,
398410,132,,98.83333189793146,93.1742523293706,58,1.762093140677043,0.4973303834230309,0.8548348590644361,3.5431037383014674,2.7040001351999936,1.6053902503826778,0.2944108422830884,"[0.15508609490744618, 0.25262387278986864]",0.2964296171724295,1,0.2964296171724295,58,2.8830614027024577,moving,1561,[],[],0.0,[],,,0,0.0,[],0.0,0,0.0,,
399557,132,,99.60652367550328,93.77756268236686,59,1.7726115526064352,0.494619349217391,1.1830361075711444,3.5837893430799688,2.62583763129189,0.3576142300358714,-1.2477760203468065,"[0.7731917775718244, 0.6033103529962602]",0.9807185666322168,1,0.9807185666322168,59,1.7578407136607006,moving,1563,[],[],0.0,[],,,0,0.0,[],0.0,0,0.0,,
290207,135,,81.03117963520533,57.31086254388191,4,2.6041962499328366,0.5247024921263244,0.8335271688332843,4.963186356099611,4.182750209137507,0.3663015336593957,-0.5749714884721682,"[-0.17779851417002135, -0.2462927475988721]",0.3037637719690566,1,0.3037637719690566,4,1.5328623402698889,moving,888,[],[],0.0,[],,,0,0.0,[],0.0,0,0.0,,
313877,135,,79.46204348917277,55.80233079138181,19,2.608716387080753,0.5345633433061938,0.8541307624178338,4.880088430580059,4.292600214630014,0.0089153979983169,-0.5555914667328193,"[-0.1593757404822327, -0.16419088909984225]",0.2288214909436102,1,0.2288214909436102,19,6.934391556095129,moving,881,[],[],0.0,[],,,0,0.0,[],0.0,0,0.0,,
311498,135,,78.7084303961296,55.2594032833804,22,2.620684914069903,0.5299909782659513,0.7368290781119234,4.944772687724572,4.220775211038751,0.0431618819941299,-0.027581005619279,"[-0.16949323250321413, -0.12200362344234605]",0.20883687413254,1,0.20883687413254,22,7.921387369245876,moving,873,[834],[],1.0,[834],[80.37095112882275],65.41950275750627,0,0.0,[834],1.0,0,0.0,[80.37095112882275],[80.37095112882275]
317727,135,,78.22919280116717,55.53219373448859,23,2.5837661580099223,0.543609623810926,0.9945085553834808,4.7529808981244,4.222887711144383,1.1413783885010234,1.0982165065068934,"[-0.47923759496242724, 0.272790451108186]",0.5514374875189201,1,0.5514374875189201,23,8.149302546387995,moving,868,[],[],0.0,[],,67.28041600924438,0,0.0,[],0.0,0,0.0,,
347880,135,,78.32724580890155,56.338952638329374,35,2.6671225213280767,0.5112285596681249,0.3519481897320609,5.2170843566711085,4.15106270755313,0.3412987664760968,-1.9916704950794468,"[0.05948866479177184, 0.18388932012916115]",0.1932723034898505,1,0.1932723034898505,35,6.936161805952536,moving,913,[],[],0.0,[],,48.05856351797249,0,0.0,[],0.0,0,0.0,,
352564,135,,78.9887220345942,56.802325106016205,39,2.672930538426051,0.5146654850525495,0.2854793588034789,5.193529809276279,4.233450211672505,2.559636913558159,0.6697057246569587,"[0.18524064884508107, 0.020993175201319048]",0.1864264235283719,1,0.1864264235283719,39,5.164500863392348,moving,933,[],[],0.0,[],,59.61064895191853,0,0.0,[],0.0,0,0.0,,
356610,135,,79.30671559770059,56.6567435358082,40,2.603566277617556,0.5284793137122349,0.5597263480237116,4.926524482725993,4.199650209982503,0.5421798744950553,-2.017457039063104,"[0.31799356310638416, -0.14558157020800877]",0.3497340414676891,1,0.3497340414676891,40,4.670800337611109,moving,923,[],[],0.0,[],,34.03458042960581,0,0.0,[],0.0,0,0.0,,
364907,135,,80.04725699953997,56.77981295669431,42,2.6488515066814307,0.5358541000453536,0.843984164192233,4.943232694230085,4.296825214841256,0.0487036745682931,-0.5361552828914852,"[0.13825450082948976, 0.028635018220569464]",0.1411887788321144,1,0.1411887788321144,42,3.9457678018578295,moving,908,[],[],0.0,[],,31.49943295619275,0,0.0,[],0.0,0,0.0,,
366083,135,,80.30121580232456,57.000071380818014,43,2.677193092477012,0.5190532046302259,0.8470598245481685,5.157839444193872,4.303162715158125,0.510221673600152,0.4615179990318588,"[0.25395880278459515, 0.22025842412370622]",0.3361678850057562,1,0.3361678850057562,43,3.68209073585592,moving,912,[],[],0.0,[],,17.531667702128985,0,0.0,[],0.0,0,0.0,,
371790,135,,80.81611917016258,57.839224185801925,46,2.586602742322544,0.5157424876031602,0.8887311258892676,5.0152989224203965,4.081350204067505,0.0683248055310075,-0.3558830962550982,"[0.0435552654704594, 0.1693668607102552]",0.1748776562544488,1,0.1748776562544488,46,3.3632138593869523,moving,945,[1002],[1002],1.0,[1002],[13.524290143181318],5.750629827855682,0,0.0,[1002],1.0,0,0.0,[13.524290143181318],[13.524290143181318]
376030,135,,83.11108698343148,60.8535602215439,47,1.2262778548832678,0.4547412610596212,1.1244981763187187,2.6966496333010133,1.6794375839718785,0.3990153238965993,0.3306905183655918,"[2.2949678132688973, 3.0143360357419766]",3.788548402793989,1,3.788548402793989,47,3.483280276215778,moving,1001,[944],[944],1.0,[944],[6.960334968990182],178.4025768617505,1,1.0,[],0.0,0,1.0,,
379909,135,,80.60279537585807,57.74292261358941,49,2.606892872565527,0.5160187773028874,0.7901621556666769,5.051934129589552,4.104587705229384,0.0464028311179992,-3.0693170216845487,"[-0.11442095245170947, -0.1296711860685491]",0.1729357419863824,1,0.1729357419863824,49,3.0131319768566978,moving,944,[911],[],1.0,[911],[117.15644416446509],8.510883849405712,0,0.0,[911],1.0,0,0.0,[117.15644416446509],[62.843555835534914]
382858,135,,80.01557159929936,57.202794655542114,52,2.6642755940594705,0.5109652797159705,0.8379216987223082,5.214200846563307,4.178525208926262,0.8384938414851393,0.555572875238429,"[-0.025896506331363867, -0.0028476364706833124]",0.0260526020512257,1,0.0260526020512257,52,3.051560511411296,moving,936,[992],[992],1.0,[992],[3.1999363912650267],160.07528370161302,1,1.0,[992],1.0,1,1.0,[3.1999363912650267],[3.1999363912650267]
394899,135,,80.4114172507154,57.9642626553048,56,2.837330734941559,0.4933685081334636,1.0749613304841872,5.750936041045445,4.32006271600314,0.8199742311322863,0.6449427082358103,"[-0.008902742254221607, 0.11643226173616483]",0.1167721302051302,1,0.1167721302051302,56,2.179923837254182,moving,938,[],[],0.0,[],,5.604834687658192,0,0.0,[],0.0,0,0.0,,
395357,135,,81.44889939396103,59.55744051333692,57,1.3427420925696103,0.5028781169672929,0.9441029430003052,2.670114382123615,2.078700103935008,0.6535347774954863,-0.1664394536368,"[1.0374821432456258, 1.5931778580321208]",1.9012061658003725,1,1.9012061658003725,57,2.149527416837924,moving,996,[964],[964],1.0,[964],[1.9645203833134417],173.26213793080612,0,0.0,[1023],1.0,0,0.0,[50.52955455869797],[50.52955455869797]
396114,135,,80.87439503645254,58.86814745340053,58,2.649897804419916,0.4940170882237484,0.8655036044112439,5.363980047628907,4.153175207658762,3.0239947759371217,2.3704599984416355,"[-0.5745043575084878, -0.6892930599363893]",0.8973183266114156,1,0.8973183266114156,58,1.6848493164448062,moving,967,[1026],[1026],1.0,[1026],[57.138261836694724],,0,0.0,[1026],1.0,0,0.0,[57.138261836694724],[57.138261836694724]
397296,135,,81.14319816927141,59.16695270861366,59,2.817510934642801,0.5093179983087893,0.953889225793016,5.531928861729721,4.324287716214387,3.1038207302986653,0.0798259543615436,"[0.26880313281887425, 0.29880525521312506]",0.4019200228356658,1,0.4019200228356658,59,1.7177893127269688,moving,975,[],[],0.0,[],,,0,0.0,[],0.0,0,0.0,,
286330,136,,61.10782420211217,46.09054378792128,0,2.2512168324895123,0.5100444770325775,2.9559427089934203,4.413765728014584,3.633500181675,,,"[0.0, 0.0]",0.0,0,0.0,0,0.0,moving,724,[733],[733],1.0,[733],[6.718349664021907],,0,0.0,[],0.0,0,0.0,,
284087,136,,59.96711033260783,46.14192282120308,1,2.2250602681194693,0.5279329811540048,3.0364297037907577,4.214664261466913,3.555337677766875,,,"[-1.1407138695043386, 0.051379033281797604]",1.1418703679229676,1,1.1418703679229676,1,0.4572266375103737,moving,720,[726],[726],1.0,[726],[1.3059086072232784],,0,0.0,[],0.0,0,0.0,,
294794,136,,58.88107880151342,46.28016974489701,2,2.256261034866263,0.5379016499524981,-0.1307498064335263,4.194560539209189,3.66518768325938,0.081603832857574,,"[-1.086031531094413, 0.13824692369392722]",1.0947952769546048,1,1.0947952769546048,2,1.0755052443830604,moving,731,[734],[734],1.0,[734],[163.65919436885335],13.077792986208054,0,0.0,[],0.0,0,0.0,,
287918,136,,57.63409522680629,46.15299309858309,4,2.2652314342989817,0.5419241579477674,0.0660740279896956,4.179978694578352,3.6715251835762457,0.0283404411653148,-0.2069161233239014,"[-0.3089051783324308, -0.024859032914633872]",0.3099038249490343,1,0.3099038249490343,4,2.9144631060199666,moving,742,[741],[741],1.0,[741],[170.99710620381285],0.9711483665558812,0,0.0,[],0.0,0,0.0,,
286818,136,,56.76596445795816,46.049559860031565,8,2.3002385447488387,0.5324926534861277,0.13878404216866,4.319756394176738,3.610262680513131,2.4605407472029426,1.2750660917578125,"[0.008681933035717293, 0.07631178289732787]",0.076804063500609,1,0.076804063500609,8,7.798776279995853,moving,735,[],[],0.0,[],,11.125572807559802,0,0.0,[],0.0,0,0.0,,
286426,136,,56.339753316885,46.08183957443316,9,2.310005809931217,0.5010789793350583,0.1559854696218611,4.610063293807776,3.597587679879374,1.608486354443596,-0.8520543927593467,"[-0.4262111410731535, 0.03227971440159649]",0.4274317685160149,1,0.4274317685160149,9,9.362510333520872,moving,733,[],[],0.0,[],,0.1421138945516053,0,0.0,[],0.0,0,0.0,,
284886,136,,55.783706369721166,46.125339959106775,10,2.263754847774804,0.5058539976338334,0.2099520558400902,4.47511506949371,3.5384376769218746,0.0024803553727575,-1.6060059990708384,"[-0.5560469471638356, 0.04350038467361372]",0.5577459017482547,1,0.5577459017482547,10,11.002710187377426,moving,738,[728],[728],1.0,[728],[0.23079746068552254],52.64734306268823,0,0.0,[],0.0,0,0.0,,
285729,136,,55.383267362946256,46.74481188641482,11,2.328011775743234,0.49983052609389,0.3319590713990892,4.657602235574407,3.580687679034382,0.918869478870905,0.9163891234981474,"[-0.40043900677490996, 0.619471927308048]",0.7376292204553884,1,0.7376292204553884,11,12.6686734922947,moving,740,[726],[726],1.0,[726],[5.363010761812404],66.71196993001082,0,0.0,[],0.0,0,0.0,,
286464,136,,54.74170136854356,46.63639813560789,12,2.252915797311876,0.5171402454093391,0.1996065953502435,4.3564890130115375,3.485625174281261,1.1643435257701509,0.2454740468992459,"[-0.641565994402697, -0.10841375080693894]",0.6506615606734045,1,0.6506615606734045,12,14.34001194236624,moving,737,[],[],0.0,[],,36.21765168487525,0,0.0,[],0.0,0,0.0,,
309131,136,,54.263237139059285,46.14422697344487,16,2.2708836562278027,0.4971915276956101,0.2504186211153341,4.567422270353085,3.39267516963376,1.2879911524256054,-1.5699582912324177,"[0.012358536058435732, -0.32310057712467]",0.3233368465730475,1,0.3233368465730475,16,21.09363779657268,moving,749,[],[],0.0,[],,21.84828465730318,0,0.0,[],0.0,0,0.0,,
309889,136,,53.79761425150736,45.93730019545941,17,2.292109530659193,0.4862487012767547,0.2855625631196045,4.713862524754816,3.399012669950628,1.1908331707456727,-0.0971579816799326,"[-0.46562288755192327, -0.20692677798545134]",0.5095324963725387,1,0.5095324963725387,17,23.102251454484332,moving,734,[700],[700],1.0,[700],[19.177831593568243],2.003151690738601,0,0.0,[],0.0,0,0.0,,
323345,136,,53.06176219611464,45.57897456943052,25,2.273179580415796,0.5204249222734074,0.3634590544877398,4.36792990329078,3.64406268220313,2.754228674577515,2.418891476717653,"[-0.14106326130311686, -0.08064682522276456]",0.1624892430531404,1,0.1624892430531404,25,42.31174342839741,moving,741,[729],[729],1.0,[729],[17.59968780733007],3.4366818560454995,0,0.0,[],0.0,0,0.0,,
332997,136,,52.25854875674691,45.1263759066568,27,2.229346725378285,0.5275654495479092,0.4379906062464622,4.225725409593628,3.576462678823132,0.0263188874386761,0.0246084113078998,"[-0.24447246950339974, -0.1318933236818367]",0.2777816357805758,1,0.2777816357805758,27,50.58686695962137,moving,724,[],[],0.0,[],,5.195144191700007,0,0.0,[],0.0,0,0.0,,
339493,136,,51.648526460028656,44.70561652586694,28,2.246813454766472,0.4846837804116141,0.1517727910644977,4.6356274865612015,3.4412626720631327,0.109062290504653,0.0827434030659768,"[-0.610022296718256, -0.4207593807898675]",0.7410571226404135,1,0.7410571226404135,28,55.251219152083664,moving,720,[],[],0.0,[],,13.074173778801793,0,0.0,[],0.0,0,0.0,,
336578,136,,51.24036690161039,44.54466063886456,29,2.343445905833835,0.4842125956975133,0.1122776262195298,4.839704556751723,3.5004126750206392,0.2281873794179976,0.1191250889133445,"[-0.40815955841826934, -0.1609558870023804]",0.4387493848302464,1,0.4387493848302464,29,60.21958169898896,moving,722,[714],[714],1.0,[714],[0.29360684183293984],21.94795213614642,0,0.0,[],0.0,0,0.0,,
335038,136,,50.09863572331675,44.55315721783055,30,2.25739612932551,0.5068460367986423,-0.179012769467419,4.453810359421472,3.4666126733306206,0.3830640288458866,0.154876649427889,"[-1.1417311782936395, 0.008496578965988988]",1.141762792939894,1,1.141762792939894,30,65.13429760132856,moving,724,[715],[715],1.0,[715],[141.51407148609292],15.527583759767882,0,0.0,[],0.0,0,0.0,,
342312,136,,48.84388583648058,44.91186009715453,32,2.2136831535655244,0.5245594971742221,2.8440574642739818,4.2200802110924185,3.570125178506257,0.899054662571295,0.7318442939085908,"[-0.08237647478868126, 0.15183778753744548]",0.172744311984148,1,0.172744311984148,32,72.82442928432438,moving,729,[],[],0.0,[],,21.937208599296884,0,0.0,[],0.0,0,0.0,,
346488,136,,48.4644417159501,45.20715538550231,35,2.279222080824626,0.5047445304450777,2.674880507282777,4.515595401925079,3.574350178717507,2.145641701774396,1.9374483055048917,"[-0.10456419733063882, -0.1535591058396122]",0.1857796284571104,1,0.1857796284571104,35,82.5405705101592,moving,733,[761],[761],1.0,[761],[138.07353635478702],7.303527190395299,0,0.0,[],0.0,0,0.0,,
345077,136,,47.81467506430639,45.59123719171996,36,2.21595590225378,0.5078731740510297,2.380475590940901,4.363207224705919,3.4708376735418884,1.5068337690550555,-0.6388079327193401,"[-0.6497666516437093, 0.384081806217651]",0.7547950287698579,1,0.7547950287698579,36,85.82292920871812,moving,732,[717],[717],1.0,[717],[64.08906966493458],52.32083768862401,0,0.0,[],0.0,0,0.0,,
344982,136,,47.73247690673144,46.25196077985837,37,2.3220209532213785,0.4994028489293036,-0.7450509417368919,4.649594927621424,3.4792876739643805,0.9131708850680288,-0.593662883987027,"[-0.08219815757495041, 0.6607235881384099]",0.6658169395796502,1,0.6658169395796502,37,88.83499673726261,moving,754,[791],[],1.0,[791],[113.45367476360752],42.78488166476234,0,0.0,[],0.0,0,0.0,,
352273,136,,47.95650361000821,46.56380315324938,38,2.338524129116612,0.488576204370795,2.348743692242618,4.786406108599255,3.5046376752318853,0.7467370551262555,-0.1664338299417731,"[0.22402670327677043, 0.3118423733910092]",0.3839708708003717,1,0.3839708708003717,38,92.33033173525564,moving,756,[],[],0.0,[],,42.32065347495703,0,0.0,[],0.0,0,0.0,,
351348,136,,47.657594254043744,49.13646802198017,39,2.2155568223054227,0.4926325872307823,1.8879517061834,4.497381780526643,3.3293001664650053,0.7386347447335797,-0.0081023103926758,"[-0.29890935596446866, 2.57266486873079]",2.5899712990465176,1,2.5899712990465176,39,96.47177326351512,moving,793,[],[],0.0,[],,162.83964824489502,1,0.0,[],0.0,0,0.0,,
360644,136,,47.205618909780505,46.70565600117251,41,2.3140183023910703,0.4986057769249923,2.927342248876841,4.640977721241243,3.510975175548765,0.2426737104328932,-2.6139334144220414,"[-0.05981863907624074, -0.1368845709966422]",0.1493842540493084,1,0.1493842540493084,41,104.2250538011223,moving,772,[704],[704],1.0,[704],[68.64159029029213],23.85654502562427,0,0.0,[],0.0,0,0.0,,
364561,136,,47.31957582511822,46.22446536829237,42,2.276934253188902,0.4860468045737129,-0.0442968276522055,4.684598750085161,3.443375172168754,0.6445298590881978,0.4018561486553045,"[0.11395691533771668, -0.48119063288014274]",0.4945003576590009,1,0.4945003576590009,42,108.48834131286247,moving,766,[],[],0.0,[],,28.46461580702658,0,0.0,[],0.0,0,0.0,,
365372,136,,47.17888844012488,45.70453904804894,43,2.2559546665957497,0.5465628373338167,0.0590654227904357,4.12753029020506,3.6039251801962497,0.4968012661478369,-0.1477285929403609,"[-0.14068738499334188, -0.519926320243421]",0.5386244691602203,1,0.5386244691602203,43,112.96555153616808,moving,755,[695],[695],1.0,[695],[91.85112039155004],30.978037989100063,0,0.0,[],0.0,0,0.0,,
386052,136,,47.30259453145936,45.268443372087454,44,2.3637842356364738,0.5058684206842965,0.0988274355030793,4.672725434093996,3.62082518104126,0.5406687587176828,0.0438674925698459,"[0.1237060913344834, -0.43609567596148935]",0.4533019254598019,1,0.4533019254598019,44,117.16153245658404,moving,758,[],[],0.0,[],,1.991777992877388,0,0.0,[],0.0,0,0.0,,
365566,136,,47.42925108780233,44.7545379382868,45,2.3221940456605865,0.5096183482232752,0.0264398344931342,4.5567316282010735,3.5954751797737647,0.0347630839444777,-0.505905674773205,"[0.12665655634296513, -0.5139054338006588]",0.5292831738819042,1,0.5292831738819042,45,122.0171140058576,moving,754,[],[],0.0,[],,14.777214107585824,0,0.0,[],0.0,0,0.0,,
369798,136,,47.42033939213877,44.20677985760877,48,2.3130819755976817,0.5162529430173045,0.1619676583788263,4.480520657332405,3.61237518061876,0.4342090269394153,-0.9929063816308836,"[-0.06236000343238857, -0.09545347789020298]",0.1140181409663523,1,0.1140181409663523,48,142.45294836780894,moving,733,[674],[674],1.0,[674],[60.878910194241584],53.645586914273586,0,0.0,[],0.0,0,0.0,,
378561,136,,47.11429440216181,43.98910546110341,49,2.290323376787978,0.5325305800951471,0.3352451079105876,4.300829778411536,3.616600180830013,0.3738666945730431,-0.0603423323663721,"[-0.30604498997695373, -0.2176743965053589]",0.3755604861856022,1,0.3755604861856022,49,149.81944928449704,moving,732,[],[],0.0,[],,22.72143757300896,0,0.0,[],0.0,0,0.0,,
376708,136,,46.9088783606444,43.65852821206495,50,2.331570011993808,0.503725960747992,0.4860491079524527,4.628647704659923,3.6609626830481226,0.3965638964353544,0.0226972018623112,"[-0.20541604151741666, -0.33057724903846264]",0.3892005494530073,1,0.3892005494530073,50,157.72418463967628,moving,716,[667],[667],1.0,[667],[30.462750276036417],10.639020516816055,0,0.0,[],0.0,0,0.0,,
370004,136,,46.68822029225576,43.09014432154493,51,2.3177605502354752,0.5063035498082259,0.5656846982327264,4.577808216263505,3.637725181886255,0.1856859372056965,-0.2108779592296578,"[-0.2206580683886301, -0.5683838905200176]",0.6097132359951462,1,0.6097132359951462,51,165.48143760315585,moving,704,[649],[649],1.0,[649],[19.311856564352667],25.95300571332422,0,0.0,[],0.0,0,0.0,,
378381,136,,46.24140083241156,42.67595337986385,53,2.3116173395871926,0.5337487841201225,0.551600583595365,4.33090886267378,3.698987684949381,0.5451887656456754,0.2676485106807001,"[-0.19058926813017507, -0.07562854323662549]",0.2050462037651268,1,0.2050462037651268,53,181.97791037915485,moving,709,[652],[652],1.0,[652],[23.66035679198677],33.01745710054736,0,0.0,[],0.0,0,0.0,,
390133,136,,45.7998350510698,42.59958392104414,55,2.3233537772933164,0.5155793984653415,0.7460730308757352,4.5062967686624855,3.688425184421256,2.26399804990135,2.123717942222047,"[0.016966316043365737, 0.0346155743945431]",0.0385498880769778,1,0.0385498880769778,55,204.0762624092179,moving,699,[],[],0.0,[],,31.545527495590463,0,0.0,[],0.0,0,0.0,,
393971,136,,45.54613381536527,42.376247679725445,56,2.3171953900674667,0.5121794211684101,0.7715847331601619,4.524186826525285,3.646175182308757,2.748351759740798,0.4843537098394472,"[-0.25370123570452563, -0.22333624131869811]",0.3379991030821931,1,0.3379991030821931,56,217.6126916842391,moving,698,[],[],0.0,[],,26.213101934331288,0,0.0,[],0.0,0,0.0,,
395119,136,,45.34586808849771,41.891064928160425,58,2.337288944433046,0.5175290982456686,0.9001194351294726,4.516246433980309,3.66518768325938,0.7989565873903843,0.4689940599100921,"[0.0257423360109712, -0.0895373390115779]",0.0931643866537851,1,0.0931643866537851,58,250.4578660323664,moving,706,[643],[643],1.0,[643],[1.4104065890191464],,0,0.0,[],0.0,0,0.0,,
396295,136,,45.367555700528825,41.48425673306553,59,2.334165240217859,0.5047807328630093,0.85267871341506,4.624117142861156,3.677862683893133,0.2266922241553044,-0.5722643632350799,"[0.021687612031115577, -0.4068081950948965]",0.4073858859999688,1,0.4073858859999688,59,268.9739329336685,moving,706,[],[],0.0,[],,,0,0.0,[],0.0,0,0.0,,
322540,137,,83.6080501421665,117.09008561125592,17,2.5756378441148224,0.5061316962634552,0.1669337626087681,5.088868891495255,4.06656270332813,0.582447998604996,-2.2122300562125874,"[-0.2452466277108698, -0.05090700799718206]",0.2504744135970361,1,0.2504744135970361,17,10.747114280416438,moving,1875,[1848],[1848],1.0,[1848],[42.36756513101352],,0,0.0,[1848],1.0,0,0.0,[42.36756513101352],[42.36756513101352]
326951,137,,83.17472430158243,117.71074046033948,18,2.553805935007422,0.5224466981104116,0.2314995795418717,4.888165518595567,4.005300200265011,1.165964345066359,0.5835163464613631,"[-0.4333258405840752, 0.6206548490835502]",0.7569568850395773,1,0.7569568850395773,18,11.11979432879303,moving,1898,[1864],[1864],1.0,[1864],[45.798986967870064],,0,0.0,[1864],1.0,0,0.0,[45.798986967870064],[45.798986967870064]
325368,137,,82.74987535279797,117.41806435748045,19,2.53397084650696,0.5098162711583617,0.4125773500292709,4.970360872848339,4.00107520005376,1.5645297480885578,0.3985654030221988,"[-0.424848948784458, -0.29267610285901924]",0.5159030242865438,1,0.5159030242865438,19,11.428114086800228,moving,1887,[1861],[1861],1.0,[1861],[36.45793734686744],12.129222602912815,0,0.0,[1861],1.0,0,0.0,[36.45793734686744],[36.45793734686744]
319640,137,,81.88641071311909,117.06157879854466,20,2.503195868398164,0.5278022979740316,0.5491138194659599,4.742677093310655,3.916575195828764,0.2116948701281216,-1.3528348779604362,"[-0.863464639678881, -0.3564855589357876]",0.9341590537513088,1,0.9341590537513088,20,11.76823164173109,moving,1879,[1861],[1861],1.0,[1861],[46.38975460462764],47.62143504625595,0,0.0,[1861],1.0,0,0.0,[46.38975460462764],[46.38975460462764]
326491,137,,81.66180642006127,116.44263709183416,21,2.542148881770052,0.5024241104129121,0.59437715778912,5.0597668962996485,3.988400199420005,0.8311508360817844,0.6194559659536628,"[-0.2246042930578227, -0.6189417067105012]",0.6584344498624843,1,0.6584344498624843,21,12.038975419763313,moving,1853,[1848],[1848],1.0,[1848],[45.571035373114796],50.01728526530912,0,0.0,[1848],1.0,0,0.0,[45.571035373114796],[45.571035373114796]
331283,137,,80.52962488426725,116.02971353679489,25,2.57730575965084,0.5178853692791423,0.8684333888036239,4.976595039242481,4.05177520258876,1.205726818061471,1.1932031153520253,"[0.011383985352452441, -0.019348844310272284]",0.0224493407174466,1,0.0224493407174466,25,13.824064527448025,moving,1866,[1845],[1845],1.0,[1845],[121.65934775139557],14.328838821837572,0,0.0,[1857],1.0,0,0.0,[24.51985180221746],[24.51985180221746]
334095,137,,79.90223841930103,115.96699437950136,27,2.5121456893999854,0.5163978357048521,0.8489440491966072,4.864748679612603,3.967275198363767,0.9830810555878526,-1.4203476099949377,"[-0.22924116738683153, -0.1862375201690014]",0.2953572865929949,1,0.2953572865929949,27,14.482648552353387,moving,1874,[],[],0.0,[],,149.66909186182232,1,0.0,[1845],1.0,1,1.0,[101.50338963253182],[78.49661036746818]
350591,137,,80.79149762225674,116.61402182477072,28,2.668138060961812,0.5015208631916853,0.6225159946593792,5.320093852091708,4.003187700159373,3.088343200336064,2.1052621447482105,"[0.8892592029557136, 0.6470274452693587]",1.0997392622677542,1,1.0997392622677542,28,14.34089970264543,moving,1882,[],[],0.0,[],,43.84943349461545,0,0.0,[],0.0,0,0.0,,
353300,137,,80.98827348337848,117.71750733122606,31,2.580548747428206,0.5177284811408881,1.098862229212098,4.984366982750497,4.011637700581879,0.6007224106626751,-0.255079378306156,"[0.004267158291298756, 0.1276610529129698]",0.1277323493510202,1,0.1277323493510202,31,12.946844693435564,moving,1904,[],[],0.0,[],,139.7769800465505,0,0.0,[1938],1.0,0,0.0,[74.50757163344663],[74.50757163344663]
354737,137,,81.2384430740409,117.28615372579802,32,2.5594948828751787,0.5182107488707253,0.7903884034657715,4.9391003340875885,4.0369877018493865,2.5826225035701,1.9819000929074244,"[0.2501695906624235, -0.43135360542804335]",0.4986489316222152,1,0.4986489316222152,32,12.122656953030257,moving,1911,[],[],0.0,[],,147.03727868058257,0,0.0,[1939],1.0,0,0.0,[79.82733075141532],[79.82733075141532]
355976,137,,80.84798300554768,117.48446043152975,33,2.579981388263733,0.5387277039201213,0.8103226978215664,4.789026755984827,4.091912704595628,2.566284636148629,-0.0163378674214706,"[-0.39046006849322623, 0.19830670573173848]",0.437932203230031,1,0.437932203230031,33,11.395354705380768,moving,1905,[],[],0.0,[],,61.84664842066572,0,0.0,[],0.0,0,0.0,,
352333,137,,80.02203624712789,116.90780977201318,34,2.631905810100648,0.4853158187221601,1.1726053802177854,5.423078557444251,3.855312692765632,1.0794276462639678,-1.486856989884661,"[-0.8259467584197893, -0.5766506595165737]",1.0073301498838685,1,1.0073301498838685,34,10.514944976827053,moving,1909,[1879],[],1.0,[1879],[86.43482865599273],19.181036146892943,0,0.0,[1879],1.0,0,0.0,[86.43482865599273],[86.43482865599273]
358239,137,,79.72531280395916,116.49786327282946,37,2.59877108804193,0.4988083728001072,0.745987342828282,5.209958833396254,3.908125195406253,1.8080833814634367,-0.4544376276581561,"[-0.15975819529819546, -0.1961612298114801]",0.2529859858689581,1,0.2529859858689581,37,7.739243853044811,moving,1921,[1878],[1878],1.0,[1878],[99.68070605586524],115.92533392945334,1,1.0,[1878],1.0,1,1.0,[99.68070605586524],[80.31929394413476]
371763,137,,80.36586464454737,116.38523865815266,42,2.671433225950515,0.5051428050928396,0.4489414217686471,5.288471297655196,3.965162698258149,1.335129802360865,-0.4492361836136274,"[0.2938232391366, 0.08018427734273814]",0.3045679139201974,1,0.3045679139201974,42,6.389362596125428,moving,1917,[],[],0.0,[],,78.34048889485454,0,0.0,[],0.0,0,0.0,,
373333,137,,80.38070083367964,115.88163348674864,43,2.6873333015834104,0.4878584755996436,0.3710649012567414,5.508428029830407,3.9524876976243872,1.8077574264858456,0.4726276241249807,"[0.014836189132267918, -0.5036051714040042]",0.5038236607909804,1,0.5038236607909804,43,5.992331943008432,moving,1919,[],[],0.0,[],,108.58618153699484,0,0.0,[],0.0,0,0.0,,
389595,137,,81.12419152583045,116.1562700272075,44,2.680551591238549,0.4893050326899293,0.2804125774231478,5.4782833041842105,4.00952520047625,1.8951863899888195,0.0874289635029734,"[0.7434906921508144, 0.2746365404588431]",0.79259298424229,1,0.79259298424229,44,5.359350213603102,moving,1942,[],[],0.0,[],,28.65063063498941,0,0.0,[],0.0,0,0.0,,
371174,137,,81.78714339487713,116.05864565812728,45,2.6500255218711324,0.4869156980157105,0.1327756469229665,5.442472963329328,4.0053002002650135,0.500047837353281,-1.3951385526355384,"[0.6629518690466796, -0.09762436908020788]",0.6701012595949917,1,0.6701012595949917,45,4.985255726915719,moving,1947,[1923],[1923],1.0,[1923],[58.673322318587566],0.1845828465987975,0,0.0,[1923],1.0,0,0.0,[58.673322318587566],[58.673322318587566]
380556,137,,82.25900920432053,115.99071245347264,46,2.623077301290748,0.4930385483893407,0.1602583233864987,5.320227616805667,4.03910020195502,0.0032215784157492,-0.4968262589375317,"[0.4718658094434005, -0.06793320465465058]",0.4767308070770403,1,0.4767308070770403,46,4.9295286862561625,moving,1940,[1914],[1914],1.0,[1914],[54.86086211013617],33.451822564511595,0,0.0,[1914],1.0,0,0.0,[54.86086211013617],[54.86086211013617]
382644,137,,82.78945919281666,116.24099529880638,47,2.599248946181113,0.5050995621977354,0.2607549490572793,5.14601306497186,4.072900203645002,0.5838444445436902,0.580622866127941,"[0.5304499884961302, 0.2502828453337429]",0.5865310673475864,1,0.5865310673475864,47,5.0528920085677616,moving,1948,[1926],[1926],1.0,[1926],[38.21190516667885],15.572168097266854,0,0.0,[1926],1.0,0,0.0,[38.21190516667885],[38.21190516667885]
378124,137,,83.2346180523794,116.62567432967762,48,2.647192349586764,0.5142758033874585,0.3747459036250217,5.147417654398866,4.153175207658759,0.2717856049713272,-0.312058839572363,"[0.4451588595627385, 0.38467903087124]",0.5883403496610056,1,0.5883403496610056,48,5.330205647103444,moving,1936,[],[],0.0,[],,30.9299371369516,0,0.0,[],0.0,0,0.0,,
385203,137,,83.84326468245607,116.7319180219462,49,2.6958113306748426,0.524308882964521,0.2238834696290723,5.141647258448724,4.27992521399626,0.5398292404746737,0.2680436355033465,"[0.6086466300766631, 0.10624369226857766]",0.6178498542935319,1,0.6178498542935319,49,5.720507277409864,moving,1942,[],[],0.0,[],,1.686583729996884,0,0.0,[],0.0,0,0.0,,
384273,137,,85.05747915550415,116.90721451018187,50,2.64395472868886,0.5134348344128431,2.9291485104542785,5.149542943872224,4.138387706919387,0.0294364391990126,-0.5103928012756611,"[1.214214473048088, 0.17529648823567356]",1.2268030181521423,1,1.2268030181521423,50,6.187122447249062,moving,1945,[],[],0.0,[],,29.208121022992323,0,0.0,[],0.0,0,0.0,,
377147,137,,85.79261627709279,116.62512376157596,51,2.71394881573027,0.5108020363852014,-0.2987830467507173,5.313112756824742,4.195425209771262,0.5097778801721904,0.4803414409731777,"[0.735137121588636, -0.2820907486059099]",0.7874019164230346,1,0.7874019164230346,51,6.702319613988308,moving,1934,[],[],0.0,[],,38.7399028688232,0,0.0,[],0.0,0,0.0,,
387424,137,,86.48681568847188,116.84729638653056,52,2.710974028578451,0.5159201054635848,-0.4714149718492918,5.254639235550783,4.159512707975643,0.6761388569637617,0.1663609767915713,"[0.6941994113790884, 0.22217262495459522]",0.7288851061986985,1,0.7288851061986985,52,7.127745019966289,moving,1941,[],[],0.0,[],,50.81571232539612,0,0.0,[],0.0,0,0.0,,
385368,137,,87.11511098101346,116.43820188882496,53,2.706137864939683,0.5141580778189597,-0.5502567270455889,5.263240979153773,4.2714752135737495,0.8869014918244422,0.2107626348606804,"[0.6282952925415799, -0.4090944977056097]",0.7497421441288428,1,0.7497421441288428,53,7.275131834414183,moving,1937,[],[],0.0,[],,168.341801921228,1,0.0,[],0.0,1,0.0,,
391013,137,,86.62175130391435,116.6316535805101,54,2.694743385020112,0.5198804139534896,-0.443401082167244,5.1833908581545325,4.290487714524407,2.9381187122655543,2.051217220441112,"[-0.49335967709910733, 0.19345169168515497]",0.5299314370776503,1,0.5299314370776503,54,6.947378171394703,moving,1938,[],[],0.0,[],,3.83306743801245,0,0.0,[],0.0,0,0.0,,
392077,137,,85.41145799826587,117.2023036546938,55,2.7063704608745933,0.5207330730650566,2.976126458449831,5.197231750510457,4.275700213785015,0.066899647244276,-2.871219065021278,"[-1.2102933056484773, 0.5706500741836891]",1.338077498825598,1,1.338077498825598,55,7.170717220615273,moving,1960,[],[],0.0,[],,31.93319447672931,0,0.0,[],0.0,0,0.0,,
398810,137,,83.58283289122147,116.98783119468906,56,2.7662524433390026,0.5143636453538841,0.0500421524132561,5.378009251481625,4.172187708609399,0.5573393842985942,0.4904397370543182,"[-1.8286251070444024, -0.2144724600047283]",1.8411594765836097,1,1.8411594765836097,56,8.973115156013542,moving,1958,[],[],0.0,[],,1.240428480115042,0,0.0,[],0.0,0,0.0,,
399144,137,,82.00143451190664,116.83698004510418,57,2.673432706070196,0.5077631714377072,0.1659885805302314,5.265117394198754,4.201762710088136,0.0216495611135164,-0.5356898231850777,"[-1.5813983793148338, -0.15085114958488077]",1.5885770058233448,1,1.5885770058233448,57,12.520733167617998,moving,1954,[1904],[1904],1.0,[1904],[40.96975117034215],10.298611526024477,0,0.0,[1904],1.0,0,0.0,[40.96975117034215],[40.96975117034215]
399922,137,,80.61807965730593,116.44689553773144,58,2.70271865980736,0.5057293226222109,0.262669218980645,5.344200027385678,4.144725207236252,0.1797446795129648,0.1580951183994483,"[-1.3833548546007108, -0.39008450737274813]",1.4373018390858594,1,1.4373018390858594,58,16.41613168406258,moving,1958,[1917],[1917],1.0,[1917],[54.31950845854546],,0,0.0,[1917],1.0,0,0.0,[54.31950845854546],[54.31950845854546]
400507,137,,79.75929185669685,116.02133077802648,59,2.652042810051662,0.4896146053609836,0.5958317008512546,5.416592521982388,4.001075200053756,0.1852263324840756,0.0054816529711108,"[-0.858787800609079, -0.42556475970495455]",0.9584476256831748,1,0.9584476256831748,59,21.50217090128389,moving,1945,[],[],0.0,[],,,0,0.0,[],0.0,0,0.0,,
286371,138,,52.89267337870192,46.30991409307159,0,2.2710253015221777,0.4723239746211459,0.1286254793751664,4.8081940014664335,3.3969001698450025,,,"[0.0, 0.0]",0.0,0,0.0,0,0.0,moving,727,[],[],0.0,[],,,0,0.0,[],0.0,0,0.0,,
284029,138,,51.87508368153911,45.97119597652241,1,2.3039470423920374,0.4986650247721059,0.3410055554723257,4.62022986963034,3.525762676288131,,,"[-1.017589697162805, -0.33871811654918105]",1.07248251932165,1,1.07248251932165,1,0.3610946181657506,moving,714,[],[],0.0,[],,,0,0.0,[],0.0,0,0.0,,
294632,138,,50.790513673781184,45.43720875554219,2,2.269249113223092,0.510235077298516,0.3779949830565423,4.447458072145547,3.576462678823135,0.1361809574065248,,"[-1.0845700077579252, -0.5339872209802223]",1.2088980328787895,1,1.2088980328787895,2,1.10849299088439,moving,715,[],[],0.0,[],,7.050058484757763,0,0.0,[],0.0,0,0.0,,
296284,138,,49.96716771492176,45.1510815989399,3,2.2905604149493444,0.4910683883387183,0.5865494128618522,4.664442813552503,3.504637675231879,0.1230467330171827,-0.0131342243893421,"[-0.8233459588594201, -0.2861271566022836]",0.8716463260494164,1,0.8716463260494164,3,2.06533916641076,moving,710,[],[],0.0,[],,1.4269311521330337,0,0.0,[],0.0,0,0.0,,
287683,138,,49.56244940492999,45.02163689109072,4,2.2195275779423245,0.5340222264280136,0.513490256648585,4.156245691847655,3.532100176605006,0.0249046468040109,-0.0981420862131717,"[-0.4047183099917788, -0.12944470784918138]",0.4249151007351486,1,0.4249151007351486,4,3.12973262373762,moving,724,[],[],0.0,[],,3.515876001656619,0,0.0,[],0.0,0,0.0,,
285370,138,,48.87180636077303,44.84661529833503,7,2.321846795080843,0.4925955494723197,0.6376916298197797,4.713495275318791,3.521537676076879,2.986081491992425,2.437316720099792,"[0.08632501520239799, 0.11258328663613071]",0.1418696749819615,1,0.1418696749819615,7,6.832751320637298,moving,710,[],[],0.0,[],,67.95561917940657,0,0.0,[],0.0,0,0.0,,
286580,138,,48.78524584001148,44.21666675705984,8,2.2947675329118407,0.4994821641287162,0.5852124673870163,4.59429324551513,3.468725173436251,2.624001217171411,-0.3620802748210145,"[-0.08656052076155163, -0.6299485412751906]",0.6358678230648659,1,0.6358678230648659,8,8.187639874423526,moving,705,[709],[709],1.0,[709],[66.9181013403083],48.235187504041306,0,0.0,[709],1.0,0,0.0,[66.9181013403083],[66.9181013403083]
286179,138,,48.34524161267141,43.92054049195283,9,2.2506528485242523,0.5027212472076541,0.5065994269474676,4.476939976230201,3.4856251742812536,0.8418628372623465,-1.7821383799090644,"[-0.4400042273400686, -0.2961262651070129]",0.5303720250572797,1,0.5303720250572797,9,9.555862684047812,moving,700,[],[],0.0,[],,4.187503627657277,0,0.0,[],0.0,0,0.0,,
285339,138,,47.9295719053037,43.59428139288156,11,2.227727773356042,0.546127045986518,0.8243017931424796,4.079138342859213,3.625050181252507,0.5997282959615158,0.5377194318775018,"[-0.0537877886427367, -0.11404598807003907]",0.1260936699519337,1,0.1260936699519337,11,12.346212952034618,moving,687,[634],[634],1.0,[634],[75.5176360076515],20.688231159485166,0,0.0,[634],1.0,0,0.0,[75.5176360076515],[75.5176360076515]
286052,138,,47.49835895725453,43.45881566855416,12,2.26952143067736,0.5079092102954167,1.0164535979912894,4.468360456305433,3.52998767649938,0.8257114562823779,0.225983160320862,"[-0.4312129480491791, -0.13546572432740334]",0.4519906736126444,1,0.4519906736126444,12,13.735761361926048,moving,676,[662],[662],1.0,[662],[37.484306045884296],68.03204529399378,0,0.0,[662],1.0,0,0.0,[37.484306045884296],[37.484306045884296]
281338,138,,47.43185394594149,42.619003277438026,13,2.2376970601324784,0.552209456572311,1.0675977389751825,4.052261390129698,3.660962683048135,1.1873831872461094,0.3616717309637315,"[-0.06650501131304054, -0.8398123911161335]",0.8424415521577417,1,0.8424415521577417,13,15.096848521548845,moving,672,[638],[638],1.0,[638],[33.324182766327155],3.194418498359893,0,0.0,[638],1.0,0,0.0,[33.324182766327155],[33.324182766327155]
329076,138,,47.37318183838351,42.18632000658472,14,2.3523622755976867,0.4946346202481961,1.0271791965199215,4.755757440547381,3.5743501787175087,0.0557531204829752,-1.131630066763134,"[-0.058672107557974584, -0.4326832708533104]",0.436643136991312,1,0.436643136991312,14,16.530252741461375,moving,667,[629],[629],1.0,[629],[26.08155396618774],50.29215624590718,0,0.0,[629],1.0,0,0.0,[26.08155396618774],[26.08155396618774]
317056,138,,47.77257259494085,41.75152784347561,15,2.354495464071764,0.4839963132067614,1.021701289989767,4.864697105793722,3.599700179985002,0.8777637144185098,0.8220105939355344,"[0.39939075655734513, -0.4347921631091083]",0.5903873317785079,1,0.5903873317785079,15,18.07718213875805,moving,662,[631],[631],1.0,[631],[16.750264505025726],79.06277517810315,0,0.0,[631],1.0,0,0.0,[16.750264505025726],[16.750264505025726]
308612,138,,47.50494119568557,41.38975048019292,16,2.337154857702307,0.4915371999844345,0.9118742982314092,4.754787344226068,3.491962674598132,1.3799057426219756,0.5021420282034659,"[-0.26763139925528634, -0.36177736328268395]",0.4500104737126832,1,0.4500104737126832,16,19.810005507161662,moving,663,[],[],0.0,[],,3.915784767474857,0,0.0,[],0.0,0,0.0,,
309329,138,,47.20587083309419,41.03845138915873,17,2.334638395891661,0.4827888652883216,0.9800605329775524,4.83573372077961,3.489850174492509,0.0683433369918638,-1.3115624056301118,"[-0.29907036259137953, -0.35129909103419266]",0.4613611742897198,1,0.4613611742897198,17,21.528052030651693,moving,647,[602],[602],1.0,[602],[29.84418064208576],54.864892267146104,0,0.0,[602],1.0,0,0.0,[29.84418064208576],[29.84418064208576]
311570,138,,46.28020768502541,41.12389136123953,19,2.30176422659384,0.5136768011425663,0.7984864463506768,4.480958107265206,3.656737682836881,0.1704386666805069,-0.8249924914181297,"[-0.2072670687102871, -0.008407202278775117]",0.2074375058226238,1,0.2074375058226238,19,24.64197514558778,moving,661,[],[],0.0,[],,36.97991872023756,0,0.0,[],0.0,0,0.0,,
308313,138,,45.73034119861579,41.62341543362556,20,2.3501055482302924,0.4916665981425392,0.7866375610514938,4.7798763574925065,3.561675178083751,0.7780018611835795,0.6075631945030726,"[-0.5498664864096199, 0.4995240723860306]",0.742884548075665,1,0.742884548075665,20,25.978853075772044,moving,666,[718],[718],1.0,[718],[17.01777579248042],16.64717811524055,0,0.0,[],0.0,0,0.0,,
309704,138,,45.13360761257452,42.61265672662789,22,2.3163657905764694,0.5028182025129593,0.6925414181496924,4.606765982217537,3.55111267755563,0.0268182232875015,-0.2614375082967217,"[-0.04892376502053253, 0.08579288870534896]",0.0987621108330146,1,0.0987621108330146,22,28.29929292898648,moving,679,[729],[],1.0,[729],[23.006231305156376],59.08022490513931,0,0.0,[620],1.0,0,0.0,[37.962446097741164],[37.962446097741164]
320562,138,,45.54308132631496,43.38338584591949,24,2.3291830613047235,0.4871522129599649,0.7609242623208508,4.781222376374877,3.5257626762881324,0.3378711797115,-0.5719553683046071,"[0.1695751029194028, 0.18970155997108407]",0.2544452738519402,1,0.2544452738519402,24,31.743153897756528,moving,685,[],[],0.0,[],,156.51734551879457,1,0.0,[],0.0,0,0.0,,
322569,138,,45.50602989423232,42.91241399302098,25,2.2642395564608377,0.5112249966453092,0.8814480196902846,4.429047036664719,3.477175173858757,2.4906638498755327,2.1527926701640325,"[-0.037051432082634506, -0.47097185289850074]",0.4724270259437124,1,0.4724270259437124,25,34.46371239138575,moving,677,[],[],0.0,[],,46.76349058025798,0,0.0,[],0.0,0,0.0,,
316301,138,,44.92447711842671,42.44586366848336,26,2.282795065213378,0.5361061062702551,0.8425977190566752,4.258103085404149,3.6081501804075033,0.8161768803508606,-1.674486969524672,"[-0.581552775805612, -0.46655032453762146]",0.7455688005632829,1,0.7455688005632829,26,37.20605696969586,moving,673,[722],[722],1.0,[722],[43.686888370381155],110.98892448458189,1,1.0,[],0.0,0,0.0,,
332949,138,,44.76263410294954,42.951479912844455,27,2.309545531534379,0.506993589253604,0.8896925237484913,4.555374230539073,3.627162681358135,1.937122165503312,1.1209452851524513,"[-0.16184301547716728, 0.505616244361093]",0.5308869448579039,1,0.5308869448579039,27,39.94160716617387,moving,676,[],[],0.0,[],,59.63528339724243,0,0.0,[],0.0,0,0.0,,
339147,138,,44.43656029907429,43.0244576842875,28,2.2663447373529526,0.5111444653116561,1.1125312522744195,4.433863400968476,3.521537676076877,1.04083204564179,-0.8962901198615219,"[-0.32607380387525353, 0.07297777144304263]",0.3341405104121173,1,0.3341405104121173,28,43.31499597567924,moving,671,[],[],0.0,[],,80.83500060554753,0,0.0,[],0.0,0,0.0,,
336335,138,,43.9990450009778,41.92950163751252,29,2.3082790433157987,0.5126841277836097,1.1008365126660813,4.5023415358980285,3.5849126792456274,1.4108369114184167,0.3700048657766268,"[-0.4375152980964856, -1.094956046774982]",1.17913034921401,1,1.17913034921401,29,46.99408198591262,moving,652,[],[],0.0,[],,8.560186486897603,0,0.0,[],0.0,0,0.0,,
334957,138,,43.811567127414975,41.131448083612106,30,2.3545247435860124,0.4971872030907188,1.3474042385547431,4.735690558705704,3.551112677555631,0.1494034387810844,-1.2614334726373324,"[-0.18747787356282686, -0.7980535539004094]",0.8197788896822807,1,0.8197788896822807,30,50.10422170578114,moving,642,[],[],0.0,[],,3.065201648996479,0,0.0,[],0.0,0,0.0,,
340935,138,,43.639464681329976,40.17060848090162,32,2.3767204178479933,0.5028088937762061,1.2698388335558497,4.726886193277722,3.616600180829996,2.6396279198240906,2.611050850836745,"[0.11473713010584419, 0.12041027862720455]",0.1663227110890345,1,0.1663227110890345,32,54.35316076141781,moving,624,[693],[693],1.0,[693],[15.551218286726566],162.50282079909763,0,0.0,[],0.0,0,0.0,,
340331,138,,43.92311682797646,40.71198481951706,34,2.361729082814782,0.4977285704190433,1.1429766852639718,4.745014096390761,3.6081501804075087,1.4048217361374629,1.3793764259862604,"[-0.10753014273806372, 0.15122858190792954]",0.1855608137057814,1,0.1855608137057814,34,59.02841649755233,moving,632,[],[],0.0,[],,172.26341050879563,0,0.0,[754],1.0,1,1.0,[49.592927592465344],[49.592927592465344]
345818,138,,43.701593727316336,40.40014148077087,35,2.395813211048006,0.5135221125283346,1.0920107261981884,4.665452864828314,3.709550185477507,1.905843545005211,0.501021808867748,"[-0.22152310066012149, -0.3118433387461934]",0.3825163421952681,1,0.3825163421952681,35,61.57908815885485,moving,638,[704],[704],1.0,[704],[4.12530078769835],153.76508798074525,0,0.0,[],0.0,0,0.0,,
344549,138,,43.84084705561728,41.26433183968925,36,2.3682630596510186,0.5104671045722493,1.0842874026987546,4.639403868414845,3.625050181252507,2.683707059882756,0.7778635148775448,"[0.1392533283009385, 0.8641903589183784]",0.8753379152592241,1,0.8753379152592241,36,63.744066024150335,moving,654,[717],[717],1.0,[717],[10.082431902406555],63.61603449873121,0,0.0,[779],1.0,0,0.0,[47.93254586218275],[47.93254586218275]
344364,138,,44.54711087459345,41.48336450280117,37,2.373756929633996,0.487245755105566,1.3595129102963643,4.871785756490995,3.5637876781893816,1.1103092590651706,-1.573397800817585,"[0.7062638189761756, 0.21903266311192482]",0.739448368383293,1,0.739448368383293,37,66.9440539991263,moving,664,[731],[731],1.0,[731],[1.3725946690840232],103.68188221998298,0,0.0,[791],1.0,0,0.0,[52.7461453202437],[52.7461453202437]
350442,138,,44.33993273751046,41.82936886182526,39,2.3827262914265983,0.4807409304570159,1.277718053838278,4.95636244070473,3.5532251776612664,3.0149229857662982,1.2818477730681284,"[0.08053373312633028, -0.23034940688590666]",0.2440215798325057,1,0.2440215798325057,39,77.57522751847048,moving,670,[],[],0.0,[],,120.17678652991395,0,0.0,[805],1.0,1,1.0,[44.401632412702654],[44.401632412702654]
354289,138,,44.06520918724235,41.33193722037712,40,2.3503038954831807,0.4877061309963488,1.1393473135495364,4.81909852287827,3.553225177661255,0.840927369647427,-2.173995616118871,"[-0.27472355026810646, -0.4974316414481379]",0.5682528196020691,1,0.5682528196020691,40,84.44421652162342,moving,664,[],[],0.0,[],,3.9129370687817944,0,0.0,[],0.0,0,0.0,,
360529,138,,43.84795960283371,40.99514313222621,41,2.365744510758223,0.4910791881721806,1.0710316139283227,4.81743997248923,3.5553376777668837,0.0682936352735683,-0.7726337343738586,"[-0.21724958440864128, -0.33679408815091705]",0.4007837817815673,1,0.4007837817815673,41,91.88034710213026,moving,656,[643],[643],1.0,[643],[26.67154878586888],15.165073753924188,0,0.0,[643],1.0,0,0.0,[26.67154878586888],[26.67154878586888]
364215,138,,43.61735177881962,40.27076550163153,42,2.329202053028663,0.5042753110308364,0.9768631618196388,4.618909556106014,3.631387681569388,0.2646804683137415,0.1963868330401731,"[-0.2306078240140934, -0.7243776305946739]",0.7601992634845609,1,0.7601992634845609,42,99.95826482080662,moving,647,[638],[638],1.0,[638],[92.63556430383281],1.759842023177698,0,0.0,[638],1.0,0,0.0,[92.63556430383281],[87.36443569616719]
365071,138,,43.41688878130039,39.7021179397371,43,2.329923780879271,0.5060105434380623,0.8111804929550889,4.6044965092006285,3.6398376819918816,0.0307150376194055,-0.2339654306943359,"[-0.20046299751922447, -0.56864756189443]",0.6029473136376612,1,0.6029473136376612,43,108.01436602352167,moving,635,[],[],0.0,[],,9.324637596580551,0,0.0,[],0.0,0,0.0,,
385546,138,,43.12884436180326,39.176941277931085,44,2.378137642230395,0.4986336024956769,0.8571011964558805,4.769308827820149,3.6799751839987582,0.1627456276155813,0.1320305899961757,"[-0.2880444194971332, -0.5251766618060145]",0.5989825654467327,1,0.5989825654467327,44,116.14150199126064,moving,636,[632],[632],1.0,[632],[90.18452683226147],32.44820785724998,0,0.0,[632],1.0,0,0.0,[90.18452683226147],[89.81547316773853]
373841,138,,42.57566637918364,38.87272499653688,47,2.389958908330564,0.4926157744580263,0.5299170182812534,4.851567960770209,3.646175182308761,1.7930825942722315,1.5155370159838444,"[-0.201563149276339, 0.16536123860117158]",0.2607144844037425,1,0.2607144844037425,47,142.90990831376314,moving,640,[628],[],1.0,[628],[111.28753387953302],22.981939764259828,0,0.0,[628],1.0,0,0.0,[111.28753387953302],[68.71246612046698]
369164,138,,42.28498343080408,38.50346257637547,48,2.3930850739917013,0.4968936966770126,0.6035726498005203,4.816090624605443,3.595475179773759,1.590963170503806,-0.2021194237684256,"[-0.2906829483795619, -0.3692624201614123]",0.4699482007861063,1,0.4699482007861063,48,153.50748460705768,moving,621,[609],[],1.0,[609],[96.64376338265494],3.0461211913232926,0,0.0,[609],1.0,0,0.0,[96.64376338265494],[83.35623661734506]
377229,138,,41.68456970408432,37.81896416925965,49,2.3663018601709305,0.4897066096013232,0.7551727421452703,4.8320807066446765,3.5997001799850064,0.0531648442033489,-1.5377983263004569,"[-0.6004137267197578, -0.684498407115818]",0.9105134334965082,1,0.9105134334965082,49,164.64328550448627,moving,607,[],[],0.0,[],,13.761507303445663,0,0.0,[],0.0,0,0.0,,
374609,138,,41.16007757435088,37.45194826924642,50,2.413519276484722,0.5006197804726161,0.7660628658520886,4.821062552115321,3.6567376828368823,0.2401836124823793,0.1870187682790303,"[-0.5244921297334386, -0.3670159000132287]",0.6401505018469005,1,0.6401505018469005,50,175.82180218546418,moving,598,[],[],0.0,[],,1.26820643777981,0,0.0,[],0.0,0,0.0,,
368959,138,,40.53852374073578,37.03719789562688,51,2.3534703590813386,0.5075572885367957,0.7038679502295253,4.636856591826327,3.625050181252505,0.0221343779342412,-0.218049234548138,"[-0.6215538336150956, -0.4147503736195475]",0.7472262311369805,1,0.7472262311369805,51,186.6900209035649,moving,596,[557],[557],1.0,[557],[11.955869011468053],4.710851208559136,0,0.0,[],0.0,0,0.0,,
380789,138,,40.17929476531408,36.7522188082719,52,2.387460548125788,0.4917957679200612,0.6582884503924765,4.854577253120763,3.656737682836887,0.0822198641608812,0.0600854862266399,"[-0.35922897542170773, -0.28497908735497646]",0.4585395697343962,1,0.4585395697343962,52,196.065233570241,moving,605,[563],[563],1.0,[563],[33.85711014166067],76.3020125682536,0,0.0,[563],1.0,0,0.0,[33.85711014166067],[33.85711014166067]
377593,138,,40.32356590484459,36.43894338884987,53,2.3846336688809213,0.4857782812094801,0.8347061457587281,4.908893133187661,3.5806876790343845,1.3317213452141603,1.249501481053279,"[0.14427113953051673, -0.31327541942202686]",0.3448994782766142,1,0.3448994782766142,53,204.3664089967748,moving,589,[580],[580],1.0,[580],[42.41620330227852],,0,0.0,[580],1.0,0,0.0,[42.41620330227852],[42.41620330227852]
393616,138,,39.93293812522606,35.8849763448434,56,2.3952567131982243,0.5013727152328289,0.6110395550491865,4.777397413989527,3.6567376828368823,3.115546241497999,0.437856170497056,"[-0.07068773425449137, -0.2568280832586751]",0.266378340193715,1,0.266378340193715,56,243.5109736874831,moving,592,[558],[558],1.0,[558],[115.75527076016711],,0,0.0,[558],1.0,0,0.0,[115.75527076016711],[64.24472923983289]
286436,141,,56.925464858511056,46.60656260223927,0,2.095824469334572,0.5387055098036739,-0.0300517404007735,3.890482705659303,3.3124001656199984,,,"[0.0, 0.0]",0.0,0,0.0,0,0.0,moving,733,[727],[727],1.0,[727],[165.33217509629992],,0,0.0,[],0.0,0,0.0,,
284133,141,,55.77322286724946,46.63065466608802,1,2.139036391305036,0.4993634044328267,-0.0631703265042229,4.283526530612586,3.289162664458132,,,"[-1.1522419912615973, 0.02409206384874807]",1.1524938325071346,1,1.1524938325071346,1,0.6610296403411321,moving,726,[714],[714],1.0,[714],[153.63049679919285],,0,0.0,[],0.0,0,0.0,,
294818,141,,54.70576669579437,46.48622741431258,2,2.09493404252452,0.5102649131409793,0.0880416493756957,4.105581215900136,3.2617001630850093,0.1553895553413096,,"[-1.0674561714550848, -0.1444272517754399]",1.077182393577315,1,1.077182393577315,2,1.241758746980061,moving,734,[731],[731],1.0,[731],[163.65919436885335],152.42216331079,0,0.0,[],0.0,0,0.0,,
296823,141,,55.71915289663834,47.20329850128139,3,1.808303345835046,0.5156054899043597,0.0884648337354549,3.5071452520229576,2.7863876393193863,2.660268602785785,2.504879047444476,"[1.0133862008439678, 0.717071086968808]",1.2414276200518493,1,1.2414276200518493,3,1.904173112754315,moving,747,[],[],0.0,[],,169.39584294025695,0,0.0,[],0.0,0,0.0,,
287896,141,,53.36668808769326,46.122328514619774,4,2.115073462074448,0.5074442798184837,3.1282102714729643,4.168090066619777,3.242687662134368,2.956515198498673,0.2962465957128879,"[-2.3524648089450793, -1.0809699866616143]",2.588935454851708,1,2.588935454851708,4,3.1152100667483418,moving,741,[724],[724],1.0,[724],[148.81211548179851],13.829828250991454,0,0.0,[],0.0,0,0.0,,
299695,141,,52.71015539330251,45.99650380067643,5,2.123011571533953,0.506097050322216,-0.039940579504297,4.194870470361957,3.1877626593881283,0.2413760379651296,-2.7151391605335435,"[-0.656532694390755, -0.12582471394334505]",0.6684811421744888,1,0.6684811421744888,5,4.204290357314602,moving,732,[733],[733],1.0,[733],[167.27290511777744],157.83634922687213,0,0.0,[],0.0,0,0.0,,
294903,141,,54.09463498942063,46.896036986119576,6,1.8988387061386305,0.4815821985644661,0.1807878843084656,3.942917142283958,2.782162639108134,2.754763973336525,2.513387935371396,"[1.3844795961181262, 0.899533185443147]",1.6510432168119964,1,1.6510432168119964,6,5.333484201033783,moving,741,[],[],0.0,[],,174.9064749793437,0,0.0,[],0.0,0,0.0,,
286782,141,,52.49913214852738,45.64471612483226,8,2.124360089828726,0.5024864526994948,0.0956462287807448,4.227696246169588,3.2426876621343803,1.0170426374654666,-2.084196791807038,"[-0.0055072002305180945, -0.30722112237672405]",0.3072704790388967,1,0.3072704790388967,8,8.265052832228655,moving,731,[705],[],1.0,[705],[26.552145269082928],8.60149225402002,0,0.0,[],0.0,0,0.0,,
286377,141,,52.08711470424152,45.41156148752403,9,2.1081159033959653,0.500366365423332,0.1907736356732129,4.213144705704601,3.278600163930005,1.0379149914224408,0.0208723539569741,"[-0.4120174442858584, -0.23315463730823183]",0.4734125677400037,1,0.4734125677400037,9,9.817158029083345,moving,726,[700],[700],1.0,[700],[16.88406420548864],26.233294376154667,0,0.0,[],0.0,0,0.0,,
284807,141,,51.56681369574577,45.38181994727091,10,2.144149384670732,0.4955326776280138,0.1919269044901692,4.32695860731974,3.2976126648806283,0.4578573605088243,-0.5800576309136165,"[-0.5203010084957498, -0.029741540253120036]",0.5211503608924417,1,0.5211503608924417,10,11.507297037992998,moving,728,[693],[693],1.0,[693],[23.301209710510165],41.550346193310226,0,0.0,[],0.0,0,0.0,,
285622,141,,51.249763862838144,45.63201998687133,11,2.197127656830621,0.512143784322306,0.2189580620917595,4.290060182489511,3.3440876672043767,0.7251903464167557,0.2673329859079314,"[-0.3170498329076281, 0.2502000396004149]",0.4038819832114377,1,0.4038819832114377,11,13.264847336817487,moving,726,[687],[687],1.0,[687],[35.3826698858731],28.66919131633102,0,0.0,[],0.0,0,0.0,,
286376,141,,50.48728319364584,45.76111485119253,12,2.139886076358861,0.5166778189257731,0.2432561243696396,4.141625589439676,3.3905626695281272,0.5003717823541525,-0.2248185640626032,"[-0.762480669192307, 0.1290948643211962]",0.7733319176692866,1,0.7733319176692866,12,15.036301628971168,moving,723,[676],[],1.0,[676],[42.10664639041282],66.00245145234815,0,0.0,[],0.0,0,0.0,,
329423,141,,50.08734050768545,45.15931479226787,14,2.128401694581032,0.5191065596267176,0.5735192127503475,4.100124830076385,3.329300166465001,1.024520001422823,0.2383811609914522,"[0.021804795294954715, -0.3017153806323378]",0.30250226446751,1,0.30250226446751,14,18.597416104044484,moving,721,[746],[746],1.0,[746],[27.108880881828924],74.99921854611654,0,0.0,[],0.0,0,0.0,,
317540,141,,50.346136874530224,44.86568639822215,15,2.1827270749912056,0.525061743267409,0.6997804837406807,4.157086481693189,3.424362671218133,0.6502845504295014,-0.3742354509933216,"[0.258796366844777, -0.2936283940457258]",0.3913990205428833,1,0.3913990205428833,15,20.49973350634277,moving,715,[662],[662],1.0,[662],[18.30916246186125],41.84735053560262,0,0.0,[],0.0,0,0.0,,
308955,141,,50.341937791056594,44.33721215074226,16,2.1770869833710127,0.5094271705073179,0.6408360751238884,4.273598090975281,3.411687670584381,0.7303740500824665,0.080089499652965,"[-0.004199083473629628, -0.5284742474798847]",0.5284909294883394,1,0.5284909294883394,16,22.56554769582189,moving,718,[663],[663],1.0,[663],[17.203637972480365],54.732662659319246,0,0.0,[],0.0,0,0.0,,
309667,141,,49.94189305783439,44.05904857498538,17,2.144357281671177,0.5189322654878002,0.6551172181386518,4.132248896983627,3.4560501728025037,0.955265171788476,0.2248911217060094,"[-0.40004473322220235, -0.2781635757568779]",0.4872481538771341,1,0.4872481538771341,17,24.603321920681605,moving,700,[647],[647],1.0,[647],[19.01367438852978],19.4060048208558,0,0.0,[],0.0,0,0.0,,
311955,141,,49.32610384433043,43.88936156234912,19,2.17521839122663,0.5202013926624613,0.6251369703872713,4.181492825487388,3.451825172591258,0.2295099027085946,-0.147845671114416,"[-0.0972413499694369, -0.0481466196780147]",0.1085079588338933,1,0.1085079588338933,19,28.33358086303748,moving,713,[661],[661],1.0,[661],[7.461728329203851],60.55543771068338,0,0.0,[],0.0,0,0.0,,
310012,141,,48.72142351603075,44.49720249701322,22,2.200512766628312,0.5081853052141988,0.2225561644846189,4.3301385224053295,3.4074626703731368,0.1107631515288852,-0.3356423700853237,"[-0.14274952262953633, 0.17389689779114548]",0.2249834599972731,1,0.2249834599972731,22,33.17522786639991,moving,729,[744],[744],1.0,[744],[6.316985680142352],93.1633136496749,0,0.0,[],0.0,0,0.0,,
315153,141,,48.975855313228045,44.72379211020552,23,2.1719755063199715,0.5258023003126903,0.0384452607471633,4.130783575933989,3.3926751696337685,1.5305622117968791,1.4197990602679942,"[0.2544317971972987, 0.22658961319230286]",0.3407027916405804,1,0.3407027916405804,23,35.13743039794867,moving,731,[690],[],1.0,[690],[36.444099575788215],95.2475323392864,0,0.0,[],0.0,0,0.0,,
321433,141,,47.45013777107897,46.14979268216685,24,2.202267560877088,0.4788562192878907,2.8619542336224537,4.599016306297723,3.1835376591768823,1.662383043720322,0.1318208319234426,"[-1.5257175421490743, 1.4260005719613318]",2.0883705728762454,1,2.0883705728762454,24,37.60736111228549,moving,745,[],[],0.0,[],,178.13481793376323,0,0.0,[],0.0,0,0.0,,
323259,141,,48.86206853934465,44.74129233886657,25,2.12387256673021,0.5241870589526406,0.0477100319037566,4.051745518048163,3.3525376676268905,3.109039085384804,1.4466560416644818,"[1.4119307682656768, -1.4085003433002825]",1.9943474400044536,1,1.9943474400044536,25,39.93800923157146,moving,729,[677],[677],1.0,[677],[46.386556567705014],116.97155343679796,0,0.0,[],0.0,0,0.0,,
332994,141,,48.079915992993456,44.48567367377022,27,2.1070432124837177,0.5113419744377466,3.041208523416632,4.120614613733886,3.2849376642468795,1.3964127852817898,-0.25771271101299,"[-0.24282240270750322, 0.2016901439684915]",0.3156606301563052,1,0.3156606301563052,27,46.29376979830536,moving,721,[676],[676],1.0,[676],[120.65977698392578],45.61393825483652,0,0.0,[],0.0,0,0.0,,
339512,141,,47.416437197316014,44.83129151193931,28,2.1252603830171912,0.4996189396822263,-0.1317054368452225,4.253762646325868,3.3124001656200104,0.2128861355836648,-1.183526649698125,"[-0.6634787956774417, 0.3456178381690904]",0.7481014652934881,1,0.7481014652934881,28,50.17805519585957,moving,723,[671],[671],1.0,[671],[106.75618614136181],82.83048279558253,0,0.0,[],0.0,0,0.0,,
336548,141,,46.9734711196917,44.19121695177492,29,2.171850802762397,0.5089870693690737,0.1318987522598082,4.267005850373692,3.350425167521256,1.4456646457994322,1.2327785102157671,"[-0.4429660776243125, -0.6400745601643933]",0.7784050285651487,1,0.7784050285651487,29,54.14231256499239,moving,714,[652],[652],1.0,[652],[54.40470544011879],55.65499526297851,0,0.0,[],0.0,0,0.0,,
335027,141,,46.04334488807495,44.19674163758195,30,2.188345284204086,0.515668322385052,0.4799645663422398,4.243707028740149,3.384225169211255,0.9713629125208224,-0.4743017332786099,"[-0.9301262316167538, 0.005524685807031915]",0.9301426390048192,1,0.9301426390048192,30,57.7019620319721,moving,715,[642],[642],1.0,[642],[48.97747676278031],23.403151507378237,0,0.0,[],0.0,0,0.0,,
341773,141,,45.340485410240696,43.8974853741657,32,2.0963469594793724,0.527949690052111,0.977116502478972,3.97073243716168,3.3588751679437543,2.273552027005837,1.7255176207838447,"[0.0222798747658004, 0.13748113550757068]",0.1392747480343467,1,0.1392747480343467,32,63.04888928273284,moving,693,[],[],0.0,[],,132.2900059297816,0,0.0,[],0.0,0,0.0,,
341269,141,,45.58571849359326,44.60062504113095,34,2.098205223529926,0.5264622343886086,1.1433030933484103,3.985480983202175,3.2786001639300024,0.0219422764346981,-0.1582605274369239,"[0.05625588978202245, 0.17037282487557803]",0.179420245767448,1,0.179420245767448,34,68.52345701155281,moving,699,[632],[632],1.0,[632],[2.6813907526096443],173.78098158138738,0,0.0,[],0.0,0,0.0,,
346258,141,,45.40970922395532,44.23072028384777,35,2.157108472990984,0.4952444191802949,1.1736182577731806,4.355644181839198,3.2384626619231307,3.0163943323529083,2.9944520559182104,"[-0.1760092696379445, -0.36990475728317307]",0.4096447149167261,1,0.4096447149167261,35,71.4070350582058,moving,704,[761],[761],1.0,[761],[51.05023582289877],150.79210988856028,0,0.0,[],0.0,0,0.0,,
344948,141,,45.350548783611664,45.13051859268629,36,2.1438091718449286,0.5001518279124525,1.281123480633143,4.286316778632638,3.265925163296264,2.6318188035844763,-0.384575528768432,"[-0.05916044034365342, 0.8997983088385197]",0.9017410683174606,1,0.9017410683174606,36,74.39960144630025,moving,717,[779],[],1.0,[779],[58.014977764589304],1.4080149303402043,0,0.0,[],0.0,0,0.0,,
344757,141,,45.33123181040142,45.60048720576777,37,2.0808647195036447,0.5114914058548443,1.3429082008297282,4.06823007324227,3.23423766171188,0.0245744964516751,-2.607244307132801,"[-0.019316973210244726, 0.46996861308147686]",0.4703654353114525,1,0.4703654353114525,37,77.97396294256211,moving,731,[791],[791],1.0,[791],[51.373550651159675],17.362140433170396,0,0.0,[],0.0,0,0.0,,
351999,141,,45.46054588359736,46.08280919357684,38,2.1273338912524866,0.5073241600520919,1.2813191976529137,4.193243804974816,3.257475162873752,0.3030265157524437,0.2784520193007685,"[0.12931407319593546, 0.48232198780907254]",0.4993562149914817,1,0.4993562149914817,38,82.34221544135487,moving,742,[673],[673],1.0,[673],[2.71637588398103],121.5244236595492,1,1.0,[],0.0,0,0.0,,
350976,141,,44.99894883739071,45.94593796781907,39,2.113535482611219,0.5104158406136093,1.5055331289569829,4.140810912275722,3.2321251616062656,2.12100131444762,1.817974798695176,"[-0.46159704620664854, -0.13687122575777266]",0.4814619045232322,1,0.4814619045232322,39,87.55230987704087,moving,742,[670],[670],1.0,[670],[11.392135831552736],66.65214758688467,0,0.0,[],0.0,0,0.0,,
354681,141,,44.9279233034134,45.35310604876284,40,2.1511904322453925,0.5141404771332773,1.551845333978226,4.18405188449645,3.352537667626883,1.1632994289163263,-0.9577018855312938,"[-0.0710255339773056, -0.5928319190562306]",0.5970714452464249,1,0.5970714452464249,40,92.92138184826251,moving,729,[664],[664],1.0,[664],[19.306300340600387],0.4430336625516217,0,0.0,[],0.0,0,0.0,,
360594,141,,44.88054491612005,44.98197082151971,41,2.122945875029386,0.5375422162698819,1.5598259558942318,3.94935655428322,3.3926751696337485,0.0077323961086953,-1.155567032807631,"[-0.04737838729335664, -0.37113522724312986]",0.3741471214419923,1,0.3741471214419923,41,98.80191210205273,moving,723,[656],[656],1.0,[656],[26.82282700394012],7.516680141073252,0,0.0,[],0.0,0,0.0,,
364398,141,,44.88410029475647,44.13938113832002,42,2.124346890685889,0.5019127458670694,1.5163008511391842,4.232502378508073,3.234237661711878,0.1311908172810281,0.1234584211723328,"[0.0035553786364275197, -0.8425896831996909]",0.8425971842771632,1,0.8425971842771632,42,105.33218071070952,moving,709,[647],[647],1.0,[647],[28.930354374416666],0.2762754884096844,0,0.0,[],0.0,0,0.0,,
365189,141,,44.883659403013134,43.40743714388558,43,2.1752202931900566,0.5195247063057395,1.568937072120504,4.186942924539074,3.3588751679437507,0.0048219169153044,-0.1263689003657236,"[-0.0004408917433380566, -0.7319439944344381]",0.7319441272215866,1,0.7319441272215866,43,112.10826042255944,moving,693,[635],[635],1.0,[635],[39.377185843217575],14.692907536756262,0,0.0,[],0.0,0,0.0,,
385768,141,,44.75778762541379,42.928576242653385,44,2.177564579741296,0.5194175822711815,1.4462190307923983,4.192319732843423,3.4285876714293817,0.2564396132074865,0.2516176962921821,"[-0.1258717775993432, -0.4788609012321956]",0.4951277280913775,1,0.4951277280913775,44,119.0018847395118,moving,693,[636],[636],1.0,[636],[30.56365284362981],2.2022949111319954,0,0.0,[],0.0,0,0.0,,
365442,141,,44.67704506385812,42.565124405753096,45,2.1583472673810515,0.5113667045257219,1.3618486815123625,4.220742665252048,3.3969001698450154,0.0384372972991692,-0.2180023159083173,"[-0.08074256155567383, -0.36345183690028904]",0.3723125017948848,1,0.3723125017948848,45,126.19186414641833,moving,698,[636],[],1.0,[636],[26.200114841347343],25.90477602282437,0,0.0,[],0.0,0,0.0,,
374133,141,,44.79836001566235,42.05509409840991,47,2.1782226929234927,0.5160679729981053,1.369404839419551,4.220805798641354,3.4433751721687527,2.271946834376566,1.6724390374341445,"[-0.09563386031260279, 0.031718306623027104]",0.1007565690827292,1,0.1007565690827292,47,143.54993380898438,moving,686,[640],[],1.0,[640],[46.486851682235326],54.367118637407,0,0.0,[],0.0,0,0.0,,
369428,141,,44.556567780582014,41.776821044421474,48,2.14323904275363,0.5265556950355275,1.2889424472811493,4.070298855297772,3.4328126716406366,1.1756774459789865,-1.0962693883975794,"[-0.24179223508033232, -0.2782730539884355]",0.3686453275455874,1,0.3686453275455874,48,153.6937234080688,moving,674,[621],[621],1.0,[621],[38.39290437954752],3.9385406361737103,0,0.0,[],0.0,0,0.0,,
377675,141,,44.0435661468092,41.26249271901124,49,2.197729304027632,0.508429651318745,1.143990312179574,4.322582875186856,3.3884501694225104,0.0687405018248233,-1.1069369441541632,"[-0.5130016337728165, -0.5143283254102329]",0.7264325863924838,1,0.7264325863924838,49,164.04366480919057,moving,670,[607],[607],1.0,[607],[22.511401699443596],8.134583862588558,0,0.0,[],0.0,0,0.0,,
376188,141,,43.71284775948947,40.82027435384164,50,2.177009670257762,0.5156628741679499,1.0282394558520611,4.221769259170511,3.432812671640629,0.1419752716817683,0.0732347698569449,"[-0.33071838731972747, -0.44221836516960167]",0.5522062424535207,1,0.5522062424535207,50,174.78238983496922,moving,667,[598],[598],1.0,[598],[13.155842618965096],11.867163847495023,0,0.0,[],0.0,0,0.0,,
369542,141,,43.41656243272495,40.18268931751584,51,2.193088360049995,0.5318248857506037,0.8976781608494979,4.123703908580223,3.6271626813581297,0.2071210820124177,0.0651458103306494,"[-0.2962853267645258, -0.6375850363258024]",0.703064487371206,1,0.703064487371206,51,185.67281805165263,moving,649,[596],[596],1.0,[596],[13.712029072398849],21.849560983745462,0,0.0,[],0.0,0,0.0,,
378000,141,,42.961508792907104,39.75497407939013,53,2.2237966859979275,0.5067691363845186,0.9280182044069484,4.388184927486564,3.466612673330627,0.3623821430578648,0.0772806145669192,"[-0.14950447999103034, -0.07941817663301975]",0.1692892090982231,1,0.1692892090982231,53,206.64683289368645,moving,652,[589],[589],1.0,[589],[6.6535387729663],30.510686374682543,0,0.0,[],0.0,0,0.0,,
389971,141,,42.823081090964536,39.28045511045191,55,2.1839614152803755,0.5001908122346259,0.9578674217791578,4.36625656021834,3.4539376726968785,1.7378537023551284,1.2262491394610626,"[0.13050492076844478, -0.05576706637017992]",0.1419207526625831,1,0.1419207526625831,55,225.8177721112163,moving,642,[592],[592],1.0,[592],[14.986345857328644],0.8797998068480332,0,0.0,[],0.0,0,0.0,,
393754,141,,42.72783460552954,38.93427167919273,56,2.170334163306481,0.5053693087389859,1.0285068361480951,4.294550788456011,3.451825172591253,1.4354540353125045,-0.3023996670426241,"[-0.09524648543499126, -0.3461834312591776]",0.3590471571619746,1,0.3590471571619746,56,243.77545881026475,moving,640,[592],[592],1.0,[592],[22.064519679243247],14.03693033795308,0,0.0,[],0.0,0,0.0,,
394872,141,,42.480554929976,38.49578366794284,58,2.2090061524719857,0.5173235623741668,0.8576445559356759,4.270066768917571,3.4771751738587566,0.138625677157723,-0.1346779804159792,"[-0.040462417730040556, -0.09486365790132112]",0.1031325401557587,1,0.1031325401557587,58,263.4888729221386,moving,643,[598],[598],1.0,[598],[11.664248892908006],,0,0.0,[],0.0,0,0.0,,
396048,141,,42.319096018025,38.173464896150406,59,2.1256035767100787,0.5589955157655455,0.809422652039466,3.802541374234568,3.437037671851882,0.0612229260996585,-0.0774027510580644,"[-0.16145891195100148, -0.32231877179243185]",0.3604973937467274,1,0.3604973937467274,59,284.4631476247632,moving,642,[],[],0.0,[],,,0,0.0,[],0.0,0,0.0,,
281018,143,,34.92889306337482,12.710627086299754,11,1.589175477344139,0.5115508091307293,0.7640020525510084,3.1065838407031388,2.488525124426252,1.7029179871024158,0.961252394525926,"[-0.13718432067143738, 0.020264141054529006]",0.1386729002031817,1,0.1386729002031817,11,2.3826855652581367,moving,225,[194],[],1.0,[194],[13.122909858996252],,0,0.0,[257],1.0,0,0.0,[29.04290869619544],[29.04290869619544]
279152,143,,35.27470872827871,12.39062078834103,13,1.614415835613337,0.5137270458965516,0.5753701059565797,3.1425556596808595,2.530775126538756,1.5779557349262887,-0.6937417728359339,"[0.1063457801036023, 0.06688197450022848]",0.1256289117157867,1,0.1256289117157867,13,2.7293296712460617,moving,215,[],[],0.0,[],,,0,0.0,[],0.0,0,0.0,,
326046,143,,35.84572256001795,11.977983269857154,14,1.6030749623089615,0.5133313389863491,0.3457745444321647,3.122885435895025,2.5223251261162583,1.187166042837353,-0.3907896920889357,"[0.5710138317392364, -0.4126375184838764]",0.7045044483167274,1,0.7045044483167274,14,2.782602491418507,moving,216,[],[],0.0,[],,89.48692574100112,0,0.0,[],0.0,0,0.0,,
312395,143,,36.80291915906719,13.277885552073084,15,1.4655208999577134,0.5017815488974584,2.851412479130374,2.920635290751195,2.239250111962504,1.5618414916681365,0.3746754488307835,"[0.9571965990492401, 1.2999022822159318]",1.6143021007672698,1,1.6143021007672698,15,2.6981653360079885,moving,232,[251],[251],1.0,[251],[9.58783302481865],170.31743145722731,1,1.0,[],0.0,0,0.0,,
307517,143,,36.10507259428695,11.889399797366572,22,1.6667605464435729,0.5238066306182521,0.2715509939181451,3.182014982277497,2.6765376338268823,0.5595224927280181,-2.0894788889824474,"[-0.06632692110919436, -0.13301855874946078]",0.1486378062123127,1,0.1486378062123127,22,2.671330806870348,moving,217,[210],[],1.0,[210],[9.426445080896855],26.707949676684983,0,0.0,[],0.0,0,0.0,,
310751,143,,36.10536166212732,11.20094472446794,23,1.6045468990993437,0.5261940318672776,0.0274359771991364,3.049344541984581,2.5033126251656244,0.4629701479028085,-0.0965523448252096,"[0.00028906784036308864, -0.6884550728986323]",0.6884551335853902,1,0.6884551335853902,23,2.5559990563865496,moving,212,[211],[211],1.0,[211],[158.0560245884614],84.98693065618255,0,0.0,[],0.0,0,0.0,,
337509,143,,34.155915038294765,11.029117297004433,34,1.6491099642084837,0.4913000168488863,0.6421911387380508,3.35662509190533,2.482187624109378,0.1137680882536904,-2.327564311594541,"[-0.26177521608638443, -0.053970101284720684]",0.2672808178484874,1,0.2672808178484874,34,6.386950365118182,moving,189,[],[],0.0,[],,141.05104046772183,1,0.0,[],0.0,0,0.0,,
339289,143,,34.75135314775125,10.628820968630976,37,1.63721918089279,0.5119360018193283,0.2852530914834345,3.1980934630000784,2.564575128228753,0.2024938658736809,-0.7458048213561606,"[0.13007568647459777, -0.1441048326070824]",0.1941285321444354,1,0.1941285321444354,37,7.271497031041915,moving,206,[203],[203],1.0,[203],[20.241452474293254],68.94615176920038,0,0.0,[],0.0,0,0.0,,
347333,143,,37.06158768453088,12.24852770347354,38,1.435014857580109,0.4639534463899363,0.8167103234347478,3.093014759877503,2.004762600238131,1.4479853473389974,1.2454914814653164,"[2.3102345367796246, 1.6197067348425644]",2.821459466627817,1,2.821459466627817,38,7.272856140824381,moving,231,[205],[205],1.0,[205],[43.78204997971049],177.62930188362105,1,1.0,[],0.0,0,0.0,,
367235,143,,35.01319259646264,10.682127173371232,46,1.651126177047199,0.5085373870140218,0.1719470540349066,3.246813743119486,2.5857001292850046,0.1222134223434489,-2.817076881970815,"[-0.02943501713379959, 0.021196816905199256]",0.0362729276538249,1,0.0362729276538249,46,6.99615619206263,moving,214,[210],[210],1.0,[210],[165.04578167408792],19.33511903640298,0,0.0,[],0.0,0,0.0,,
374117,143,,34.05427707704851,10.369262790045015,49,1.640768532014817,0.5465620931974274,0.0315894529080273,3.0019801088220435,2.5709126285456323,0.7302496211529752,0.4090518953484757,"[-0.1442619135084584, -0.23662589318139204]",0.277134106549543,1,0.277134106549543,49,7.830935158802675,moving,207,[206],[206],1.0,[206],[6.455870529802866],28.845356956855788,0,0.0,[],0.0,0,0.0,,
371499,143,,33.59329455457865,10.456995292313977,50,1.6810114937979077,0.5108657725482926,0.0791592399080387,3.2905150122168343,2.621612631080632,1.211369623214306,0.4811200020613306,"[-0.4609825224698625, 0.08773250226896145]",0.4692567292826503,1,0.4692567292826503,50,7.970181833631071,moving,205,[201],[201],1.0,[201],[167.6417149406824],6.558626557212912,0,0.0,[],0.0,0,0.0,,
367224,143,,33.23250083081258,10.569605527398046,51,1.645263900844521,0.5220631773302257,0.1424094362043315,3.1514651335078288,2.608937630446879,0.1144696278321055,-1.0968999953822005,"[-0.360793723766065, 0.11261023508406964]",0.3779592255186702,1,0.3779592255186702,51,8.020208234633579,moving,209,[202],[],1.0,[202],[165.18866362107528],,0,0.0,[],0.0,0,0.0,,
378334,143,,33.10265716480834,10.882401165415748,52,1.7039462359271755,0.4839910229583478,0.2698760165264104,3.520615373219054,2.522325126116252,0.8747980041661457,0.7603283763340402,"[-0.12984366600424124, 0.3127956380177004]",0.3386746060222425,1,0.3386746060222425,52,7.906013486734414,moving,217,[],[],0.0,[],,,0,0.0,[],0.0,0,0.0,,
290819,284,144.0,79.7561878319044,77.88276477950171,7,1.4160676177367926,0.5360009580281521,0.3665746610355147,2.64191247520572,2.277275113863761,2.984288751287852,1.283352873494853,"[-0.026704233574136538, -0.011319036475470057]",0.0290040803597539,1,0.0290040803597539,5,2.6178230893743746,moving,1221,[],[],0.0,[],,,0,0.0,[],0.0,0,0.0,,
291500,284,144.0,80.0867176884383,77.99369802826962,8,1.4236113750986965,0.5476925885253697,0.2965178883666253,2.599289099258558,2.334312616715635,3.064491643359996,0.080202892072144,"[0.3305298565339001, 0.11093324876790689]",0.3486490667455212,1,0.3486490667455212,6,3.4110701562279293,moving,1222,[],[],0.0,[],,,0,0.0,[],0.0,0,0.0,,
317982,284,144.0,80.65421100071538,78.44814649243973,22,1.4514665727657146,0.4818390826567465,0.3281613847421693,3.012347119628968,2.1632001081600003,2.288064780850948,-0.0740266410376144,"[-0.056856053821434216, -0.004456140023506805]",0.0570304132902342,1,0.0570304132902342,20,14.831056615469286,moving,1267,[1243],[1243],1.0,[1243],[6.691648313584039],114.01592599433243,1,1.0,[],0.0,0,0.0,,
340694,284,144.0,80.20934091599139,78.67772506405281,29,1.4489260750448196,0.484241286555022,0.5526627503339885,2.992157247377099,2.1463001073150068,1.7112722347489293,1.5372728487160734,"[-0.21711740534438206, -0.22584001532783304]",0.3132789176225438,1,0.3132789176225438,27,26.03461923117109,moving,1261,[1229],[],1.0,[1229],[5.820724245525014],82.97889689132761,0,0.0,[],0.0,0,0.0,,
336088,284,144.0,79.86260334791587,78.16975903275069,30,1.4108404685817904,0.5197614346865091,0.624723177003903,2.714400058235813,2.1885501094275077,0.1667566024024842,-1.544515632346445,"[-0.34673756807552536, -0.5079660313021179]",0.6150255523730326,1,0.6150255523730326,28,27.743617990131987,moving,1266,[1229],[],1.0,[1229],[1.9249001388483578],16.23669553340098,0,0.0,[],0.0,0,0.0,,
347581,284,144.0,79.07790324078562,77.52414648788158,31,1.415067872555308,0.5190841447364983,0.8040622797891952,2.726085716360372,2.228687611434379,0.283383796701704,0.1166271942992197,"[-0.7847001071302486, -0.6456125448691097]",1.0161544253815913,1,1.0161544253815913,29,29.241205524696973,moving,1246,[1209],[1209],1.0,[1209],[8.97620156837732],5.8998110512057815,0,0.0,[],0.0,0,0.0,,
347849,284,144.0,78.36655284277272,77.0524912620847,32,1.43436827635419,0.5394436087746647,0.7809784556032748,2.658977236957777,2.3110751155537548,0.1029711280890886,-0.1804126686126154,"[-0.7113503980128968, -0.47165522579688]",0.8535092505501112,1,0.8535092505501112,30,30.31004941612527,moving,1234,[1200],[],1.0,[1200],[10.75014148885117],13.578560978082836,0,0.0,[],0.0,0,0.0,,
349463,284,144.0,77.52715582029903,76.14841397105076,33,1.4630106946274275,0.5080828578112552,0.7255208897469538,2.8794726532004216,2.258262612913131,0.2369905967503671,0.1340194686612784,"[-0.8393970224736904, -0.9040772910339427]",1.2336705838679016,1,1.2336705838679016,31,31.029784313313808,moving,1218,[1185],[1185],1.0,[1185],[3.876265918036779],28.509813576858452,0,0.0,[],0.0,0,0.0,,
350543,284,144.0,76.73830063017729,75.88270801619491,35,1.4571502186128291,0.4882854543818256,0.6611587265693663,2.984217951889631,2.1864376093218905,1.4167249323009088,1.0460081016223923,"[-0.06069689986728122, 0.08761907921670797]",0.1065890083277,1,0.1065890083277,33,31.6051263973023,moving,1222,[1192],[],1.0,[1192],[0.8198607459015648],61.47167517309636,0,0.0,[],0.0,0,0.0,,
352037,284,144.0,76.49260665662935,76.11067657930546,37,1.4472428063368812,0.522879792049615,0.8680395821406176,2.76783082525315,2.2857251142862496,2.7343956112095027,2.6244988772275875,"[0.027463603868483233, -0.08617067095235598]",0.0904413294341927,1,0.0904413294341927,35,32.13787849962599,moving,1234,[1196],[],1.0,[1196],[6.871569205639531],110.63725203666787,1,1.0,[],0.0,0,0.0,,
356133,284,144.0,76.12429760202515,75.20904565902104,39,1.4757643621303165,0.5087130325273953,0.7432321096045206,2.9009761255739863,2.2920626146031315,0.1193488602387465,-0.5943181904006496,"[-0.039955663238814054, -0.13598344783125071]",0.1417319763106688,1,0.1417319763106688,37,32.58179429899061,moving,1228,[1196],[],1.0,[1196],[0.8600337087825665],38.07380677307221,0,0.0,[],0.0,0,0.0,,
367447,284,144.0,76.24249126129573,74.79286075060274,45,1.435577569249788,0.5492997677196065,0.4378367598624131,2.6134683712129063,2.3153001157650124,0.1351654356285411,-0.3971307476489961,"[0.1481012788713656, -0.04184615513709389]",0.1538996085215675,1,0.1538996085215675,43,32.346798761681406,moving,1234,[1239],[1239],1.0,[1239],[1.2115126317905265],100.20452320899224,0,0.0,[],0.0,0,0.0,,
377719,284,144.0,76.84020458138683,75.08514350464687,47,1.447687082494582,0.5159688922909172,0.4534052109247206,2.805764270141962,2.2498126124906395,0.1075767149418012,-0.5897709834683642,"[0.17557320318519487, 0.10276564702510882]",0.2034372824366246,1,0.2034372824366246,45,32.788429862972606,moving,1237,[],[],0.0,[],,16.02418083760602,0,0.0,[],0.0,0,0.0,,
380306,284,144.0,77.39133135575386,75.58282583323323,50,1.4811546880853894,0.4984199062914284,0.5652686062664933,2.9717005067196323,2.2498126124906306,0.8861080295544823,-0.6015538639384232,"[0.007191109873019741, 0.021634593228199606]",0.0227984140973775,1,0.0227984140973775,48,35.50553378647042,moving,1247,[1213],[1213],1.0,[1213],[6.045969887420597],174.65074573318947,1,1.0,[],0.0,0,0.0,,
373244,284,144.0,76.97706682118537,75.27366412373304,51,1.4985678409230063,0.5219681613861407,0.632959830629628,2.870994730681281,2.3871251193562504,2.532819951843436,1.6467119222889537,"[-0.41426453456848833, -0.30916170950018795]",0.5169101152253889,1,0.5169101152253889,49,36.88244131685023,moving,1245,[1203],[1203],1.0,[1203],[0.7489217828238282],1.8621744817921888,0,0.0,[],0.0,0,0.0,,
384336,284,144.0,76.66871103763364,75.02754387989319,52,1.5058853311510132,0.5076684013976034,0.606604813055882,2.9662774500152733,2.3469876173493742,0.0325010759538928,-2.500318875889543,"[-0.30835578355173254, -0.24612024383985442]",0.3945357571597184,1,0.3945357571597184,50,38.29560399505348,moving,1251,[1215],[1215],1.0,[1215],[2.575143122640725],5.3201377192423145,0,0.0,[],0.0,0,0.0,,
389314,284,144.0,75.96836989195927,74.56793133977,54,1.4703618636036813,0.5334747198276971,0.5276413011356755,2.756197827103376,2.336425116821261,0.8962161899571061,0.8356141008588939,"[-0.03321043944816893, 0.009664769935326945]",0.0345881636726105,1,0.0345881636726105,52,41.31681765914825,moving,1233,[1210],[],1.0,[1210],[1.8279682443049978],5.780923343665308,0,0.0,[],0.0,0,0.0,,
391232,284,144.0,75.4577596024853,74.30218395631243,55,1.4593099725062832,0.5502739703887629,0.4956330292707233,2.651969838724692,2.2815001140750018,0.7630682130426371,-0.133147976914469,"[-0.5106102894739735, -0.26574738345756543]",0.575625346498256,1,0.575625346498256,53,44.480638795224245,moving,1239,[1213],[],1.0,[1213],[1.7899106082460605],,0,0.0,[],0.0,0,0.0,,
395990,284,144.0,74.64239340287266,73.82436252388274,56,1.472568223339976,0.5166785366144253,0.4693161414769622,2.8500665674813765,2.3047376152368697,0.0502033059506911,-0.7128649070919458,"[-0.8153661996126402, -0.47782143242969255]",0.945058390132548,1,0.945058390132548,54,47.63340638687036,moving,1223,[1201],[],1.0,[1201],[4.840755748488334],,0,0.0,[],0.0,0,0.0,,
290627,285,144.0,77.43526664176959,76.80469799855418,7,1.4103833556388683,0.5932950888816335,0.4739539221154191,2.377203826678312,2.33431261671564,2.618123669771786,0.9882340462865908,"[-0.04989307721446323, -0.00901409334943537]",0.0507008188576942,1,0.0507008188576942,5,2.622435450521274,moving,1202,[1221],[1221],1.0,[1221],[17.15406925953488],,0,0.0,[],0.0,0,0.0,,
291270,285,144.0,77.81603834025844,77.06800020846788,8,1.3951946908463169,0.5328451502403572,0.4271326011824645,2.618386768120098,2.2540376127018757,2.715336828472287,0.0972131587005011,"[0.38077169848885717, 0.2633022099137037]",0.4629418323240288,1,0.4629418323240288,6,3.4089190147020174,moving,1210,[1222],[],1.0,[1222],[6.689315397634061],,0,0.0,[],0.0,0,0.0,,
340444,285,144.0,78.13623932712943,77.08351834121612,29,1.4008624052124166,0.523060898099644,0.6713902987808085,2.678201353421662,2.230800111540008,1.0768102987162818,-2.043358252462661,"[-0.2645959662557118, -0.11270285420364701]",0.2875986069236815,1,0.2875986069236815,27,27.590313515845285,moving,1229,[1189],[1189],1.0,[1189],[33.32326216904602],119.1938174747678,1,1.0,[1191],1.0,0,1.0,[43.148539211194475],[43.148539211194475]
335990,285,144.0,77.87367307642766,76.55502730631099,30,1.4373409821280816,0.5157888383468782,0.6893211971259812,2.786684928535505,2.287837614391884,0.7070246465726945,-0.3697856521435873,"[-0.26256625070176653, -0.5284910349051302]",0.5901218602819917,1,0.5901218602819917,28,29.41322992023411,moving,1229,[1206],[1206],1.0,[1206],[32.702919228038695],0.4503206735895785,0,0.0,[1155],1.0,0,0.0,[36.81019383329583],[36.81019383329583]
347279,285,144.0,77.40198591532649,75.58659153845683,31,1.444978663537147,0.5205825142390448,0.8624902642691017,2.7756957331717667,2.285725114286248,0.0078595784439368,-0.6991650681287577,"[-0.4716871611011726, -0.9684357678541602]",1.0771985027871884,1,1.0771985027871884,29,30.997207546936604,moving,1209,[1151],[1151],1.0,[1151],[5.520923628847896],31.684610702315258,0,0.0,[1151],1.0,0,0.0,[5.520923628847896],[5.520923628847896]
347580,285,144.0,76.63726269654909,75.10228469153942,32,1.4446518125976675,0.5072172275313256,0.817604314550613,2.848191532509503,2.2371376118568858,0.5530007789680341,0.5451412005240973,"[-0.7647232187774051, -0.48430684691740566]",0.905182149243098,1,0.905182149243098,30,32.1670833357304,moving,1200,[],[],0.0,[],,6.54594672814006,0,0.0,[],0.0,0,0.0,,
349160,285,144.0,75.66040619773302,74.31427378768427,33,1.4539898424133186,0.5026759113931862,0.7583554538440667,2.892499539879538,2.2075626103781367,0.1142483230661942,-0.4387524559018399,"[-0.976856498816062, -0.7880109038551524]",1.2550736248817391,1,1.2550736248817391,31,33.01801929114671,moving,1185,[],[],0.0,[],,14.18047052190632,0,0.0,[],0.0,0,0.0,,
351461,285,144.0,74.9112477914635,73.96950986349714,37,1.4556830868232755,0.5347455470927862,0.9140405953222884,2.722197678386078,2.372337618616886,1.2588873859169585,-1.718324558069265,"[0.012434176890735671, -0.07471041412287605]",0.0757380666069694,1,0.0757380666069694,35,34.62468438130993,moving,1196,[],[],0.0,[],,22.20897326097562,0,0.0,[],0.0,0,0.0,,
355680,285,144.0,74.2919377793098,73.30721579879568,39,1.413979066852793,0.5254692800301739,0.7750564756349464,2.690888165282656,2.2033376101668805,0.273415557061609,-0.600466475573218,"[-0.11982099153819092, -0.07995270253518072]",0.1440468835340574,1,0.1440468835340574,37,35.26120068991449,moving,1196,[1186],[1186],1.0,[1186],[137.89335360958717],73.94997441247986,0,0.0,[1186],1.0,0,0.0,[137.89335360958717],[42.106646390412834]
367379,285,144.0,73.95509583386202,73.47906042095867,45,1.4116110229142935,0.5504822773050702,0.4922288610364462,2.564316929193339,2.2477001123850098,0.4734243155727792,0.2027542667540225,"[0.07969825238583894, 0.053302661150212316]",0.0958800558982483,1,0.0958800558982483,43,35.22406598520787,moving,1216,[1234],[],1.0,[1234],[8.017093073655332],127.02515522722574,1,1.0,[1239],1.0,0,1.0,[6.805580441864805],[6.805580441864805]
377231,285,144.0,74.53867448251201,73.76300779645364,47,1.4573030665165654,0.5321179046779082,0.490023030161971,2.738684516542764,2.366000118299998,0.0511019702667856,-0.0700504801801768,"[0.17991645070146944, 0.07974823832078926]",0.1967986553518181,1,0.1967986553518181,45,35.705995512668125,moving,1213,[1237],[1237],1.0,[1237],[0.0],10.350965386520953,0,0.0,[1240],1.0,0,0.0,[9.699178153175836],[9.699178153175836]
379964,285,144.0,75.26590670737477,73.96598412498095,50,1.4903972569002033,0.5143556734839637,0.625510230443518,2.897600500457336,2.363887618194378,2.2591269544737185,0.4278893051850039,"[0.00538761006909283, 0.005079188987039629]",0.0074043570296586,1,0.0074043570296586,48,38.42624177067261,moving,1213,[],[],0.0,[],,146.77330178291172,1,0.0,[1244],1.0,0,0.0,[4.694108011861374],[4.694108011861374]
372953,285,144.0,74.90342796747842,73.5516137609337,51,1.4827797416027624,0.5099433947771905,0.6640941297018109,2.907733989280581,2.315300115764999,3.045436091748347,0.7863091372746287,"[-0.36247873989634627, -0.4143703640472438]",0.5505394041097226,1,0.5505394041097226,49,39.90725619067238,moving,1203,[1190],[1190],1.0,[1190],[25.618609756782547],22.90311294545956,0,0.0,[],0.0,0,0.0,,
384169,285,144.0,74.52974350003679,73.370013781677,52,1.4484932410648568,0.5254746535763521,0.604569827462734,2.7565425491153377,2.357550117877507,0.3997347298544058,-2.6457013618939413,"[-0.37368446744163464, -0.18159997925670268]",0.4154739867587054,1,0.4154739867587054,50,41.25676967250916,moving,1215,[1192],[1192],1.0,[1192],[20.46292596584314],10.382582216002758,0,0.0,[1192],1.0,0,0.0,[20.46292596584314],[20.46292596584314]
389248,285,144.0,73.7483868687994,73.1527978814785,54,1.4631120844218362,0.5168017256543116,0.4972404413854567,2.831089781229777,2.2477001123849987,1.8220032216134328,1.5775807523135823,"[0.02344006442888258, -0.0474124756644585]",0.0528902587350736,1,0.0528902587350736,52,44.01694998924095,moving,1210,[],[],0.0,[],,13.513576529559632,0,0.0,[],0.0,0,0.0,,
391180,285,144.0,73.2102518302684,72.85389765469279,55,1.4472288495457764,0.5223466089408974,0.5259138467681646,2.770629357545093,2.1970001098500136,1.5229345926807956,-0.2990686289326372,"[-0.5381350385309958, -0.2989002267857188]",0.6155734442512204,1,0.6155734442512204,53,47.4395309385058,moving,1213,[],[],0.0,[],,,0,0.0,[],0.0,0,0.0,,
395903,285,144.0,72.33949192960952,72.42510219306243,56,1.4497480822808853,0.5164219751263939,0.5032382174076675,2.807293554706034,2.209675110483749,0.0494281575334931,-1.4735064351473024,"[-0.8707599006588822, -0.428795461630358]",0.9706123595495052,1,0.9706123595495052,54,50.76307308069919,moving,1201,[],[],0.0,[],,,0,0.0,[],0.0,0,0.0,,
298786,145,,102.85524312117168,94.7995613619362,0,1.5516866300877463,0.5245613614420128,0.8302841931253441,2.9580650504302843,2.458950122947503,,,"[0.0, 0.0]",0.0,0,0.0,0,0.0,moving,1461,[],[],0.0,[],,,0,0.0,[],0.0,0,0.0,,
302956,145,,103.30601378715842,95.50972787796404,6,1.5584348615997174,0.5306511958305351,0.9910554966543256,2.936834730317668,2.5138751256937604,0.5716802397724018,-0.7858720813402719,"[0.0168046446872836, 0.06823169763877956]",0.0702706243442854,1,0.0702706243442854,6,4.15920879955808,moving,1487,[1452],[1452],1.0,[1452],[22.483770715834936],,0,0.0,[1517],1.0,1,1.0,[24.783570137626924],[24.783570137626924]
295744,145,,103.12324844989644,95.19013742033424,9,1.5728410870960678,0.5194947890334901,0.6509763520688281,3.027635926863305,2.5159876257993687,1.3574876833789264,-1.5596826337136085,"[-0.003344264332355351, 0.006257489708573871]",0.0070950885390932,1,0.0070950885390932,9,7.372053584283696,moving,1498,[1470],[1470],1.0,[1470],[34.95208355573749],171.39028514662047,0,0.0,[],0.0,0,0.0,,
292662,145,,103.39878026818108,95.53809864065263,10,1.5841299890769118,0.5091455077824286,0.8043695076627451,3.1113502228008514,2.4800751240037533,1.1605693409018911,-0.1969183424770351,"[0.2755318182846338, 0.34796122031839616]",0.4438409554476737,1,0.4438409554476737,10,8.443578171885513,moving,1505,[],[],0.0,[],,18.94770498322356,0,0.0,[],0.0,0,0.0,,
296259,145,,103.91892615045369,95.87175056985332,11,1.6065123631204044,0.4982415284071739,0.9652819844889362,3.224364633466537,2.505425125271251,0.330699837653813,-0.8298695032480783,"[0.5201458822726011, 0.3336519292006841]",0.6179606368568153,1,0.6179606368568153,11,9.4876797311116,moving,1501,[],[],0.0,[],,52.851492961650685,0,0.0,[],0.0,0,0.0,,
315744,145,,104.33248695217364,95.71981096116694,16,1.59423318617217,0.5051940817322722,0.7068519410711068,3.1556846048268525,2.4737376236868696,0.6869578662428397,0.3650852937973685,"[-0.015225943536592013, -0.15316884401622133]",0.1539237607838537,1,0.1539237607838537,16,13.470937309901508,moving,1519,[],[],0.0,[],,56.25086477958134,0,0.0,[],0.0,0,0.0,,
319347,145,,104.6839222185218,95.97587395277188,17,1.5692375887730046,0.5622839920906959,0.7592164046118638,2.790827430349267,2.5793626289681306,2.299554428280421,1.6125965620375813,"[0.3514352663481759, 0.25606299160493506]",0.4348275544430026,1,0.4348275544430026,17,13.580979889698368,moving,1518,[1489],[],1.0,[1489],[10.286171182754288],118.22310538598686,0,0.0,[],0.0,0,0.0,,
316394,145,,104.77980916712964,95.28082218722894,20,1.5916910317475677,0.5667412910981897,0.511622434336259,2.8084966751995526,2.602600130129989,1.6365605420243758,0.1830220233262012,"[-0.03379118300642858, 0.06361188874163304]",0.0720299690285359,1,0.0720299690285359,20,13.62849329497946,moving,1522,[],[],0.0,[],,112.64164920830132,0,0.0,[],0.0,0,0.0,,
323644,145,,105.32704997536368,95.60312531366124,21,1.594731440059762,0.5481223177129481,0.532807018866176,2.909444458882486,2.5434501271725103,1.5268354504711257,-0.1097250915532503,"[0.5472408082340365, 0.32230312643231684]",0.6350998405799576,1,0.6350998405799576,21,13.998679565956405,moving,1522,[],[],0.0,[],,54.11447095621584,0,0.0,[],0.0,0,0.0,,
323929,145,,105.39709549982344,96.34563285523905,23,1.600559310959603,0.5455859047694567,0.6031088260193006,2.9336522387541097,2.585700129285,2.0733369873002574,1.226769852066996,"[-0.07920947530398337, -0.025423115749461545]",0.083189397114914,1,0.083189397114914,23,14.178537298907695,moving,1538,[1506],[],1.0,[1506],[0.4151795411448802],51.49228049618727,0,0.0,[],0.0,0,0.0,,
329203,145,,104.92131014269276,96.80344097229192,24,1.6091417994965689,0.5142963584071796,0.8728897626354525,3.128822075427912,2.5096501254825,1.0767185973537845,-0.9966183899464728,"[-0.4757853571306896, 0.4578081170528776]",0.6602726543629375,1,0.6602726543629375,24,14.499865015893857,moving,1538,[],[],0.0,[],,94.68986651809296,0,0.0,[],0.0,0,0.0,,
346614,145,,105.23343996198312,97.07874905039183,28,1.631359483451441,0.5241206094783453,0.8195010940217715,3.112565035508002,2.6068251303412624,0.3488533446770282,-2.6153503977724792,"[-0.01795474582361578, -0.2753940938613795]",0.2759787669936238,1,0.2759787669936238,28,15.686466934254817,moving,1558,[1538],[1538],1.0,[1538],[25.112664399631143],85.5388616730479,0,0.0,[1538],1.0,0,0.0,[25.112664399631143],[25.112664399631143]
355293,145,,105.84143845241118,96.48903095735264,36,1.65052378309598,0.5343313677686812,0.7427982116551017,3.088951693007312,2.6765376338268787,2.818680059834984,0.2499722585314323,"[0.20961285228773363, 0.05450151945829873]",0.2165824634347447,1,0.2165824634347447,36,16.738431145380314,moving,1570,[],[],0.0,[],,13.857160729131197,0,0.0,[],0.0,0,0.0,,
355733,145,,106.1943956088345,96.28304034749598,37,1.6583759513419545,0.5201384177021855,0.7693822022453158,3.188335825429236,2.598375129918747,0.7826613521672324,-2.036018707667752,"[0.35295715642331515, -0.20599060985664153]",0.4086696534115833,1,0.4086696534115833,37,16.54426444209425,moving,1572,[1564],[1564],1.0,[1564],[35.847757633896435],31.263581203368982,0,0.0,[],0.0,0,0.0,,
358798,145,,106.98515114976895,94.82470809562184,38,1.5923393615263564,0.572184791533994,3.0998223544689365,2.78291101945822,2.6321751316087374,0.5456524279634295,-0.2370089242038029,"[0.7907555409344553, -1.4583322518741397]",1.6589235312017374,1,1.6589235312017374,38,16.078049234364507,moving,1560,[1567],[],1.0,[1567],[27.7368717828342],71.94027620432286,0,0.0,[],0.0,0,0.0,,
358103,145,,106.36768378807116,94.17340238240256,39,1.6350787007895595,0.5006922534933999,3.011084662268218,3.265636105574606,2.50753762537688,1.2555946845595627,0.7099422565961332,"[-0.6174673616977913, -0.651305713219287]",0.897477060895773,1,0.897477060895773,39,15.562424237222425,moving,1552,[1539],[1539],1.0,[1539],[144.95661218165066],98.58034341816922,0,0.0,[],0.0,0,0.0,,
362449,145,,106.63791480741106,93.98494317390336,40,1.6068840118662702,0.5159018954186908,0.1418252145755323,3.114708486508216,2.52866262643313,1.7205515703937742,0.4649568858342114,"[0.2702310193399029, -0.1884592084991965]",0.3294566391524484,1,0.3294566391524484,40,15.568522884995843,moving,1556,[],[],0.0,[],,69.17135228424054,0,0.0,[],0.0,0,0.0,,
369587,145,,107.19508332502085,94.36472458132404,43,1.6295864480258768,0.5214093836858193,0.0883836992582214,3.1253492917722423,2.554012627700629,2.4317622564373766,2.027558734164638,"[-0.0552536626111646, 0.03491335457276534]",0.0653598466910078,1,0.0653598466910078,43,13.686793470108164,moving,1539,[1544],[1544],1.0,[1544],[152.28603293991088],161.37822413418266,1,1.0,[1518],1.0,1,1.0,[17.531381859634507],[17.531381859634507]
368794,145,,106.6006922970542,94.1981228223349,45,1.600516014827612,0.5752581663253303,0.0278851240098787,2.782256921360173,2.62161263108061,0.3446380901442745,-0.5492624314090843,"[-0.1042528531761775, 0.0014872410990420804]",0.1042634609125378,1,0.1042634609125378,45,12.32960838360396,moving,1567,[1569],[1569],1.0,[1569],[156.09612430964097],16.86856665548005,0,0.0,[],0.0,0,0.0,,
377641,145,,105.54342277750234,94.22047110553584,46,1.6453164351883245,0.5153509457640902,-0.1322820874869244,3.192613594118624,2.636400131820003,0.0068698443470911,-0.3377682457971833,"[-1.057269519551852, 0.022348283200940955]",1.057505689221308,1,1.057505689221308,46,11.445324706963811,moving,1555,[1565],[],1.0,[1565],[12.576946422209973],9.560532165279891,0,0.0,[],0.0,0,0.0,,
375910,145,,104.464619508807,94.4257068629354,48,1.70768633121998,0.5096594491069798,-0.3203361314941842,3.350641951625092,2.596262629813124,0.6336975337899926,0.6246053764419774,"[-0.22949025139460844, 0.1795559678287617]",0.2913865492229933,1,0.2913865492229933,48,10.182495978476284,moving,1555,[1572],[1572],1.0,[1572],[30.20805455018252],31.36847127508538,0,0.0,[1613],1.0,0,0.0,[136.15345045110536],[43.84654954889464]
382972,145,,104.14658532272806,94.71347561379152,49,1.6224973173312631,0.5248122773769077,3.05078114335252,3.091576526069004,2.5793626289681297,0.0715561784564612,-0.5621413553335313,"[-0.31803418607893263, 0.28776875085611664]",0.4289016174884152,1,0.4289016174884152,49,9.84944521547976,moving,1559,[1565],[],1.0,[1565],[56.0035408517495],63.324522125620206,0,0.0,[1616],1.0,0,0.0,[149.07002635287537],[30.929973647124626]
381915,145,,103.6422357601727,94.51800728904536,50,1.6430097607047598,0.5149205453626936,-0.089036513091445,3.1908024946790112,2.5730251286512584,1.105221408344093,1.0336652298876317,"[-0.5043495625553618, -0.19546832474615883]",0.5409032697524158,1,0.5409032697524158,50,10.26389525309418,moving,1556,[1564],[],1.0,[1564],[33.0769702857017],0.8902630184179585,0,0.0,[],0.0,0,0.0,,
375169,145,,103.23511766026726,94.3529018297438,51,1.6373917618796694,0.535648511645712,-0.2707946406139687,3.0568399356678717,2.6617501330875206,0.0155380208801648,-1.089683387463928,"[-0.407118099905432, -0.1651054593015715]",0.4393232977680471,1,0.4393232977680471,51,11.311629096394798,moving,1552,[1562],[],1.0,[1562],[1.5870095555779002],36.01870348777792,0,0.0,[],0.0,0,0.0,,
386316,145,,102.34596149978545,94.57366795053252,52,1.651813079952619,0.527032177909122,-0.0841741004387313,3.134178801958173,2.60682513034126,0.6286449681613163,0.6131069472811514,"[-0.8891561604818321, 0.22076612078872415]",0.9161530209582324,1,0.9161530209582324,52,12.67176745958011,moving,1569,[1571],[1571],1.0,[1571],[163.2914196442847],17.11580966542447,0,0.0,[],0.0,0,0.0,,
383218,145,,101.4305263648635,94.52293649072205,53,1.6507969885599083,0.5092084998072238,0.1452923350176398,3.24188812477574,2.570912628545634,0.2987272328063234,-0.3299177353549929,"[-0.9154351349219354, -0.05073145981047844]",0.9168397718598622,1,0.9168397718598622,53,14.651141400573849,moving,1569,[1566],[1566],1.0,[1566],[0.38729130124204403],5.496884060737178,0,0.0,[1567],1.0,0,0.0,[56.065665787118206],[56.065665787118206]
391697,145,,101.03258120400996,94.53909297453374,55,1.6678801894418058,0.5442395264796782,0.5088305532864759,3.064606865712617,2.684987634249403,2.746100288074799,2.700156002053016,"[0.04748381176025873, 0.020351190300019084]",0.0516612362019268,1,0.0516612362019268,55,17.719763385189033,moving,1569,[],[],0.0,[],,14.051582639347316,0,0.0,[],0.0,0,0.0,,
397290,145,,99.97018821354608,94.31856630354864,56,1.6401354456229036,0.52263269637228,0.2482270931346291,3.1382182113891464,2.5878126293906334,2.941352230808987,0.1952519427341879,"[-1.0623929904639056, -0.2205266709850946]",1.0850395747633397,1,1.0850395747633397,56,20.80647187010992,moving,1562,[1550],[1550],1.0,[1550],[151.23402526635275],,0,0.0,[1550],1.0,0,0.0,[151.23402526635275],[28.765974733647255]
397619,145,,99.02294868072678,94.37997525355988,57,1.6800083662625651,0.503627333359692,0.4873380985574076,3.3358164956124385,2.5328876266443707,0.2694076769854383,-2.6719445538235487,"[-0.9472395328192817, 0.06140895001124136]",0.949227997731406,1,0.949227997731406,57,23.975981330401364,moving,1567,[],[],0.0,[],,,0,0.0,[],0.0,0,0.0,,
302919,146,,21.630086489930296,118.87606425740444,0,2.3690633453662064,0.5374294646982284,1.0032157766899743,4.408138185531858,3.768700188435009,,,"[0.0, 0.0]",0.0,0,0.0,0,0.0,moving,1819,[],[],0.0,[],,,0,0.0,[],0.0,0,0.0,,
299575,146,,22.048205968809896,119.12393544610616,1,2.3573446544073184,0.537664713858085,1.1063214198706914,4.38441391753585,3.743350187167509,,,"[0.4181194788795999, 0.24787118870172264]",0.4860699793311177,1,0.4860699793311177,1,0.4338308059387383,moving,1817,[],[],0.0,[],,,0,0.0,[],0.0,0,0.0,,
302663,146,,22.52222012786499,119.2638892130734,4,2.3222883973189736,0.5144641104021732,0.78522320324184,4.513994951958001,3.7539126876956255,2.223685332224669,0.7338160800567952,"[0.036173795144602394, 0.07633119282183998]",0.0844688963629132,1,0.0844688963629132,4,2.4465145731125406,moving,1863,[1910],[1910],1.0,[1910],[20.24368814541407],27.776988603945743,0,0.0,[1910],1.0,0,0.0,[20.24368814541407],[20.24368814541407]
299057,146,,22.986905137831545,119.71619154789414,7,2.2999409553509675,0.5419639847713038,1.0609439820951132,4.243715486595459,3.796162689808133,0.3656554324194296,0.2613410585576567,"[0.16518394378566015, 0.08072692630435085]",0.1838547576624881,1,0.1838547576624881,7,5.473213195655633,moving,1872,[],[],0.0,[],,24.980656011614503,0,0.0,[],0.0,0,0.0,,
301010,146,,24.43912451876756,120.2232066679722,11,2.3388030608585946,0.5333953469323666,0.7215102868582427,4.384745900595848,3.787712689385639,1.538017828472263,0.3304049348559716,"[0.08887902696992711, -0.08584513361712709]",0.1235672626582924,1,0.1235672626582924,11,10.671684844544204,moving,1886,[],[],0.0,[],,115.85635722207944,1,0.0,[1906],0.0,0,0.0,[71.97606119658482],[71.97606119658482]
301608,146,,24.392959869083484,119.82486688451232,12,2.3690462342156917,0.5200570851203934,0.5283747845302023,4.555358059716188,3.802500190125003,0.9181382490830708,-0.6198795793891922,"[-0.04616464968407641, -0.39833978345986054]",0.401005932583674,1,0.401005932583674,12,12.273010416126237,moving,1890,[1918],[1918],1.0,[1918],[91.41442321140215],56.07256326049542,0,0.0,[1918],1.0,0,0.0,[91.41442321140215],[88.58557678859785]
332564,146,,24.8233766066424,119.456760920743,14,2.397825392701325,0.5329363825208429,0.2140066982454466,4.499271341467379,3.838412691920628,0.1224376730904402,-0.8218409453739011,"[0.1297510124094785, -0.09252428282418634]",0.1593614386651133,1,0.1593614386651133,14,15.901123185122788,moving,1915,[1921],[1921],1.0,[1921],[109.66692622556174],23.281758575755905,0,0.0,[1921],1.0,0,0.0,[109.66692622556174],[70.33307377443826]
322840,146,,25.41727654579619,119.2722779584645,17,2.357788237636924,0.5063647617277404,-0.4378823534078894,4.656303944990246,3.770812688540633,0.836955170456431,0.7354351661002637,"[0.04117937069012356, -0.06162096397271455]",0.0741139917381407,1,0.0741139917381407,17,22.44555471695128,moving,1904,[],[],0.0,[],,7.246713361026438,0,0.0,[],0.0,0,0.0,,
319969,146,,25.796937197954776,119.09923214415112,20,2.350101831506578,0.5176404510564274,-0.4985028877033485,4.5400274006994,3.7180001859000074,0.6091528513529813,0.4469628707037433,"[0.03307873841690778, 0.009411841108530439]",0.0343916514332538,1,0.0343916514332538,20,30.416861931586837,moving,1920,[],[],0.0,[],,6.80109489292553,0,0.0,[],0.0,0,0.0,,
326730,146,,26.443277575621288,118.70618683742752,21,2.3349865685593545,0.5315317908660865,2.501784166293337,4.392938689056942,3.806725190336264,0.8235635169542971,0.2144106656013158,"[0.6463403776665118, -0.39304530672359306]",0.756465793634803,1,0.756465793634803,21,33.493226452539524,moving,1890,[],[],0.0,[],,13.298887713974889,0,0.0,[],0.0,0,0.0,,
324497,146,,27.206554290668308,118.45810562374544,22,2.413837812966201,0.5186983051469088,2.6349763484893045,4.653645074630694,3.861650193082513,0.2321093774618837,-0.5914541394924133,"[0.7632767150470201, -0.24808121368208447]",0.8025806079858558,1,0.8025806079858558,22,36.46626190347144,moving,1906,[],[],0.0,[],,4.600441202780339,0,0.0,[],0.0,0,0.0,,
330237,146,,28.49061899183647,118.15208396975152,24,2.4454152295413296,0.4999093323877509,2.6745844389176248,4.891717499773662,3.798275189913755,0.2117570682477854,0.1770002787361237,"[0.2852355774513633, -0.019350702593101232]",0.2858912106638805,1,0.2858912106638805,24,41.50021121572497,moving,1900,[],[],0.0,[],,0.1820622637652629,0,0.0,[],0.0,0,0.0,,
331391,146,,29.069028427810075,118.0161767954198,25,2.4039991319984915,0.5194125551745985,2.6223037052123668,4.628303856055995,3.825737691286888,0.1630434257802374,-0.048713642467548,"[0.5784094359736045, -0.13590717433172017]",0.594161792492698,1,0.594161792492698,25,43.82607204657405,moving,1907,[],[],0.0,[],,34.11239433218467,0,0.0,[],0.0,0,0.0,,
329782,146,,29.45822950004512,117.5938839975235,26,2.354999118936799,0.5439711303444608,2.439412742799406,4.329272249145896,3.821512691075632,0.5953735968352795,0.432330171055042,"[0.38920107223504274, -0.42229279789629004]",0.5742897193786285,1,0.5742897193786285,26,46.12071771415467,moving,1892,[],[],0.0,[],,10.46733988419829,0,0.0,[],0.0,0,0.0,,
334113,146,,30.24478179824816,117.00401438112566,27,2.3445082699358464,0.5196657740081111,2.4026254811043826,4.511569526414977,3.8109501905475134,0.1826895449045919,-0.4126840519306876,"[0.7865522982030448, -0.5898696163978485]",0.9831636090487872,1,0.9831636090487872,27,48.38948464512716,moving,1892,[],[],0.0,[],,86.63261913642333,0,0.0,[],0.0,0,0.0,,
347039,146,,31.725741895576004,118.7543117796282,29,2.01726647812378,0.5313600475419937,1.1718978559467068,3.796421066008645,3.244800162240008,3.013359532709984,1.5018488388522722,"[-0.006803126432085804, -0.0062095281112704015]",0.0092109048749621,1,0.0092109048749621,29,51.60837245141036,moving,1918,[1880],[1880],1.0,[1880],[61.98920409628839],160.49016996948137,1,1.0,[1880],1.0,1,1.0,[61.98920409628839],[61.98920409628839]
339980,146,,30.715786093983237,116.08511612677164,30,2.400620494280259,0.5277585790717244,2.0017643221017503,4.548709560539432,3.887000194350005,0.4692576411159446,-2.544101891594039,"[-1.0099558015927705, -2.6691956528565726]",2.8538773895175176,1,2.8538773895175176,30,52.8556035664922,moving,1870,[],[],0.0,[],,38.8228752027048,0,0.0,[],0.0,0,0.0,,
352090,146,,30.87153630478194,115.60852751889784,34,2.381583107121908,0.5238011528564945,2.046107898637991,4.546731319956427,3.745462687273125,1.546926211299762,-0.3890687281003473,"[-0.2731632350977158, -0.02895191108237327]",0.2746932219119569,1,0.2746932219119569,34,57.76483908122135,moving,1881,[],[],0.0,[],,144.85438598820318,0,0.0,[],0.0,0,0.0,,
357126,146,,30.071418146255223,116.20615374212946,36,2.3867781237903176,0.5495737227705935,2.2617013188686963,4.342962599735908,3.870100193505011,0.4327463087752541,-0.2296597863773094,"[-0.11063534407715991, 0.168410560408077]",0.2015001146799527,1,0.2015001146799527,36,61.70770493344759,moving,1904,[],[],0.0,[],,174.19466860271598,0,0.0,[],0.0,1,0.0,,
358029,146,,30.51621716444289,115.79768117251156,37,2.374620058265148,0.5240420168502519,2.1694367103830547,4.531354322574691,3.85108769255438,2.8948843394545736,2.4621380306793195,"[0.44479901818766976, -0.40847256961789924]",0.6039006596377955,1,0.6039006596377955,37,64.2978975329362,moving,1898,[],[],0.0,[],,41.288483137915314,0,0.0,[],0.0,0,0.0,,
359609,146,,30.55844116855288,115.40577334258644,38,2.355201901266623,0.5312701687990089,1.99031365113194,4.433152922157855,3.8637626931881375,0.7206199739107861,-2.174264365543787,"[0.04222400410998972, -0.39190782992511686]",0.3941758664348881,1,0.3941758664348881,38,66.2771109241172,moving,1893,[],[],0.0,[],,17.005364922659012,0,0.0,[],0.0,0,0.0,,
359571,146,,30.463006533974596,114.90813325568762,39,2.4265690202413173,0.5256489755617163,-1.362945557525745,4.616329781006897,3.8426376921318814,0.2967996084035639,-0.4238203655072222,"[-0.09543463457828949, -0.49764008689882644]",0.5067084226315596,1,0.5067084226315596,39,67.85458026769956,moving,1890,[],[],0.0,[],,56.755726476677715,0,0.0,[],0.0,0,0.0,,
362844,146,,30.131631751994075,114.77163016223206,40,2.412819590562293,0.5288167309172619,1.6964718319087233,4.562676347961086,3.800387690019391,0.9905742963793293,0.6937746879757652,"[-0.33137478198051795, -0.1365030934555591]",0.3583885330972141,1,0.3583885330972141,40,68.8988159438435,moving,1888,[],[],0.0,[],,70.86931972494989,0,0.0,[],0.0,0,0.0,,
370767,146,,30.1835631060246,113.85920973988004,45,2.439024296190304,0.5483486800546639,1.4247552380728563,4.447944136470178,3.851087692554381,1.35134102209418,-0.4077345084923871,"[-0.0666713167140145, 0.08818385284668295]",0.1105506959510697,1,0.1105506959510697,45,73.87261826797034,moving,1882,[1836],[1836],1.0,[1836],[72.91176528298175],80.10086337510727,0,0.0,[1836],1.0,0,0.0,[72.91176528298175],[72.91176528298175]
380312,146,,29.80057028938255,113.769685098453,46,2.3906018109757383,0.5418795733305041,1.146700260711834,4.411684677985931,3.8172876908643807,1.1530622881441777,-0.1982787339500022,"[-0.382992816642048, -0.08952464142701899]",0.3933168684687267,1,0.3933168684687267,46,74.41903108400402,moving,1875,[1867],[1867],1.0,[1867],[85.7664457036166],50.94064700282822,0,0.0,[1867],1.0,0,0.0,[85.7664457036166],[85.7664457036166]
377810,146,,29.49246563014425,114.00853758783867,48,2.373141001173764,0.5408883834892171,0.6416509241222638,4.38748746250542,3.810950190547505,2.034706424224487,1.645786729978931,"[0.12201073628891379, 0.16975290824734657]",0.2090518347879179,1,0.2090518347879179,48,76.51304102930675,moving,1890,[],[],0.0,[],,45.71167142310281,0,0.0,[],0.0,0,0.0,,
384990,146,,28.76395316600726,113.90708918193936,49,2.476369893292889,0.5157976848605537,0.4986398052645406,4.801048872412792,3.813062690653138,2.332363278097525,0.2976568538730375,"[-0.7285124641369904, -0.10144840589931903]",0.7355421058392665,1,0.7355421058392665,49,77.4192159173537,moving,1891,[],[],0.0,[],,8.786050592700871,0,0.0,[],0.0,0,0.0,,
385240,146,,28.347205652858467,113.78194994715264,53,2.416145769632936,0.549936299433273,0.3370814192564046,4.393501160266836,3.9736126986806224,0.9188887003800098,-0.1687924297435544,"[0.014555112004295268, 0.05901611519152539]",0.0607844810601931,1,0.0607844810601931,53,87.94001756178072,moving,1905,[],[],0.0,[],,148.36193229502777,0,0.0,[1870],1.0,0,0.0,[62.49307303946138],[62.49307303946138]
390955,146,,28.59972263379981,114.06588533845331,54,2.4184261148003303,0.5352858190156526,0.1061771435144683,4.518008938192349,3.867987693399386,0.4850941082317139,-0.4337945921482959,"[0.2525169809413441, 0.28393539130065903]",0.379979120606369,1,0.379979120606369,54,92.0819749999609,moving,1906,[],[],0.0,[],,100.54276210161494,0,0.0,[1856],1.0,0,0.0,[64.13364320590547],[64.13364320590547]
392019,146,,29.075303110376066,113.45297064137644,55,2.4303385457087976,0.5189701693899312,0.3036770757314429,4.683002394079319,3.9588251979412585,1.754802237722522,1.269708129490808,"[0.47558047657625124, -0.6129146970768602]",0.7757842584077828,1,0.7757842584077828,55,97.8923899112206,moving,1899,[],[],0.0,[],,21.81073162830671,0,0.0,[],0.0,0,0.0,,
399719,146,,30.25099959327517,112.7637391762205,58,2.385820939265426,0.5603491677311212,0.4118692033774001,4.257739774872374,3.935587696779392,1.1331408199749784,0.5171726616803124,"[0.1585934036141481, -0.28306625041898315]",0.3244662845291981,1,0.3244662845291981,58,113.30114715605234,moving,1896,[],[],0.0,[],,,0,0.0,[],0.0,0,0.0,,
400427,146,,30.91519042805377,113.09913501139144,59,2.3911370245332377,0.5443883244224915,0.4670492820881249,4.392337082302141,3.982062699103135,1.5277177882481083,0.3945769682731299,"[0.6641908347785979, 0.3353958351709423]",0.7440697757965341,1,0.7440697757965341,59,119.58606665519632,moving,1904,[],[],0.0,[],,,0,0.0,[],0.0,0,0.0,,
286555,147,,125.47001128006714,48.30882694061777,0,1.9929704331121711,0.533080745613768,0.9172132318424148,3.738590165768498,3.242687662134384,,,"[0.0, 0.0]",0.0,0,0.0,0,0.0,moving,741,[],[],0.0,[],,,0,0.0,[],0.0,0,0.0,,
295056,147,,125.99767726293815,48.99652005977362,2,1.9950761994705968,0.518558701871483,0.8463824635095748,3.847348800184722,3.215225160761252,0.0512501816721637,,"[0.20108528719178764, 0.24513902387518272]",0.3170621922454349,1,0.3170621922454349,2,2.334132898628844,moving,757,[],[],0.0,[],,,0,0.0,[],0.0,0,0.0,,
297163,147,,126.3039867225497,49.66919989603564,3,1.9724205808803628,0.5518672492138871,0.5660172928925846,3.574085223738132,3.191987659599377,0.2596916555483451,0.2084414738761813,"[0.30630945961152634, 0.672679836262013]",0.7391370963231341,1,0.7391370963231341,3,4.945490666338428,moving,776,[765],[765],1.0,[765],[75.77118343610177],17.619390358852865,0,0.0,[765],1.0,0,0.0,[75.77118343610177],[75.77118343610177]
295312,147,,126.34914120366552,50.04436276586859,6,2.0279543230112,0.5183517008950768,1.1540002125108912,3.912313434120846,3.198325159916266,0.6651273784368349,-1.2171111631886564,"[-0.15755114819441474, -0.05537755496421681]",0.1670001134466479,1,0.1670001134466479,6,16.601475600497352,moving,773,[],[],0.0,[],,174.05603464068977,1,0.0,[],0.0,1,0.0,,
287028,147,,126.12756213089423,49.06963425425792,8,2.0165273680661007,0.5207356809175694,1.3566232317239564,3.8724586041671873,3.2236751611837566,0.4241351465389561,-0.4811811495163033,"[0.024323779873157036, -0.25086849686424273]",0.2520449344586047,1,0.2520449344586047,8,26.224995407773,moving,761,[],[],0.0,[],,23.4868507249203,0,0.0,[],0.0,0,0.0,,
286577,147,,125.83002004133353,48.66448944421392,9,2.01916394233921,0.5282542119123443,1.314994005250421,3.822333824901446,3.2300126615006355,0.7301042803619988,0.3059691338230427,"[-0.2975420895607357, -0.4051448100439998]",0.5026665019331978,1,0.5026665019331978,9,31.30547137959638,moving,756,[],[],0.0,[],,23.165166632118833,0,0.0,[],0.0,0,0.0,,
285764,147,,125.69817669526503,48.09921090766036,11,2.0607415488132808,0.5218727010248859,-1.460866020717443,3.948743716171145,3.272262663613124,0.3551564067012668,-0.077744840078712,"[-0.025174913012889988, -0.04054062008640358]",0.0477212544071998,1,0.0477212544071998,11,42.05024213299223,moving,745,[],[],0.0,[],,37.6270275590386,0,0.0,[],0.0,0,0.0,,
315832,147,,125.93221128961464,47.58562824691029,21,2.039478446770042,0.5203635981459158,2.2825412751659098,3.9193334315405934,3.2088876604443795,0.2783145965957638,-0.218535746351952,"[-0.1172527095669409, 0.08285234594703894]",0.1435712684687198,1,0.1435712684687198,21,80.8752269179486,moving,761,[],[],0.0,[],,164.28383701835511,1,0.0,[748],1.0,1,1.0,[41.93448668483336],[41.93448668483336]
310280,147,,125.44682917180872,48.15970661288196,22,2.0360901825959687,0.5333111389474655,2.299802731468655,3.817827969268304,3.280712664035632,0.2537709419741821,-0.0245436546215817,"[-0.4853821178059121, 0.5740783659716726]",0.7517724193946318,1,0.7517724193946318,22,86.5545894793393,moving,772,[],[],0.0,[],,8.884029188882923,0,0.0,[],0.0,0,0.0,,
316187,147,,125.25299998667894,48.47811861237576,23,2.0458557305622547,0.533427750353486,2.492827869894747,3.8353005242163154,3.358875167943756,0.1550555601892752,-0.0987153817849068,"[-0.19382918512977199, 0.3184119994937973]",0.3727679632555745,1,0.3727679632555745,23,93.22009720587248,moving,779,[],[],0.0,[],,12.216525271898892,0,0.0,[],0.0,0,0.0,,
321736,147,,124.4631804963567,49.30905000014247,24,2.03238946457335,0.5335369945416297,2.0914378868624945,3.8092756179342513,3.2849376642468764,0.2132185891477312,0.0581630289584559,"[-0.7898194903222446, 0.8309313877667108]",1.146412577769802,1,1.146412577769802,24,100.30844939180967,moving,775,[],[],0.0,[],,16.134166214369877,0,0.0,[],0.0,0,0.0,,
323806,147,,124.1387306736251,49.93463551054296,25,2.062332249632868,0.5508536550605633,2.118234995630155,3.743884116383192,3.33563766678188,0.2815943225047836,0.0683757333570524,"[-0.3244498227315944, 0.6255855104004908]",0.7047161969854288,1,0.7047161969854288,25,108.12158994664,moving,795,[],[],0.0,[],,7.407449029725482,0,0.0,[],0.0,0,0.0,,
319515,147,,123.71299791818136,51.10398790976807,26,2.071060831465851,0.5117877738050566,2.3571544767135197,4.046718068444386,3.265925163296256,0.1292843747423784,-0.1523099477624051,"[-0.42573275544373246, 1.1693523992251045]",1.244441004078225,1,1.244441004078225,26,116.49804207461511,moving,816,[],[],0.0,[],,19.111989072475637,0,0.0,[],0.0,0,0.0,,
333090,147,,123.0770926697878,51.88598594770598,27,2.082417365935477,0.5028630134085863,2.2729600547766315,4.141122553078827,3.234237661711874,0.3335671359199041,0.2042827611775257,"[-0.6359052483935841, 0.7819980379379174]",1.0079168697235197,1,1.0079168697235197,27,125.5294631797752,moving,820,[],[],0.0,[],,0.2790550674293074,0,0.0,[],0.0,0,0.0,,
340234,147,,122.52041491435394,52.5637838883044,28,2.06118471323779,0.4932312393990365,2.2551196784594585,4.178941941611771,3.1074876553743604,0.0048704297210162,-0.3286967061988879,"[-0.5566777554338529, 0.6777979405984169]",0.8770975838949322,1,0.8770975838949322,28,134.55822301754222,moving,825,[],[],0.0,[],,5.4536684863163645,0,0.0,[],0.0,0,0.0,,
335245,147,,121.75660397976542,53.33160338320982,30,2.109362338291384,0.4904113359553588,-1.3186736524476812,4.301210399596869,3.160300158015004,0.4347072559216187,0.2577303384894932,"[-0.08756136141990112, 0.1909905792857316]",0.2101056719596257,1,0.2101056719596257,30,154.4308005578264,moving,841,[],[],0.0,[],,23.02002954554101,0,0.0,[],0.0,0,0.0,,
343377,147,,121.5333254067698,53.888992575301565,32,2.055831005691298,0.5108339219498619,1.7454575995148254,4.024460626741771,3.211000160550016,0.3087351330699284,0.1792044035846013,"[-0.09110198684109605, 0.13060536539241951]",0.1592398614533517,1,0.1592398614533517,32,176.75245804319212,moving,852,[],[],0.0,[],,5.289048753625304,0,0.0,[],0.0,0,0.0,,
347565,147,,121.16585288596715,55.12630948568156,36,2.093515784092959,0.5047959655440225,1.843350517825192,4.147251418376058,3.196212659810626,0.2739599804563001,-0.3393219990655994,"[-0.03725600589625344, 0.06496733923621179]",0.0748916894106061,1,0.0748916894106061,36,217.9678006560953,moving,884,[938],[938],1.0,[938],[66.94961983785402],158.9772611831924,1,1.0,[938],1.0,0,0.0,[66.94961983785402],[66.94961983785402]
360757,147,,121.54384970522858,54.63482692141074,41,2.071614265603662,0.4907116753461585,1.5362361632795434,4.221652692779933,3.168750158437513,0.1460943770197264,0.0786569411956594,"[0.17430814951404727, -0.24650099259113034]",0.3019040747247773,1,0.3019040747247773,41,254.2057627756536,moving,877,[],[],0.0,[],,15.79694333656797,0,0.0,[],0.0,0,0.0,,
364820,147,,121.8270586773932,54.42419544331103,42,2.1032488340136446,0.4815776512015747,1.7229626465932708,4.36741370527862,3.082137654106892,0.3158241185183135,0.169729741498587,"[0.2832089721646298, -0.21063147809971383]",0.3529489219150786,1,0.3529489219150786,42,262.2566278822715,moving,870,[],[],0.0,[],,171.41921855938563,1,0.0,[],0.0,1,0.0,,
365936,147,,121.32752318091735,54.92758420281824,43,2.080930103634881,0.4951186438434395,-1.3955376947160416,4.202891831099957,3.145512657275636,2.991829765057026,2.6760056465387123,"[-0.4995354964758434, 0.5033887595072102]",0.7091797765288962,1,0.7091797765288962,43,270.9974723620451,moving,880,[],[],0.0,[],,19.187008870344204,0,0.0,[],0.0,0,0.0,,
365964,147,,120.93962688860896,55.737445189377055,45,2.093148503630153,0.5001034172416525,1.6796188899269031,4.1854313157367065,3.257475162873753,2.7173194155080203,2.3390805475727805,"[-0.001981409318645433, -0.09453730827646467]",0.0945580701952367,1,0.0945580701952367,45,288.9537314861926,moving,904,[],[],0.0,[],,8.845754198715964,0,0.0,[],0.0,0,0.0,,
371608,147,,120.78729809272804,56.24367101586408,46,2.12676277431205,0.5017248542079776,-1.5687168053829137,4.238902570751364,3.230012661500652,2.8283445615593457,0.1110251460513254,"[-0.1523287958809192, 0.5062258264870181]",0.5286479447202981,1,0.5286479447202981,46,299.1235494836973,moving,913,[],[],0.0,[],,22.032717608373208,0,0.0,[],0.0,0,0.0,,
375720,147,,120.89897323792484,57.45078829726872,47,2.113370221461357,0.5150611066796688,1.4457244246179468,4.103144644496953,3.333525166676254,0.3845434654282356,-2.44380109613111,"[0.11167514519678434, 1.207117281404642]",1.2122720276903434,1,1.2122720276903434,47,310.0323585737619,moving,936,[],[],0.0,[],,15.50493994890206,0,0.0,[],0.0,0,0.0,,
371778,147,,121.5286184895905,59.10916488918145,48,2.071376967792362,0.5242598969087551,1.2448978171921143,3.951049813281589,3.244800162240015,0.2706122524323531,-0.1139312129958824,"[0.6296452516656643, 1.6583765919127345]",1.773884456087604,1,1.773884456087604,48,321.66477979712187,moving,958,[],[],0.0,[],,3.7457871317256224,0,0.0,[],0.0,0,0.0,,
380086,147,,122.06292948180598,60.85194631758468,49,2.0916160990701766,0.5110489380082883,1.1662206881410395,4.092790227139175,3.335637666781892,0.0653763185274449,-0.2052359339049081,"[0.534310992215481, 1.7427814284032266]",1.8228481405727364,1,1.8228481405727364,49,335.5552976547354,moving,987,[],[],0.0,[],,14.798566544764316,0,0.0,[],0.0,0,0.0,,
378888,147,,122.11518329037573,62.18414807708289,50,2.079198453080989,0.5203462853930046,1.0546005260743283,3.995797628324804,3.3208501660425,0.2582837107816281,0.1929073922541831,"[0.05225380856973061, 1.3322017594982114]",1.3332261580542786,1,1.3332261580542786,50,348.9684613498304,moving,1007,[],[],0.0,[],,40.361136510624334,0,0.0,[],0.0,0,0.0,,
371881,147,,122.46605516479104,62.56562035508987,51,2.1154967269929728,0.5095196546126768,1.08262262246148,4.151943321207337,3.331412666570638,0.7044347219573005,0.4461510111756724,"[0.35087187441531853, 0.38147227800698147]",0.5182973771335861,1,0.5182973771335861,51,364.4892709971281,moving,1011,[],[],0.0,[],,8.071670652495092,0,0.0,[],0.0,0,0.0,,
383326,147,,123.26206200189417,63.72227446994967,52,2.1278215388270567,0.491063041180188,1.3068355746833369,4.333092414597508,3.208887660444379,0.1408772290226384,-0.5635574929346621,"[0.7960068371031213, 1.1566541148597977]",1.4040924564062784,1,1.4040924564062784,52,385.37848573210783,moving,1036,[],[],0.0,[],,21.82380222331764,0,0.0,[],0.0,0,0.0,,
380333,147,,123.6397743328306,65.39669989200125,53,2.1156292702109667,0.5081259117471495,1.4658526245485708,4.163592568890156,3.232125161606251,0.3808972041009355,0.2400199750782971,"[0.37771233093646117, 1.6744254220515842]",1.7164984995490329,1,1.7164984995490329,53,410.2355605420576,moving,1058,[1084],[1084],1.0,[1084],[30.722003622805417],20.637884924225084,0,0.0,[1084],1.0,0,0.0,[30.722003622805417],[30.722003622805417]
388868,147,,123.40169910181834,67.10671027305736,54,2.1237182621735573,0.5142533859755067,1.8676436820475324,4.129711772621576,3.3588751679437365,0.3601990425754524,-0.020698161525483,"[-0.23807523101227446, 1.710010381056108]",1.726503784803614,1,1.726503784803614,54,440.0228959182782,moving,1081,[],[],0.0,[],,12.380247665601466,0,0.0,[],0.0,0,0.0,,
390972,147,,123.028739292869,68.11461260194076,55,2.0845371202085827,0.5131609735309075,-1.2789841507983146,4.062150529229658,3.3208501660425096,0.2160760839770911,-0.1441229585983613,"[-0.37295980894934644, 1.0079023288834037]",1.0746935021949848,1,1.0746935021949848,55,469.8551211632754,moving,1106,[],[],0.0,[],,7.570050976854143,0,0.0,[],0.0,0,0.0,,
395648,147,,122.13941914614897,69.79592587346528,56,2.0850089405779704,0.5334926156952183,-1.0868825227289625,3.908224555012633,3.373662668683145,0.1321223140898984,-0.0839537698871926,"[-0.8893201467200242, 1.681313271524516]",1.902026456274096,1,1.902026456274096,56,504.2679642649949,moving,1130,[],[],0.0,[],,,0,0.0,[],0.0,0,0.0,,
396062,147,,121.2824818927599,70.9242296324699,57,2.1683445621564155,0.4791150712589191,-0.7885411246120582,4.525728143885956,3.16452515822625,0.1630145199115245,0.0308922058216261,"[-0.8569372533890629, 1.1283037590046234]",1.4168312633584683,1,1.4168312633584683,57,532.2892243368324,moving,1178,[],[],0.0,[],,,0,0.0,[],0.0,0,0.0,,
284348,149,,17.028847726412092,48.85790611787053,1,2.7943073140411334,0.564349310126892,0.4285911311349231,4.951378984432253,4.486950224347504,,,"[-0.22070350445034137, -0.06931131728867257]",0.2313311383730104,1,0.2313311383730104,1,0.873883993625979,moving,750,[],[],0.0,[],,,0,0.0,[],0.0,0,0.0,,
295294,149,,16.963892063261202,49.94219400354463,2,2.87454224450152,0.5364469100398767,0.3251147428339438,5.358484112226206,4.480612724030641,1.8152553416025536,,"[-0.06495566315089008, 1.084287885674101]",1.0862317695570245,1,1.0862317695570245,2,1.951037961815332,moving,778,[],[],0.0,[],,,0,0.0,[],0.0,0,0.0,,
297244,149,,16.677952552901772,50.45353026040362,3,2.8631571957022213,0.5243351934410581,0.3742317768773653,5.460547435147659,4.516525225826256,0.4500447318107862,-1.3652106097917676,"[-0.2859395103594302, 0.5113362568589892]",0.585855076928717,1,0.585855076928717,3,3.0400094229346384,moving,785,[788],[788],1.0,[788],[145.86671973451638],79.23418665092936,0,0.0,[788],1.0,0,0.0,[145.86671973451638],[34.13328026548362]
288835,149,,15.855745178177092,50.17925093822538,4,2.864486055433763,0.5349578213356642,0.4293548172416545,5.354601692301298,4.4531502226575,1.3828974371984568,0.9328527053876706,"[-0.8222073747246785, -0.2742793221782378]",0.8667491641912333,1,0.8667491641912333,4,4.344239833626675,moving,791,[],[],0.0,[],,3.1649737597992504,0,0.0,[],0.0,0,0.0,,
295379,149,,15.198655557807408,49.918916891662846,6,2.871246666643428,0.5121237689267751,0.4073040963474632,5.606548340180567,4.474275223713757,0.2835657900462338,0.1584070195676774,"[-0.17413099003408306, -0.02874001740547527]",0.1764867991967585,1,0.1764867991967585,6,7.0607652885218295,moving,779,[],[],0.0,[],,24.158089489917916,0,0.0,[],0.0,0,0.0,,
287221,149,,14.751389257673312,49.45944527659547,8,2.842929339459772,0.5027379718521702,0.1887231961118768,5.654892804269285,4.353862717693136,0.5400116927767588,0.0745701153060534,"[-0.08243401502164893, -0.19401692570252038]",0.2108030699293697,1,0.2108030699293697,8,10.04405443839817,moving,782,[],[],0.0,[],,133.68042757801305,0,0.0,[],0.0,0,0.0,,
286721,149,,15.354162219602816,49.45367595453791,9,2.8601240437881126,0.4925903732666768,0.2994313605089246,5.806293015474155,4.3728752186437605,1.9629947714686,1.422983078691841,"[0.6027729619295012, -0.005769322057560089]",0.6028005712590755,1,0.6028005712590755,9,11.712799395600754,moving,778,[],[],0.0,[],,168.00921763352406,0,0.0,[],0.0,0,0.0,,
285182,149,,14.252181426263329,49.23062880278201,10,2.858277958304731,0.5005426630437915,0.2804437426929498,5.710358315759922,4.44892522244626,2.9323140214047108,0.969319249936111,"[-1.1019807933394858, -0.22304715175589962]",1.124327221406447,1,1.124327221406447,10,13.495652948276309,moving,782,[],[],0.0,[],,7.960505721736603,0,0.0,[],0.0,0,0.0,,
286031,149,,13.635114102490055,49.19308302796859,11,2.857864611126489,0.5087971353485445,0.1158824482650881,5.616903894650956,4.472162723608127,0.1389370349681512,-2.7933769864365594,"[-0.6170673237732736, -0.0375457748134167]",0.6182085143987017,1,0.6182085143987017,11,15.145350918125825,moving,786,[],[],0.0,[],,4.050698056916167,0,0.0,[],0.0,0,0.0,,
286751,149,,12.306258071631692,49.01736664986553,12,2.886674571403776,0.5102394954557976,-0.0565431202850944,5.657489467421775,4.421462721073133,0.0706980180973237,-0.0682390168708274,"[-1.328856030858363, -0.1757163781030613]",1.3404232899656363,1,1.3404232899656363,12,16.733221861709826,moving,780,[782],[782],1.0,[782],[57.17247382109313],21.391876588406113,0,0.0,[782],1.0,0,0.0,[57.17247382109313],[57.17247382109313]
282136,149,,11.146093624905712,49.3036034612738,13,2.8202033917910865,0.496688099173969,-0.2660952721702872,5.67801684091345,4.360200218010011,0.3733586796479727,0.3026606615506489,"[-1.1601644467259806, 0.2862368114082656]",1.194953160442773,1,1.194953160442773,13,17.961314473371505,moving,784,[793],[793],1.0,[793],[64.28815524856775],11.635581308324296,0,0.0,[793],1.0,0,0.0,[64.28815524856775],[64.28815524856775]
329604,149,,10.538310128214995,49.593434414059935,14,2.8143958067277284,0.5110167561753286,-0.7051558673507401,5.50744329362483,4.425687721284382,0.2030792042137839,-0.1702794754341888,"[-0.6077834966907165, 0.28983095278614]",0.6733518842644728,1,0.6733518842644728,14,19.296946298990104,moving,779,[786],[],1.0,[786],[44.063367701139555],14.897843777263718,0,0.0,[786],1.0,0,0.0,[44.063367701139555],[44.063367701139555]
318173,149,,9.45159114538066,50.518066221043,15,2.912150764138386,0.5136917921568153,-0.9330150166031416,5.669062283263795,4.368650218432508,0.2600164253609924,0.0569372211472085,"[-1.0867189828343342, 0.924631806983065]",1.4268504217812243,1,1.4268504217812243,15,20.679963081563784,moving,785,[],[],0.0,[],,46.092333897348986,0,0.0,[],0.0,0,0.0,,
309471,149,,9.398434614418894,51.38345943960375,16,2.844770622061983,0.5161408968157437,2.011082315271726,5.511616381519818,4.442587722129387,0.8044629864373267,0.5444465610763343,"[-0.053156530961766535, 0.8653932185607474]",0.8670242439025674,1,0.8670242439025674,16,21.35974582666786,moving,808,[],[],0.0,[],,4.513855796558636,0,0.0,[],0.0,0,0.0,,
313285,149,,9.354068281188884,51.69799438909638,19,2.8419475797816363,0.5456078659912117,1.950653035955275,5.208773107804521,4.641162732058133,2.4511888660333523,0.5638308372031637,"[-0.3045542463558437, -0.08771651601895059]",0.3169344982104011,1,0.3169344982104011,19,22.71704345544705,moving,809,[],[],0.0,[],,2.4672520497280703,0,0.0,[],0.0,0,0.0,,
308888,149,,9.282723879494506,52.08308179870594,20,2.866183253003012,0.5117483093517525,-1.370086593574708,5.600767409732521,4.282037714101885,1.6680317967432652,-0.7831570692900871,"[-0.07134440169437717, 0.3850874096095609]",0.3916405707953792,1,0.3916405707953792,20,22.881553980441588,moving,814,[],[],0.0,[],,176.8108247853936,1,0.0,[],0.0,1,0.0,,
316123,149,,9.42225007468113,50.994948186070815,21,2.7982513176013204,0.5097935736498722,-1.4102677985972192,5.488988999149621,4.377100218855013,3.0859310456719147,1.4178992489286495,"[0.13952619518662424, -1.0881336126351258]",1.0970425324888848,1,1.0970425324888848,21,22.98463084060409,moving,795,[],[],0.0,[],,3.6772756892779968,0,0.0,[],0.0,0,0.0,,
310298,149,,9.692146731023035,49.60439907932162,22,2.8392075894308597,0.4749298128717852,-1.502441260850127,5.978162483131688,4.43202522160126,0.0641805682814449,-3.0217504773904698,"[0.2698966563419045, -1.390549106749198]",1.4164995670262426,1,1.4164995670262426,22,23.53914592244722,moving,775,[],[],0.0,[],,107.85196984819792,0,0.0,[],0.0,0,0.0,,
316126,149,,9.240017707962636,49.65885491163344,23,2.832717238939974,0.5168927299442372,1.9993193741354316,5.480280674958555,4.432025221601252,1.882371978612703,1.8181914103312575,"[-0.45212902306039915, 0.054455832311823826]",0.4553966306049314,1,0.4553966306049314,23,24.151525413184263,moving,776,[],[],0.0,[],,129.50724876126625,0,0.0,[],0.0,1,0.0,,
321801,149,,10.096101656583045,50.474803798968665,24,2.806742736996251,0.4951416571158048,1.6140954581533848,5.668565140217648,4.413012720650635,2.260327896083444,0.377955917470741,"[0.8560839486204088, 0.8159488873352245]",1.1826463181480342,1,1.1826463181480342,24,24.267457018615683,moving,781,[],[],0.0,[],,67.54947865260641,0,0.0,[],0.0,0,0.0,,
323838,149,,9.900497999599926,50.97976845497018,25,2.805198329348237,0.5211354236334726,1.4434712514927706,5.382858662321912,4.385550219277511,1.178960810493605,-1.081367085589839,"[-0.19560365698311877, 0.504964656001512]",0.541525709856785,1,0.541525709856785,25,24.32102478553074,moving,798,[],[],0.0,[],,138.97576862531915,1,0.0,[873],1.0,1,1.0,[81.35837952209503],[81.35837952209503]
333043,149,,9.44891874564153,49.72887143159229,27,2.831024592011844,0.4994379392441313,1.4835531695378363,5.668421178207699,4.298937714946884,0.3485579896776363,-2.1333739303200367,"[-0.13072273678737112, -0.1760680726899011]",0.2192906749816704,1,0.2192906749816704,27,24.59402120708081,moving,771,[],[],0.0,[],,84.4324124326919,0,0.0,[],0.0,0,0.0,,
339775,149,,9.956554411562337,49.48763945641202,28,2.8429983161702266,0.5094415447640404,1.5446919200728686,5.580617335570908,4.381325219066262,1.7658344050338857,1.4172764153562494,"[0.507635665920807, -0.24123197518026984]",0.5620381082846923,1,0.5620381082846923,28,24.768726481918023,moving,760,[],[],0.0,[],,99.11471421236632,0,0.0,[],0.0,0,0.0,,
336823,149,,10.254101850626126,50.504995975492605,29,2.831753949258081,0.5132779751304645,1.4122486508875565,5.516998754014934,4.328512716425636,1.7298781001790104,-0.0359563048548752,"[0.29754743906378955, 1.017356519080586]",1.0599758324646775,1,1.0599758324646775,29,25.740448110095347,moving,780,[862],[862],1.0,[862],[50.17552253009629],17.299790599330994,0,0.0,[862],1.0,0,0.0,[50.17552253009629],[50.17552253009629]
335170,149,,10.578781394737923,50.99363234125296,30,2.816116296231109,0.5065695398960597,1.3196408127883674,5.5591899521020025,4.410900220545006,0.301938305863889,-1.4279397943151215,"[0.3246795441117971, 0.48863636576035674]",0.5866705244923539,1,0.5866705244923539,30,26.354153149254824,moving,794,[],[],0.0,[],,31.01818362487488,0,0.0,[],0.0,0,0.0,,
343509,149,,10.637521910959736,52.29507706495287,31,2.8699138712634857,0.50950868220297,1.1439664312131137,5.632708472905306,4.229225211461258,0.5413694322422563,0.2394311263783673,"[0.0587405162218122, 1.301444723699909]",1.302769671543031,1,1.302769671543031,31,26.90386393373703,moving,816,[],[],0.0,[],,171.32175973919257,0,0.0,[],0.0,0,0.0,,
343059,149,,10.277396670045944,50.48667102098099,32,1.4794626186510973,0.507596790025936,0.7756592796409296,2.914641399870758,2.277275113863753,2.9901287877595744,2.448759355517318,"[-0.3601252409137903, -1.8084060439718783]",1.84391502217896,1,1.84391502217896,32,26.792135265943127,moving,809,[839],[839],1.0,[839],[13.305236506091092],148.6354449348069,0,0.0,[],0.0,0,0.0,,
345132,149,,11.378740719117884,51.68323820668069,33,2.888930363131718,0.5308722559910937,0.8406272403146035,5.441855984239237,4.601025230051257,2.594177899279106,-0.3959508884804683,"[1.1013440490719386, 1.196567185699692]",1.6262631227201378,1,1.6262631227201378,33,26.89611601722104,moving,809,[],[],0.0,[],,63.50479713981861,0,0.0,[],0.0,0,0.0,,
342433,149,,12.068130443197028,51.48384054342959,34,1.516496777760447,0.4710668382872474,0.8099872223444494,3.219281542454315,2.139962606998126,1.1083678009009008,-1.4858100983782052,"[0.6893897240791436, -0.19939766325109787]",0.7176472808949504,1,0.7176472808949504,34,27.58237481433257,moving,821,"[801, 812]","[801, 812]",2.0,"[801, 812]","[21.16507775375294, 47.102318811464016]",105.16168852482842,0,0.0,[790],1.0,0,0.0,[7.766972943257201],[7.766972943257201]
347071,149,,11.64227822467086,50.78325941201586,35,2.8299602122668883,0.5248827965746803,0.7557570752183266,5.391604050913568,4.518637725931882,1.835417711715004,0.7270499108141031,"[-0.42585221852616684, -0.7005811314137276]",0.8198561054944927,1,0.8198561054944927,35,29.223228771592893,moving,812,[],[],0.0,[],,162.55182656045432,0,0.0,[],0.0,0,0.0,,
346695,149,,11.984555855169129,52.172014002711535,36,1.5494680993940886,0.4839222599500423,1.2175168486237045,3.2018946587702906,2.2181251109062563,2.837064578610697,1.001646866895693,"[0.3422776304982662, 1.388754590695676]",1.430312304889328,1,1.430312304889328,36,30.627879236614955,moving,836,[],[],0.0,[],,27.428051569104685,0,0.0,[],0.0,0,0.0,,
345754,149,,11.78515825723372,52.99731757251502,37,1.5306489170864672,0.4594043318570806,1.3225991729705684,3.331812111781845,2.1843251092162537,0.4787098072876684,-2.3583547713230284,"[-0.19939759793540546, 0.8253035698034878]",0.8490496948899929,1,0.8490496948899929,37,31.923321168163373,moving,869,[],[],0.0,[],,30.2999105291406,0,0.0,[],0.0,0,0.0,,
354152,149,,12.414812810370403,55.09377221067801,38,1.581382242498765,0.4720957631378342,1.3075186707858557,3.349706491725198,2.1970001098500047,0.5288332017931958,0.0501233945055273,"[0.6296545531366817, 2.0964546381629887]",2.1889693707680933,1,2.1889693707680933,38,33.09536797811531,moving,896,[858],[858],1.0,[858],[8.934078215568277],151.00869035487867,1,1.0,[],0.0,0,0.0,,
352056,149,,12.504728349408753,54.68048344757108,39,2.7834497189966743,0.4977485809948488,1.1165558031262075,5.592079666873987,4.440475222023758,2.635598845817237,2.106765644024041,"[0.08991553903834948, -0.41328876310693374]",0.4229567423165354,1,0.4229567423165354,39,34.87324079423197,moving,876,[],[],0.0,[],,73.89516506641719,0,0.0,[],0.0,0,0.0,,
355993,149,,11.761435502061078,54.27894026504868,40,2.85056353785946,0.5123029686758573,1.299072609933703,5.564214365626796,4.282037714101882,1.289713931713667,-1.3458849141035705,"[-0.743292847347675, -0.40154318252240273]",0.8448202082978565,1,0.8448202082978565,40,38.0190955183074,moving,866,[],[],0.0,[],,136.75816534032217,0,0.0,[],0.0,1,0.0,,
360758,149,,12.086748761154135,55.25805061489572,41,2.908432572813332,0.5096674317298008,1.2522973138341231,5.7065301640761525,4.455262722763132,2.3868802641754185,1.0971663324617515,"[0.32531325909305764, 0.9791103498470477]",1.03173920819137,1,1.03173920819137,41,41.1951386450986,moving,878,[],[],0.0,[],,148.64459315993727,0,0.0,[928],1.0,1,1.0,[25.362502626396434],[25.362502626396434]
364812,149,,12.173963958573106,54.87956096596433,42,2.6985288398240206,0.4848834351105679,1.1624581925489008,5.565314556907219,4.3010502150525065,2.5943375659283494,0.2074573017529308,"[0.08721519741897055, -0.37848964893139225]",0.3884081680513923,1,0.3884081680513923,42,44.83612456422699,moving,867,[],[],0.0,[],,48.98868028236445,0,0.0,[],0.0,0,0.0,,
365962,149,,11.76262175778024,54.31365756940381,43,1.4639148499290309,0.5178537878092756,0.8614945014929843,2.826888369634148,2.289950114497504,0.8550137671340851,-1.7393237987942642,"[-0.4113422007928662, -0.5659033965605218]",0.6996063610287244,1,0.6996063610287244,43,49.74647255233998,moving,885,[916],[916],1.0,[916],[16.8405696111339],133.84333799510617,0,0.0,[],0.0,0,0.0,,
386570,149,,11.56940505113988,55.39355297214042,44,1.5614887337408043,0.4979258319682757,0.8588347577555764,3.1359865937630067,2.3068501153425047,2.3360069298742285,1.4809931627401434,"[-0.19321670664036006, 1.0798954027366108]",1.0970445645353764,1,1.0970445645353764,44,55.13223954948504,moving,904,[],[],0.0,[],,121.52984771490124,0,0.0,[988],1.0,1,1.0,[12.687803914155964],[12.687803914155964]
365970,149,,11.044656348930694,54.92644646417951,45,1.5905051724458952,0.4924432308602708,0.6213186940481872,3.229824419897846,2.3596626179831284,2.1210959820723336,-0.2149109478018949,"[-0.5247487022091857, -0.46710650796090647]",0.7025309176468015,1,0.7025309176468015,45,59.75268035818026,moving,905,[],[],0.0,[],,12.825600223740707,0,0.0,[],0.0,0,0.0,,
371519,149,,10.637570963893817,54.355742935309,46,1.5741405379030184,0.4978366922981753,0.6131257141044318,3.1619616678639657,2.340650117032504,0.2238489524487942,-1.8972470296235395,"[-0.4070853850368792, -0.57070352887051]",0.701014285571897,1,0.701014285571897,46,64.33823285778809,moving,898,[926],[926],1.0,[926],[10.573126311628641],177.53095956114825,0,0.0,[852],1.0,0,0.0,[90.50372718628869],[89.49627281371131]
375465,149,,10.95376949278643,54.84206241041186,47,2.8324906672908887,0.5294082464272593,0.9979922068153272,5.350295705452471,4.579900228995007,3.098499768566944,2.87465081611815,"[0.316198528892615, 0.4863194751028601]",0.5800759791080607,1,0.5800759791080607,47,69.16911244098853,moving,884,[846],[846],1.0,[846],[98.45307401512996],177.54770039883414,0,0.0,[846],1.0,0,0.0,[98.45307401512996],[81.54692598487004]
370674,149,,10.492375780981648,54.19482270111344,48,2.8775936187131297,0.5457430375852512,0.8338330611731074,5.272799505506503,4.582012729100632,3.098791951304105,0.0002921827371609,"[-0.4613937118047815, -0.6472397092984252]",0.7948606158224873,1,0.7948606158224873,48,73.46978780606578,moving,867,[856],[],1.0,[856],[108.03536027272713],32.896554996899134,0,0.0,[856],1.0,0,0.0,[108.03536027272713],[71.96463972727287]
379605,149,,9.198655515279798,53.6820866242478,49,1.4871686767633945,0.506153467893744,0.618334058788013,2.9381773930186585,2.2582626129131285,0.5741531972592829,-2.524638754044822,"[-1.2937202657018503, -0.5127360768656359]",1.3916215040043145,1,1.3916215040043145,49,77.87160674700652,moving,877,[913],[913],1.0,[913],[20.922813745053844],176.2692199700482,0,0.0,[871],1.0,0,0.0,[19.60807727423125],[19.60807727423125]
378013,149,,9.543683705734578,53.793454362975325,50,1.5838606540418725,0.5070912686585064,0.4859713516465862,3.1234232414056837,2.368112618405627,3.0764782583994816,2.5023250611401986,"[0.34502819045478006, 0.11136773872752315]",0.3625565134400178,1,0.3625565134400178,50,80.94827873594568,moving,878,[],[],0.0,[],,167.3372075659976,0,0.0,[840],1.0,0,0.0,[139.1556190769492],[40.84438092305081]
371075,149,,9.201938099870809,53.76219562413269,51,2.886471183678648,0.5153979035684861,0.5094905038771377,5.600471332330697,4.641162732058135,2.9205852331198243,-0.1558930252796573,"[-0.34174560586376934, -0.03125873884263797]",0.3431722131543098,1,0.3431722131543098,51,83.75595460452861,moving,868,[],[],0.0,[],,2.7393227841541608,0,0.0,[],0.0,0,0.0,,
379340,149,,8.491590745225658,53.73134444159339,53,2.8429044915531976,0.4999300676256067,0.684795821191694,5.6866043385936615,4.254575212728758,1.950739176120237,1.8999012348165671,"[0.017769253825289155, 0.07328059048421665]",0.0754041863773028,1,0.0754041863773028,53,91.85977552840863,moving,869,[933],[933],1.0,[933],[30.971808592663166],152.16602562634176,0,0.0,[],0.0,0,0.0,,
390561,149,,9.704539393033604,54.44072611930044,55,2.8346910767483875,0.5464576572024805,0.4612407948438934,5.187393825278655,4.442587722129376,1.04363225372903,0.1256450645204533,"[0.020767032335763602, 0.18423624064991628]",0.1854029719310036,1,0.1854029719310036,55,107.93504803025132,moving,892,[],[],0.0,[],,111.36838073343203,0,0.0,[],0.0,0,0.0,,
394793,149,,8.454273119723243,55.4285092062821,56,2.860092849560977,0.569103769024085,0.2849660608016757,5.025608694290575,4.772137738606887,1.014392737997001,-0.029239515732029,"[-1.250266273310359, 0.9877830869816648]",1.5933867016843088,1,1.5933867016843088,56,123.43123514710295,moving,910,[],[],0.0,[],,42.45764511615503,0,0.0,[],0.0,0,0.0,,
396061,149,,8.190637459667919,57.05058192162068,58,1.5000202654943688,0.4573193834240077,0.7417091660667076,3.280027743988301,2.047012602350625,0.2596180485445616,-0.4362570942500384,"[0.015406368437069773, 0.28852545669823826]",0.2889364901692856,1,0.2889364901692856,58,140.96105195198462,moving,953,[],[],0.0,[],,,0,0.0,[],0.0,0,0.0,,
397198,149,,8.450856308832359,56.62238922043804,59,2.892109044950171,0.4825668951699836,0.4281196909793971,5.993177472174981,4.330625216531256,2.542173887094636,2.282555838550074,"[0.26021884916444016, -0.4281927011826454]",0.5010617115750872,1,0.5010617115750872,59,136.63270113590931,moving,948,[],[],0.0,[],,,0,0.0,[],0.0,0,0.0,,
301844,151,,122.20163093625068,131.39341197278347,1,1.9424436227390396,0.5348849684337013,0.7830676068719409,3.631516564069989,3.1772001588600096,,,"[0.0, 0.0]",0.0,0,0.0,0,0.0,moving,2031,[],[],0.0,[],,,0,0.0,[],0.0,0,0.0,,
305064,151,,122.68379787891264,130.66004056328742,2,1.9722594257854664,0.5177412399298905,0.903313202211936,3.8093535412642394,3.1624126581206404,,,"[0.48216694266194793, -0.7333714094960442]",0.877677950538912,1,0.877677950538912,1,0.3427351197760129,moving,2037,[],[],0.0,[],,,0,0.0,[],0.0,0,0.0,,
303565,151,,122.34736232283664,129.50143940771727,4,2.037354408791155,0.5143965293063976,-1.3356839936646057,3.9606690417182335,3.1772001588600123,0.1502187170401666,-0.742856668495891,"[-0.03734978375864273, -0.2296145601814601]",0.232632440975335,1,0.232632440975335,3,1.526580854635384,moving,2032,[2003],[2003],1.0,[2003],[76.84159368243823],29.205716037539187,0,0.0,[],0.0,0,0.0,,
305664,151,,122.05928154610515,129.21733333795694,5,2.035644791090943,0.5450576409443798,2.340525342200534,3.7347330597254578,3.274375163718768,0.631093904082447,0.4808751870422804,"[-0.2880807767314906, -0.2841060697603268]",0.4046069608853493,1,0.4046069608853493,4,2.275002480971758,moving,2023,[1975],[1975],1.0,[1975],[77.93576810897198],104.22647270286294,0,0.0,[],0.0,0,0.0,,
305131,151,,122.88345560924157,128.71875540516734,6,2.008212588779736,0.5214687826022617,2.553194760171454,3.851069624452388,3.219450160972498,1.819095116404952,1.1880012123225048,"[0.824174063136411, -0.49857793278960116]",0.9632459921596004,1,0.9632459921596004,5,3.2768680265718837,moving,2020,[1971],[1971],1.0,[1971],[97.95826462747476],31.094437385560077,0,0.0,[],0.0,0,0.0,,
300516,151,,123.27897550882544,128.71822324471756,7,2.0003648430347365,0.5100987949845361,2.33175677511506,3.9215243452895794,3.153962657698131,0.5427003114332408,-1.2763948049717109,"[0.39551989958386, -0.0005321604497794397]",0.3955202575868536,1,0.3955202575868536,6,4.162263522234389,moving,2030,[1988],[1988],1.0,[1988],[97.62907178621985],29.70174418905762,0,0.0,[],0.0,0,0.0,,
300889,151,,123.60197772773488,128.53339655573046,9,2.0122534562840904,0.4971203650412359,2.597662126541724,4.047819397053217,3.109600155480001,2.61549919929532,2.057719008928754,"[-0.013619643259033865, 0.02580844581828501]",0.0291816818922196,1,0.0291816818922196,8,6.175788963144131,moving,2030,[1971],[1971],1.0,[1971],[90.8427771585962],31.40025435051901,0,0.0,[],0.0,0,0.0,,
299683,151,,123.79358851553708,128.18515895287908,10,2.0200026204634227,0.5365839419592437,2.2618463472675328,3.764560327854261,3.289162664458143,3.12415006299316,0.5086508636978397,"[0.19161078780219043, -0.34823760285138405]",0.3974721651158158,1,0.3974721651158158,9,8.094013096994738,moving,2025,"[1982, 2015]","[1982, 2015]",2.0,"[1982, 2015]","[78.08148577585874, 26.867241304928346]",69.21028954584452,0,0.0,[],0.0,0,0.0,,
301977,151,,123.57728365037752,127.9309061098944,11,1.9840456451615736,0.5447170127222112,1.9318400648442209,3.642341984595542,3.289162664458127,1.207947428833594,-1.9162026341595657,"[-0.21630486515955738, -0.25425284298466977]",0.3338147732762608,1,0.3338147732762608,10,10.38101440800922,moving,2001,[],[],0.0,[],,,0,0.0,[],0.0,0,0.0,,
302792,151,,123.028972002297,128.05974896422808,12,2.0284783495121954,0.5315090757489889,-1.540233501559965,3.816451011026888,3.2405751620287786,1.096662715873343,-0.111284712960251,"[-0.5483116480805279, 0.12884285433366927]",0.5632460781342661,1,0.5632460781342661,11,11.797802294177233,moving,2008,[],[],0.0,[],,,0,0.0,[],0.0,0,0.0,,
290527,152,,51.34036031507736,76.29358272043268,1,2.774711130408877,0.5002435253833121,2.958628477743774,5.546720726235791,4.260912713045648,,,"[0.0, 0.0]",0.0,0,0.0,0,0.0,moving,1166,[],[],0.0,[],,,0,0.0,[],0.0,0,0.0,,
303884,152,,52.66205759360971,76.04582441197135,3,2.7545585318870165,0.5072118412942342,-0.6019453177884515,5.430785142669991,4.229225211461256,0.0514583363821915,,"[0.17811238306682498, -0.025231953358911596]",0.1798907236964977,1,0.1798907236964977,2,5.49465496205065,moving,1168,[],[],0.0,[],,,0,0.0,[],0.0,0,0.0,,
292912,152,,52.91525543711271,75.39160159437478,4,2.8080552422480403,0.5150384417293538,1.9924385730870409,5.452127481629105,4.364425218221254,1.060802034167008,1.0093436977848165,"[0.25319784350299557, -0.6542228175965761]",0.7015102586695153,1,0.7015102586695153,3,11.15262986862165,moving,1158,[],[],0.0,[],,2.7892668876178943,0,0.0,[],0.0,0,0.0,,
302931,152,,53.6656153321532,73.13175064265404,5,2.767721784499244,0.4955409484633264,1.3953557432679926,5.585253434820988,4.157400207870007,0.0486818909057732,-1.0121201432612348,"[0.7503598950404964, -2.259850951720736]",2.38116910278928,1,2.38116910278928,4,18.389444095376493,moving,1101,[],[],0.0,[],,39.92991395820139,0,0.0,[],0.0,0,0.0,,
289492,152,,52.90665342783839,71.2110822429117,7,2.7997300282975868,0.4886910404680795,1.4713156038447064,5.729038996941587,4.231337711566882,0.0053108592774395,-0.6921833502978089,"[-0.08270532661329355, -0.21222693892148925]",0.2277727917337738,1,0.2277727917337738,6,35.617110583413165,moving,1079,[],[],0.0,[],,149.7366970133241,1,0.0,[],0.0,1,0.0,,
290431,152,,52.55315066447943,73.52080270382235,8,2.8150709722634253,0.4993312158070776,1.4381278054721909,5.637682730716881,4.2292252114612605,2.618123492254494,2.612812632977054,"[-0.3535027633589536, 2.309720460910654]",2.3366156746995728,1,2.3366156746995728,7,45.73248286466093,moving,1125,[],[],0.0,[],,28.94933387781346,0,0.0,[],0.0,0,0.0,,
291329,152,,52.91515142130587,74.50216803709763,9,2.837112050169195,0.4973957938628542,1.4140426019995276,5.703932532552668,4.292600214630003,0.5052611924269794,-2.1128622998275137,"[0.36200075682643984, 0.9813653332752779]",1.0460030904817692,1,1.0460030904817692,8,57.48062453100305,moving,1137,[],[],0.0,[],,20.987016852217774,0,0.0,[],0.0,0,0.0,,
289124,152,,52.89146357088081,76.33792640563931,10,2.7694610445906567,0.5082198829695457,-1.498724800234403,5.449336276275937,4.2714752135737655,0.3662925442427364,-0.138968648184243,"[-0.023687850425062607, 1.8357583685416756]",1.835911191187786,1,1.835911191187786,9,70.19765311126812,moving,1174,[],[],0.0,[],,11.632125832527372,0,0.0,[],0.0,0,0.0,,
292394,152,,52.631298174956925,77.52404871284607,11,2.77995476847364,0.4987666137085998,1.850820595822906,5.5736584848836825,4.170075208503763,0.2030188947838891,-0.1632736494588472,"[-0.26016539592388455, 1.1861223072067588]",1.2143196288003075,1,1.2143196288003075,10,82.93753039524428,moving,1186,[],[],0.0,[],,124.68632354984123,0,0.0,[1227],1.0,0,0.0,[22.15615317544949],[22.15615317544949]
291225,152,,53.15206308853248,77.31030903935984,12,2.8349121523367184,0.4826971788450104,1.7954563849722098,5.873065508938851,4.161625208081263,2.1761868781516736,1.9731679833677844,"[0.5207649135755545, -0.21373967348623069]",0.56292161375573,1,0.56292161375573,11,95.75663491878228,moving,1179,[],[],0.0,[],,127.17349233404944,0,0.0,[],0.0,0,0.0,,
285624,152,,52.94739873370944,78.0817384135325,13,2.807708243015738,0.5028668958204146,1.4257623077060475,5.583402419908818,4.18697520934876,2.219596162488931,0.0434092843372573,"[-0.2046643548230378, 0.7714293741726692]",0.7981170199109692,1,0.7981170199109692,12,108.01997371519066,moving,1197,[],[],0.0,[],,44.38223051227234,0,0.0,[],0.0,0,0.0,,
330979,152,,53.126722874936426,78.39838764046323,14,2.788272354932725,0.4918034164398082,1.4213656392365417,5.669485533706092,4.170075208503758,0.774616051818242,-1.4449801106706888,"[0.17932414122698503, 0.3166492269307213]",0.363900921326972,1,0.363900921326972,13,118.88721259700507,moving,1210,[],[],0.0,[],,27.142337828158,0,0.0,[],0.0,0,0.0,,
323115,152,,53.1750050662926,79.55941363156501,15,2.845147945786971,0.4932592981637304,1.4087890393886189,5.768057401814176,4.239787711989386,0.473723161789964,-0.300892890028278,"[0.04828219135617218, 1.1610259911017806]",1.162029484142303,1,1.162029484142303,14,129.48882048159714,moving,1232,[],[],0.0,[],,23.158400242542424,0,0.0,[],0.0,0,0.0,,
313310,152,,52.70016283553289,80.81095244380347,16,2.83272840048137,0.5043190203102715,1.4840743846742317,5.616937466960089,4.239787711989388,0.4041903337270187,-0.0695328280629453,"[-0.47484223075970533, 1.251538812238465]",1.3385905059621934,1,1.3385905059621934,15,139.64517433405115,moving,1265,[],[],0.0,[],,167.83237006980906,0,0.0,[1318],1.0,1,1.0,[36.161420753027336],[36.161420753027336]
315918,152,,52.75460653895105,80.4513614450778,17,2.8110052796895952,0.5026238504140607,1.3655519353754613,5.592661942671232,4.3031627151581375,2.9292274491437533,2.5250371154167346,"[0.05444370341815841, -0.3595909987256789]",0.3636891573946295,1,0.3636891573946295,16,149.15786589165074,moving,1254,[1314],[1314],1.0,[1314],[41.84861257382033],173.7858499376339,0,0.0,[1150],1.0,1,1.0,[0.5512352299673324],[0.5512352299673324]
320381,152,,52.71385082930398,81.42567278689118,18,2.847066812562595,0.5095550653830255,1.6237839767171258,5.587358474049304,4.3961127198056325,3.033135274788494,0.1039078256447405,"[-0.040755709647072536, 0.9743113418133902]",0.9751633804932612,1,0.9751633804932612,17,158.6878922891088,moving,1274,[],[],0.0,[],,22.119561035031165,0,0.0,[],0.0,0,0.0,,
317738,152,,52.018282550458494,82.9509094630976,19,2.845662327667418,0.49827182943185,1.818270269033064,5.711064040911482,4.326400216320018,0.3860591691571386,-2.647076105631355,"[-0.6955682788454851, 1.5252366762064185]",1.676353825712601,1,1.676353825712601,18,167.9650257304778,moving,1304,[],[],0.0,[],,5.4343316757980125,0,0.0,[],0.0,0,0.0,,
314022,152,,51.518780857864506,83.81784618147113,20,2.825564636580999,0.5200012625914736,2.047803156945024,5.433764953760959,4.256687712834383,0.0948469803880963,-0.2912121887690422,"[-0.4995016925939879, 0.8669367183735233]",1.0005404612350828,1,1.0005404612350828,19,176.3735560201598,moving,1322,[],[],0.0,[],,177.36987793111442,1,0.0,[1380],1.0,1,1.0,[35.150063664251576],[35.150063664251576]
320829,152,,51.85743981421526,83.16224202588033,21,2.811439944141877,0.5139474623398596,1.9114185641544057,5.470286654091402,4.237675211883747,3.0956883637583745,3.000841383370278,"[0.3386589563507556, -0.6556041555907939]",0.7379069707927286,1,0.7379069707927286,20,183.93525013943776,moving,1302,[],[],0.0,[],,74.06019803056942,0,0.0,[],0.0,0,0.0,,
319060,152,,52.21365695807881,83.23393389166938,22,2.879206376275541,0.497780958864833,2.220060325663588,5.784082988713431,4.347525217376261,1.2925943003124565,-1.803094063445918,"[0.35621714386354597, 0.07169186578904885]",0.3633598453360211,1,0.3633598453360211,21,191.2767541940174,moving,1318,[],[],0.0,[],,33.295383561808116,0,0.0,[],0.0,0,0.0,,
329490,152,,52.5707822315483,83.58702625019605,25,2.8911991964300547,0.4866439174316371,1.6540084349735296,5.941097983283035,4.298937714946883,3.108871199835441,0.3628529750403197,"[0.25202712297028285, 0.0985704103816829]",0.2706174357196731,1,0.2706174357196731,24,216.38672821226453,moving,1315,[1392],[],1.0,[1392],[72.35369951361864],21.648704578369028,0,0.0,[1392],1.0,0,0.0,[72.35369951361864],[72.35369951361864]
325122,152,,52.86722285324881,84.26308556421344,26,2.842476122874015,0.4823231671915037,1.2306351446338053,5.893302076749354,4.248237712411885,0.7847415238064376,-2.324129676029003,"[0.296440621700512, 0.6760593140173938]",0.738195934873564,1,0.738195934873564,25,225.6302066702527,moving,1329,[1391],[1391],1.0,[1391],[45.72600633919478],46.5886483236506,0,0.0,[1391],1.0,0,0.0,[45.72600633919478],[45.72600633919478]
333589,152,,52.701638591937744,84.65484935931386,27,2.87150350628871,0.4921038750922041,0.9937721650443752,5.835157273961082,4.252462712623135,0.8131253073014398,0.0283837834950022,"[-0.16558426131106785, 0.3917637951004167]",0.4253199016568744,1,0.4253199016568744,26,235.20450042803932,moving,1343,[1394],[1394],1.0,[1394],[32.478691411199165],68.18666947390156,0,0.0,[1394],1.0,0,0.0,[32.478691411199165],[32.478691411199165]
344401,152,,53.87079291107786,85.81284776369344,28,2.875819728844225,0.4984641187570027,0.3985946402923468,5.769361566115382,4.298937714946884,1.190081888288692,0.376956580987252,"[1.1691543191401124, 1.1579984043795832]",1.645564379326935,1,1.645564379326935,27,245.1933659283145,moving,1375,[],[],0.0,[],,6.114844275707173,0,0.0,[],0.0,0,0.0,,
341629,152,,55.65705491999188,87.239337674664,29,2.953841151585038,0.5010010083140737,0.8552289639101026,5.895878656063099,4.400337720016875,0.106724165857818,-1.0833577224308737,"[1.7862620089140222, 1.4264899109705595]",2.2859583177718603,1,2.2859583177718603,28,255.16347369303247,moving,1383,[],[],0.0,[],,4.640458550865641,0,0.0,[],0.0,0,0.0,,
336538,152,,56.85091032750324,88.36244207580185,30,2.829325491279549,0.4896845136283161,0.8907693030200067,5.777853725280526,4.33273771663688,0.0809912805149329,-0.0257328853428851,"[1.1938554075113572, 1.1231044011378515]",1.639101653314803,1,1.639101653314803,29,264.6244645545759,moving,1409,[1465],[1465],1.0,[1465],[33.69006752597981],8.300960166979722,0,0.0,[1465],1.0,0,0.0,[33.69006752597981],[33.69006752597981]
349315,152,,58.18407688633329,89.29420229751507,31,2.8679856998813955,0.4986737312046841,0.3178422555274083,5.751226744895874,4.322175216108753,0.144879085990699,0.0638878054757661,"[1.333166558830051, 0.931760221713219]",1.6265024390851146,1,1.6265024390851146,30,273.59624595051486,moving,1434,[],[],0.0,[],,48.35550097056984,0,0.0,[],0.0,0,0.0,,
349747,152,,59.64631415392049,88.94569965203112,32,2.9004117696947667,0.4873928451729465,0.0810218481137052,5.950870634273641,4.326400216320031,0.8439627033877549,0.6990836173970558,"[1.4622372675872057, -0.34850264548394705]",1.5031939065304274,1,1.5031939065304274,31,281.7017280662896,moving,1443,[],[],0.0,[],,2.3142227638937403,0,0.0,[],0.0,0,0.0,,
351442,152,,60.64404016113251,88.7501111564027,33,2.9583513888653146,0.5017373485909746,0.1178726180904996,5.896215215337729,4.4278002213900045,0.0403908068545491,-0.8035718965332058,"[0.997726007212016, -0.19558849562842795]",1.0167163051163404,1,1.0167163051163404,32,289.7756417402536,moving,1435,[1395],[1395],1.0,[1395],[102.28621493441824],29.550155795772397,0,0.0,[1395],1.0,0,0.0,[102.28621493441824],[77.71378506558176]
347606,152,,61.790022809392326,89.13263703813492,34,2.8706038314371227,0.497445641098975,0.2916556470420964,5.770688481851565,4.387662719383133,0.5157475131135134,0.4753567062589643,"[1.1459826482598174, 0.3825258817322208]",1.2081400085700322,1,1.2081400085700322,33,298.073439141119,moving,1449,[],[],0.0,[],,13.777391499277124,0,0.0,[],0.0,0,0.0,,
353896,152,,63.24558528521054,90.05054064309157,35,2.911984066858139,0.4760226956941721,0.5591331404430897,6.117321911745541,4.273587713679395,0.2404608439986637,-0.2752866691148496,"[1.455562475818212, 0.9179036049566491]",1.720816419320334,1,1.720816419320334,34,305.75207691413965,moving,1465,[],[],0.0,[],,15.904165571374095,0,0.0,[],0.0,0,0.0,,
354766,152,,64.50430397531453,90.41938125154373,36,2.88675933644567,0.5105033766397387,0.2271210838888738,5.654731131157338,4.410900220545014,0.2775800540028032,0.0371192100041394,"[1.25871869010399, 0.36884060845216027]",1.3116463453463605,1,1.3116463453463605,35,311.70974766880386,moving,1486,[],[],0.0,[],,4.173882180641392,0,0.0,[],0.0,0,0.0,,
355229,152,,66.49211796925479,90.84764455735944,37,2.876797378171202,0.4902073297976756,0.069707544105404,5.868531952303833,4.404562720228146,0.0728479866425206,-0.2047320673602826,"[1.9878139939402644, 0.4282633058157046]",2.033424189295716,1,2.033424189295716,36,316.5902462081039,moving,1496,[],[],0.0,[],,16.149079333170434,0,0.0,[],0.0,0,0.0,,
358640,152,,67.58613146249796,90.77131892790356,38,2.9228426684344258,0.5101794479903461,-0.0676998352032017,5.729048239688662,4.370762718538144,0.2818546055295872,0.2090066188870666,"[1.0940134932431675, -0.07632562945588006]",1.0966727520595898,1,1.0966727520595898,37,318.92892262141135,moving,1496,[],[],0.0,[],,7.4099032218209,0,0.0,[],0.0,0,0.0,,
367970,152,,69.25997973736861,90.43378851044169,42,2.853422951940269,0.501454293123533,2.878844268630408,5.690295189550466,4.322175216108757,3.002358624137968,2.59940481852882,"[-0.12079008436799654, 0.00121026680355385]",0.1207961474028187,1,0.1207961474028187,41,315.12456129533234,moving,1476,[1445],[1445],1.0,[1445],[9.731166976121884],17.520596137530294,0,0.0,[1445],1.0,0,0.0,[9.731166976121884],[9.731166976121884]
388295,152,,69.766178143184,90.48806268393987,44,2.8249150629236,0.502816925955403,2.8203619378795604,5.6181781421856,4.341187717059372,1.1819959462428231,-1.8417199616081932,"[0.0632059179007598, 0.11124209445335964]",0.1279444865402483,1,0.1279444865402483,43,305.6484950331176,moving,1493,[],[],0.0,[],,163.22656948590324,1,0.0,[1494],1.0,1,1.0,[6.902076697704278],[6.902076697704278]
380458,152,,69.52071434537288,90.3844087577462,47,2.852579571275519,0.4861272318171113,2.924769826515588,5.867969092397407,4.345412717270641,0.1262303922801735,-2.525030150199774,"[0.06070106915218787, -0.013630923888030111]",0.0622127147957711,1,0.0622127147957711,46,280.78247462932944,moving,1498,[],[],0.0,[],,23.695251303836272,0,0.0,[],0.0,0,0.0,,
375624,152,,67.20689835477678,90.41679838079484,48,2.9205101495807506,0.4869365055487741,0.2539142402892122,5.997722734485384,4.446812722340634,2.934696189065599,2.8084657967854256,"[-2.3138159905960975, 0.03238962304861559]",2.314042680250179,1,2.314042680250179,47,266.8302131485479,moving,1494,[],[],0.0,[],,35.40344898116047,0,0.0,[],0.0,0,0.0,,
382523,152,,65.618532900275,89.3209989342417,49,2.9028694514717315,0.5246486836448851,0.5471908881644797,5.532977670514035,4.482725224136263,0.6179067512830639,-2.316789437782535,"[-1.5883654545017833, -1.09579944655313]",1.9296842343038412,1,1.9296842343038412,48,255.08294758872344,moving,1469,[],[],0.0,[],,26.17758016328972,0,0.0,[],0.0,0,0.0,,
381507,152,,64.32947370126398,89.13009835228871,50,2.954434499414168,0.5171273530770799,0.3101713747555931,5.713166170449695,4.541875227093768,0.4568849640541547,-0.1610217872289092,"[-1.289059199011021, -0.1909005819529881]",1.3031180494279575,1,1.3031180494279575,49,248.63817890934575,moving,1477,[],[],0.0,[],,11.019185280271188,0,0.0,[],0.0,0,0.0,,
374834,152,,61.89649063141727,89.24037994023215,51,2.909347881954333,0.4989755331909143,-0.0364640172457665,5.830642363061878,4.451037722551863,0.1923210640280263,-0.2645639000261283,"[-2.4329830698467134, 0.11028158794343312]",2.4354811940969823,1,2.4354811940969823,50,241.56803046586907,moving,1482,[],[],0.0,[],,2.089941294701711,0,0.0,[],0.0,0,0.0,,
385706,152,,60.464463135459305,89.25301127033211,52,2.940061852508998,0.501325360826909,0.2419004055456317,5.86457834022106,4.440475222023757,0.0364763567659379,-0.1558447072620883,"[-1.4320274959579606, 0.012631330099964089]",1.4320832027782888,1,1.4320832027782888,51,233.58326518880423,moving,1490,[1462],[1462],1.0,[1462],[137.70615771316406],0.3897991455713864,0,0.0,[1462],1.0,0,0.0,[137.70615771316406],[42.29384228683594]
382822,152,,59.61247581225288,89.25472980319005,53,2.8752364820920207,0.5098643936584355,0.4040717876176072,5.63921803101665,4.387662719383142,0.0068032785116487,-0.0296730782542892,"[-0.8519873232064228, 0.0017185328579358838]",0.85198905642011,1,0.85198905642011,52,223.13927893917304,moving,1487,[],[],0.0,[],,7.356738444051223,0,0.0,[],0.0,0,0.0,,
390016,152,,58.09894894765039,89.06242194395523,54,2.912159375470171,0.4859606581879479,0.5268150872468398,5.992582581332906,4.3855502192775,0.1283993080567367,0.121596029545088,"[-1.5135268646024969, -0.1923078592348162]",1.5256952128773764,1,1.5256952128773764,53,199.55451469661344,moving,1475,[],[],0.0,[],,7.219099518914962,0,0.0,[],0.0,0,0.0,,
391609,152,,56.993986780509125,88.7774766499505,55,2.8624648964788557,0.5190550766960897,0.4876885624161919,5.514761390446524,4.543987727199393,0.1259970556342083,-0.0024022524225284,"[-1.1049621671412595, -0.28494529400472857]",1.1411113930677188,1,1.1411113930677188,54,173.05487047720067,moving,1478,[1450],[1450],1.0,[1450],[10.084196290590626],8.819901812362263,0,0.0,[1450],1.0,0,0.0,[10.084196290590626],[10.084196290590626]
396927,152,,54.81562298770535,88.5623366616795,56,2.888593235011256,0.5041837425829474,0.4817223071293972,5.729247080068294,4.423575221178753,0.153936326328338,0.0279392706941297,"[-2.178363792803772, -0.21513998827100522]",2.18896186087188,1,2.18896186087188,55,150.32329080969032,moving,1463,[],[],0.0,[],,,0,0.0,[],0.0,0,0.0,,
397196,152,,53.72506499763844,88.26755213179109,57,2.846721792261758,0.47881482000962,0.62176212181616,5.945350213271518,4.23133771156689,0.1655542063500051,0.011617880021667,"[-1.0905579900669125, -0.2947845298884033]",1.1296967065368964,1,1.1296967065368964,56,140.4442796558468,moving,1461,[1454],[],1.0,[1454],[123.30619154723762],,0,0.0,[1454],1.0,0,0.0,[123.30619154723762],[56.69380845276238]
288239,154,,124.26924867603029,48.552421097271335,4,1.9002850967940328,0.5636119243785848,1.577694967589657,3.371619752171157,2.900462645023136,,,"[0.0, 0.0]",0.0,0,0.0,0,0.0,moving,761,[],[],0.0,[],,,0,0.0,[],0.0,0,0.0,,
300100,154,,123.59444773312892,50.22033351510677,5,1.8548933329033728,0.5614091514485727,-1.5173660700916758,3.30399554071624,2.9511626475581485,,,"[-0.6748009429013564, 1.6679124178354385]",1.7992465495618486,1,1.7992465495618486,1,4.153644976901966,moving,779,[],[],0.0,[],,,0,0.0,[],0.0,0,0.0,,
295597,154,,122.6149582875135,52.23386673966586,6,1.9748015498672569,0.5083500380398588,1.8913104464834865,3.884727849105455,3.027212651360628,0.0683046322750178,,"[-0.9794894456154282, 2.0135332245590902]",2.2391327831272863,1,2.2391327831272863,2,14.77965851149782,moving,800,[],[],0.0,[],,3.123897940603002,0,0.0,[],0.0,0,0.0,,
286498,154,,121.84539087136964,54.06308922590307,7,1.9798021435595976,0.4910501570342122,2.1302195614268102,4.031771734922105,2.868775143438749,0.0545223045597926,-0.0137823277152251,"[-0.7695674161438575, 1.8292224862372066]",1.9845122605179744,1,1.9845122605179744,3,31.45611919223681,moving,833,[],[],0.0,[],,7.479150099017841,0,0.0,[],0.0,0,0.0,,
287838,154,,121.24335072148963,55.09352260081784,8,2.003503872486744,0.4678638830762699,1.9601740418661635,4.282236661042156,2.8201876410093765,0.1305357944787221,0.0760134899189294,"[-0.6020401498800112, 1.0304333749147645]",1.193417480266557,1,1.193417480266557,4,53.40564267565952,moving,849,[],[],0.0,[],,3.2401767338516634,0,0.0,[],0.0,0,0.0,,
287587,154,,120.54115896770912,56.46833848197132,9,1.952477867275279,0.4873758685113516,-1.0614646865946444,4.006102873412583,2.826525141326252,0.0565517523522255,-0.0739840421264965,"[-0.7021917537805251, 1.3748158811534879]",1.5437590375927233,1,1.5437590375927233,5,80.8702892511854,moving,873,[],[],0.0,[],,2.1631069176716835,0,0.0,[],0.0,0,0.0,,
286001,154,,120.02957915551826,57.57080980380147,10,1.904412711147228,0.5031530228254374,1.9854196200894352,3.784957308719061,2.82018764100938,0.0377533377860544,-0.0187984145661711,"[-0.5115798121908455, 1.1024713218301443]",1.215383445542651,1,1.215383445542651,6,113.67095185530852,moving,899,[938],[],1.0,[938],[92.00253313182688],29.117653697068025,0,0.0,[938],1.0,0,0.0,[92.00253313182688],[87.99746686817312]
287706,154,,119.17592492648151,58.1907898742941,11,1.960532502437237,0.4992442294006198,2.346610272008199,3.927000828414189,2.9004626450231386,0.5081989274693414,0.4704455896832869,"[-0.8536542290367493, 0.6199800704926375]",1.0550359380421042,1,1.0550359380421042,7,151.7374862206193,moving,909,[942],[],1.0,[942],[106.12547488188976],19.94896381498012,0,0.0,[942],1.0,0,0.0,[106.12547488188976],[73.87452511811024]
288119,154,,118.31308717457016,59.46704683415255,12,1.9023759320354447,0.5315672524065692,2.673672086493825,3.5788057360998096,2.989187649459367,0.3481751009326119,-0.1600238265367294,"[-0.8628377519113428, 1.2762569598584435]",1.5405586044388369,1,1.5405586044388369,8,194.9812358176482,moving,926,[928],[928],1.0,[928],[66.06565533083804],37.19976884702994,0,0.0,[928],1.0,0,0.0,[66.06565533083804],[66.06565533083804]
283542,154,,117.01456335839568,59.90755384125699,13,1.9184139401528009,0.5188925567276471,2.711848664390536,3.697131352685264,2.959612647980633,0.6492584473614922,0.3010833464288802,"[-1.2985238161744803, 0.44050700710444346]",1.3712076883099984,1,1.3712076883099984,9,243.2954868324439,moving,943,[933],[933],1.0,[933],[31.010692795019708],22.499244635987576,0,0.0,[933],1.0,0,0.0,[31.010692795019708],[31.010692795019708]
330153,154,,115.1057530533213,61.58083253038233,14,1.960653787700957,0.5041682508883291,-0.9304721911939308,3.8888878548903967,3.006087650304371,0.3926858981096528,-0.2565725492518393,"[-1.9088103050743968, 1.6732786891253397]",2.5383889284818486,1,2.5383889284818486,10,297.87361747696843,moving,958,[],[],0.0,[],,67.06659598975763,0,0.0,[],0.0,0,0.0,,
320271,154,,115.5583693233225,62.94904396628447,15,2.001141974663686,0.5074045943874594,1.944036005218788,3.943878310915713,3.031437651571884,1.1705329181260995,0.7778470200164467,"[0.45261627000120086, 1.3682114359021398]",1.441132895052776,1,1.441132895052776,11,357.4534555178754,moving,973,[997],[],1.0,[997],[59.9681551526772],32.8776871505925,0,0.0,[997],1.0,0,0.0,[59.9681551526772],[59.9681551526772]
310862,154,,114.8180284070948,65.79675281689471,16,2.0186981232820504,0.4674452944906233,1.87832403677896,4.3185761993429255,2.8539876426993867,0.5738238912184764,-0.5967090269076231,"[-0.7403409162277086, 2.847708850610239]",2.9423715554098147,1,2.9423715554098147,12,423.75143008076105,moving,1032,[],[],0.0,[],,5.3684822443309255,0,0.0,[],0.0,0,0.0,,
313529,154,,114.4103752006682,68.31241685470876,17,2.0041312416585155,0.4671157110478123,1.9976454677971052,4.290438523600376,2.780050139002503,0.0936976909984376,-0.4801262002200387,"[-0.40765320642658764, 2.515664037814048]",2.548479289274441,1,2.548479289274441,13,494.6732847090508,moving,1061,[],[],0.0,[],,17.07886938247422,0,0.0,[],0.0,0,0.0,,
318425,154,,113.04362593355948,71.07984106714284,18,1.940263610756856,0.474951217125232,2.1954549077492,4.0851850480578085,2.837087641854376,0.2980825032422353,0.2043848122437976,"[-1.3667492671087302, 2.7674242124340793]",3.086525608302746,1,3.086525608302746,14,570.103228487779,moving,1115,[1150],[1150],1.0,[1150],[30.051880948115127],26.033726989794346,0,0.0,[1150],1.0,0,0.0,[30.051880948115127],[30.051880948115127]
316209,154,,110.87968531166254,72.75129090006388,19,1.9004234193543184,0.5120145628808502,-0.7645789923481473,3.711658919741628,2.927925146396252,0.4543742525372161,0.1562917492949808,"[-2.163940621896927, 1.6714498329210414]",2.7342976354207376,1,2.7342976354207376,15,647.5749895991256,moving,1145,[],[],0.0,[],,24.87771103424691,0,0.0,[],0.0,0,0.0,,
312205,154,,109.53808915821044,73.05622096221231,20,1.9658700119074557,0.507041856369207,-0.2298298126751433,3.87713556033526,2.9659501482975066,0.4341979679073381,-0.0201762846298779,"[-1.341596153452116, 0.3049300621484292]",1.3758134254903018,1,1.3758134254903018,16,725.8663162345954,moving,1160,[1171],[1171],1.0,[1171],[143.91219770943874],17.973569934388834,0,0.0,[1171],1.0,0,0.0,[143.91219770943874],[36.08780229056126]
319472,154,,107.36860511476137,72.85998818062103,21,2.0099243991900027,0.4689940953785895,-0.1199205660090192,4.285607044940548,2.8392001419600006,0.3136979736925442,-0.1204999942147939,"[-2.1694840434490743, -0.19623278159127722]",2.1783407261838525,1,2.1783407261838525,17,810.2192752249481,moving,1150,[],[],0.0,[],,16.23287198738296,0,0.0,[],0.0,0,0.0,,
314690,154,,105.20858046696904,73.28237673729849,22,2.002752077126609,0.464234336499039,2.999363677027972,4.314097255774088,2.786387639319374,0.2833170632345904,-0.0303809104579538,"[-2.160024647792298, 0.4223885566774612]",2.2009358400194925,1,2.2009358400194925,18,901.5778531718548,moving,1168,[],[],0.0,[],,5.22619647986273,0,0.0,[],0.0,0,0.0,,
320419,154,,103.85509798877216,73.67792300827297,23,2.023352898194838,0.4813999255889749,2.7985307747127863,4.203060263707646,2.9342626467131363,0.0912143359297397,-0.1921027273048506,"[-1.3534824781968808, 0.3955462709744779]",1.410096334038134,1,1.410096334038134,19,1003.6102598997848,moving,1169,[1183],[],1.0,[1183],[83.77015736130927],6.677858752642911,0,0.0,[1183],1.0,0,0.0,[83.77015736130927],[83.77015736130927]
326203,154,,102.43166389695848,74.28121187834452,24,1.9458138359883612,0.4972828160095224,2.4535479534264044,3.912891765701193,2.9722876486143712,0.1165506222167365,0.0253362862869968,"[-1.4234340918136894, 0.6032888700715517]",1.5460019645814402,1,1.5460019645814402,20,1108.3375606816833,moving,1172,[1201],[],1.0,[1201],[73.1416012322617],32.73277613835836,0,0.0,[1201],1.0,0,0.0,[73.1416012322617],[73.1416012322617]
328851,154,,101.45931387078238,75.7066924713454,25,1.950966859972025,0.4825033922490994,-1.330904670438211,4.04342620448316,2.9448251472412545,0.571294716932592,0.4547440947158555,"[-0.9723500261761018, 1.4254805930008843]",1.725531655585263,1,1.725531655585263,21,1217.0877362340775,moving,1199,[1232],[1232],1.0,[1232],[37.91671400024744],21.94814880936538,0,0.0,[1232],1.0,0,0.0,[37.91671400024744],[37.91671400024744]
324302,154,,101.0913070836451,77.387396419103,26,1.9594137794527984,0.4847436687075096,-0.8888956925480795,4.042164768602873,2.9363751468187544,0.3830674614410991,-0.1882272554914928,"[-0.36800678713727564, 1.6807039477575927]",1.7205216521122473,1,1.7205216521122473,22,1327.407999370299,moving,1229,[1238],[1238],1.0,[1238],[32.12748466984813],18.25259956246022,0,0.0,[1238],1.0,0,0.0,[32.12748466984813],[32.12748466984813]
333513,154,,99.9871144218295,79.25424894000082,27,1.9807597308503535,0.4878210863208581,-1.2815118260354317,4.060422532755245,2.894125144706244,0.3185679594130072,-0.0644995020280919,"[-1.1041926618156026, 1.8668525208978224]",2.168958222094188,1,2.168958222094188,23,1440.8437886181082,moving,1264,[1302],[1302],1.0,[1302],[39.23103926140516],3.920434696162293,0,0.0,[1302],1.0,0,0.0,[39.23103926140516],[39.23103926140516]
343918,154,,98.28837435996806,81.72375145870846,28,2.004982859094143,0.4995731884893785,2.358139981094487,4.013391641686894,3.0124251506212403,0.0684244935574555,-0.2501434658555517,"[-1.698740061861443, 2.4695025187076425]",2.997358918727687,1,2.997358918727687,24,1555.8834053497098,moving,1303,[],[],0.0,[],,14.02226174870632,0,0.0,[],0.0,0,0.0,,
341241,154,,95.85865606723956,83.86992001740795,29,1.99293514555796,0.5117597469919044,2.43790176211083,3.894278823749469,3.0884751544237625,0.2447346360913867,0.1763101425339312,"[-2.4297182927285093, 2.146168558699486]",3.241846767564712,1,3.241846767564712,25,1668.6144076672213,moving,1333,[],[],0.0,[],,20.293891400942737,0,0.0,[],0.0,0,0.0,,
336522,154,,93.9557626894484,87.4110849102666,30,1.526318286160017,0.5154292307800288,-1.5233145982396252,2.9612567448884333,2.315300115765005,0.3541952229886219,0.1094605868972351,"[-1.9028933777911448, 3.541164892858646]",4.020056219215843,1,4.020056219215843,26,1779.2092664236316,moving,1404,[1352],[1352],1.0,[1352],[41.452599753523955],152.0219799226312,0,0.0,[],0.0,0,0.0,,
348607,154,,93.96550821423108,85.3728479309886,31,1.9380761579412096,0.5018066209193133,-0.9904396253235462,3.8621972631422055,2.8814501440725047,2.653284085050632,2.2990888620620096,"[0.009745524782672987, -2.038236979277997]",2.038260277528261,1,2.038260277528261,27,1882.1834407546,moving,1358,[1385],[],1.0,[1385],[63.62157936648757],145.86996545631317,0,0.0,[1385],1.0,0,0.0,[63.62157936648757],[63.62157936648757]
349158,154,,93.62951274984036,85.86348374910598,32,1.9589239537285517,0.4995773450524641,-1.1038400364255343,3.9211625049226986,2.908912645445632,2.545911176983077,-0.1073729080675547,"[-0.33599546439070593, 0.4906358181173829]",0.594656588385969,1,0.594656588385969,28,2006.9342991685244,moving,1376,[1399],[1399],1.0,[1399],[68.79339555831068],23.303401833838688,0,0.0,[1399],1.0,0,0.0,[68.79339555831068],[68.79339555831068]
351088,154,,93.38067814018744,87.13173618502148,33,2.0535699919467185,0.4861207548350559,1.5858076814591355,4.224403034681185,2.927925146396261,0.406721088915739,-2.139190088067338,"[-0.24883460965293125, 1.2682524359154996]",1.2924329399108974,1,1.2924329399108974,29,2145.994250182297,moving,1389,[],[],0.0,[],,13.464251844379094,0,0.0,[],0.0,0,0.0,,
347527,154,,93.47447271836138,89.40404339973374,34,1.9054417420555507,0.5142163179341603,-1.5481578410806651,3.705525623361337,2.8054001402700126,0.2349955260021448,-0.1717255629135942,"[0.09379457817394155, 2.2723072147122565]",2.2742421816790315,1,2.2742421816790315,30,2295.9953163176656,moving,1441,[],[],0.0,[],,11.670769611742596,0,0.0,[],0.0,0,0.0,,
354034,154,,93.19320183850952,91.12032875850188,35,1.9426169960466773,0.485027420493949,-1.5238371751016977,4.005169427469333,2.7230126361506213,0.2036933559666085,-0.0313021700355362,"[-0.28127087985185995, 1.7162853587681468]",1.7391804795864476,1,1.7391804795864476,31,2445.0822083237326,moving,1483,[1523],[1523],1.0,[1523],[53.130102354155966],10.857528568694832,0,0.0,[1523],1.0,0,0.0,[53.130102354155966],[53.130102354155966]
354791,154,,93.2084947256581,91.6853362591877,36,1.9629122879845624,0.468141712937424,1.506543568413,4.192987366299791,2.777937638896876,0.1894996221530721,-0.0141937338135364,"[0.015292887148575574, 0.5650075006858088]",0.5652144267696672,1,0.5652144267696672,32,2587.229868519845,moving,1490,[],[],0.0,[],,10.058645452731282,0,0.0,[],0.0,0,0.0,,
355355,154,,93.46508816577403,92.93435769231542,37,2.030285309666101,0.4713552350151386,1.1726552824737737,4.3073358665484935,2.892012644600629,0.1755564814409165,-0.0139431407121556,"[0.2565934401159353, 1.249021433127723]",1.27510577362153,1,1.27510577362153,33,2733.7391710781853,moving,1514,[],[],0.0,[],,9.42407085843776,0,0.0,[],0.0,0,0.0,,
358746,154,,94.10795555828808,94.60619310452071,38,1.995329438295585,0.4812284603579114,1.3113906249128269,4.14632467250912,2.8666626433331404,0.1644810654209839,-0.0110754160199325,"[0.6428673925140487, 1.6718354122053114]",1.7911761861585576,1,1.7911761861585576,34,2875.9405846922973,moving,1539,[],[],0.0,[],,29.142703461638856,0,0.0,[],0.0,0,0.0,,
358176,154,,93.82379720836715,96.6004088189489,39,1.9724077729888057,0.4917271529232256,-1.4574049268001277,4.011183359029925,3.0018626500931296,0.508636128337945,0.3441550629169611,"[-0.28415834992092925, 1.9942157144281794]",2.0143590254723907,1,2.0143590254723907,35,3027.6020148351336,moving,1570,[],[],0.0,[],,5.280807365880588,0,0.0,[],0.0,0,0.0,,
362529,154,,93.74216444069091,98.25252049380404,40,2.0036656606698986,0.5039093321704744,1.5327242408710515,3.976242416546576,2.92792514639624,0.0921674756981827,-0.4164686526397623,"[-0.08163276767623984, 1.6521116748551208]",1.6541272305814554,1,1.6541272305814554,36,3168.458105932876,moving,1600,[],[],0.0,[],,5.740707364427981,0,0.0,[],0.0,0,0.0,,
361572,154,,93.87911908493788,100.94492525302005,41,2.0264165819754094,0.48249004103408,1.1843589843488609,4.199913800567495,2.96172514808626,0.1001942449027509,0.0080267692045682,"[0.13695464424695558, 2.692404759216018]",2.695885747213682,1,2.695885747213682,37,3315.2476838606053,moving,1634,[],[],0.0,[],,36.07599167714128,0,0.0,[],0.0,0,0.0,,
369600,154,,95.83106804537486,103.356418441556,42,2.0670444145324818,0.4952300150934332,0.728615943385237,4.1739077833206455,3.04622515231126,0.6296448356881956,0.5294505907854447,"[1.9519489604369937, 2.4114931885359567]",3.102483544276484,1,3.102483544276484,38,3445.4530592775586,moving,1689,[],[],0.0,[],,13.71180386190262,0,0.0,[],0.0,0,0.0,,
370689,154,,97.43683144025944,104.57969331853508,43,2.023402360912433,0.5010596225270781,1.020889991287445,4.038246687504909,3.090587654529391,0.2393161237778647,-0.3903287119103308,"[1.6057633948845762, 1.2232748769790902]",2.0186325829628946,1,2.0186325829628946,39,3581.058340831872,moving,1708,[],[],0.0,[],,29.517002892152732,0,0.0,[],0.0,0,0.0,,
389092,154,,98.53532306523832,107.14479897491958,44,2.008899440165889,0.4981389242394318,0.9729114581496884,4.032809608751447,3.0420001521000013,0.515168885788746,0.2758527620108812,"[1.0984916249788768, 2.565105656384489]",2.790421272597461,1,2.790421272597461,40,3736.820938397917,moving,1767,[1806],[1806],1.0,[1806],[72.44783823983519],15.129874515885689,0,0.0,[1806],1.0,0,0.0,[72.44783823983519],[72.44783823983519]
370075,154,,98.98328509327318,107.71176041521667,45,2.0200624000189262,0.4974973972704755,0.9692382826481704,4.060448177421669,3.0546751527337515,0.2640661257157867,-0.2511027600729593,"[0.4479620280348655, 0.5669614402970922]",0.722575430903143,1,0.722575430903143,41,3868.6503362511344,moving,1776,[1822],[1822],1.0,[1822],[90.42006817294967],40.86403096263037,0,0.0,[1822],1.0,0,0.0,[90.42006817294967],[89.57993182705033]
379404,154,,98.94187998361473,108.64096125609748,46,2.0547615811558235,0.4880251645333605,1.2915845354050028,4.210359896339656,2.980737649036863,0.7132118859348087,0.4491457602190219,"[-0.041405109658455785, 0.9292008408807959]",0.930122887472084,1,0.930122887472084,42,4028.798209469614,moving,1784,[1849],[1849],1.0,[1849],[99.0247647170997],56.4781527494765,0,0.0,[1849],1.0,0,0.0,[99.0247647170997],[80.9752352829003]
381969,154,,99.42152342297058,108.99038043116629,47,2.056069019003327,0.4804888704827246,1.2015686225548343,4.2791189251432415,2.959612647980629,0.9857297209226344,0.2725178349878258,"[0.4796434393558542, 0.34941917506881737]",0.5934236166709965,1,0.5934236166709965,43,4173.33015151942,moving,1800,[],[],0.0,[],,,0,0.0,[],0.0,0,0.0,,
377202,154,,98.91452845602286,109.10501326134712,48,2.013456766534304,0.4948123448185353,1.406354613747539,4.069132040900693,3.0082001504100067,2.2896320201602487,1.303902299237614,"[-0.5069949669477154, 0.11463283018082393]",0.519792826292919,1,0.519792826292919,44,4309.478255223744,moving,1797,[],[],0.0,[],,,0,0.0,[],0.0,0,0.0,,
303922,155,,118.32765295056268,81.72438722659331,5,2.9227539319562883,0.5049498989227756,0.6528022301433565,5.788205796637418,4.624262731213133,,,"[0.0, 0.0]",0.0,0,0.0,0,0.0,moving,1264,[1318],[1318],1.0,[1318],[5.114248917815303],,0,0.0,[1318],1.0,0,0.0,[5.114248917815303],[5.114248917815303]
301433,155,,118.95993187304713,82.93857088077955,6,3.0186760634593037,0.5053116499323219,0.7112800249431797,5.973889705221727,4.605250230262511,,,"[0.6322789224844456, 1.2141836541862432]",1.3689479836396818,1,1.3689479836396818,1,1.5171428370293225,moving,1279,[],[],0.0,[],,,0,0.0,[],0.0,0,0.0,,
291461,155,,118.41213447434332,82.39597029919099,7,2.9338824470992075,0.5064250950241074,0.6615197701887446,5.793319635867464,4.567225228361265,2.831533345394781,,"[-0.5477973987037927, -0.5426005815885588]",0.7710365627951014,1,0.7710365627951014,2,4.298890491146119,moving,1288,[],[],0.0,[],,149.3228641254767,0,0.0,[1257],1.0,0,0.0,[14.432274344854562],[14.432274344854562]
292940,155,,118.96695456148085,82.53481476178692,8,2.943362523364703,0.4840694878104196,0.6162451043406613,6.080454557626317,4.436250221812502,2.6061756274976857,-0.2253577178970958,"[0.5548200871375144, 0.13884446259592664]",0.571929290983449,1,0.571929290983449,3,7.987399324869032,moving,1291,[],[],0.0,[],,157.2598307185164,0,0.0,[1267],1.0,0,0.0,[9.348977589287273],[9.348977589287273]
293418,155,,118.27905987134412,82.02039167106261,9,2.937990932208134,0.498229939979062,0.5070387192169707,5.896857447650781,4.491175224558765,2.744701827167028,0.1385261996693421,"[-0.6878946901367158, -0.514423090724307]",0.8589704424417857,1,0.8589704424417857,4,12.145453399216256,moving,1281,[1314],[1314],1.0,[1314],[28.864051414420913],100.1697441700802,0,0.0,[1269],1.0,0,0.0,[6.944696882827856],[6.944696882827856]
290779,155,,117.50797662197348,83.55885296620917,10,1.670029994168012,0.5050683126123094,1.4159956925847446,3.3065428031513187,2.6089376304468743,1.748291846648304,-0.996409980518724,"[-0.7710832493706334, 1.5384612951465613]",1.720881324822839,1,1.720881324822839,5,16.726331256946548,moving,1314,[1286],[],1.0,[1286],[49.50058530967435],162.56894563644255,0,0.0,[],0.0,0,0.0,,
293398,155,,117.78673101484117,81.83570699006944,11,2.9896670679951924,0.4742776569847422,0.5046989946676841,6.30362199012755,4.41512522075627,2.8373633628515824,1.0890715162032785,"[0.27875439286766834, -1.7231459761397332]",1.7455474976721703,1,1.7455474976721703,6,21.852397025592683,moving,1273,[],[],0.0,[],,70.53523882484086,0,0.0,[],0.0,0,0.0,,
293727,155,,117.320109652066,81.58072672745158,12,3.070916214586626,0.5032387014506111,0.7072220667751806,6.102305338867129,4.569337728466877,1.231072156173988,-1.6062912066775945,"[-0.4666213627751574, -0.2549802626178632]",0.5317428236683779,1,0.5317428236683779,7,27.826345959432217,moving,1265,[],[],0.0,[],,65.73546040488652,0,0.0,[],0.0,0,0.0,,
323489,155,,117.36075860051253,81.05116425483159,15,3.02295666945931,0.4947659922159794,0.6430454779627987,6.10987156962822,4.442587722129384,2.1079682247501537,0.6248005003677117,"[0.015166235972671416, 0.039363449044714116]",0.0421840708594435,1,0.0421840708594435,10,51.44026988198755,moving,1272,[],[],0.0,[],,144.5616277253932,0,0.0,[1267],1.0,0,0.0,[13.790120280131362],[13.790120280131362]
316180,155,,117.0196030024838,81.46022874937002,17,3.062164016794079,0.5005134489745386,0.6760444136913761,6.118045425288567,4.573562728678136,0.7543798909925828,-0.039333669262384,"[-0.191269724203039, 0.07872565132502984]",0.206837703461571,1,0.206837703461571,12,71.10954670951237,moving,1279,[],[],0.0,[],,95.22955035034336,0,0.0,[],0.0,0,0.0,,
320224,155,,115.5277974087494,79.96543578909491,18,2.950362033726393,0.4976337457521443,0.7531000935676444,5.928782079010927,4.62637523131876,1.1768603033642786,0.4224804123716957,"[-1.4918055937344121, -1.494792960275106]",2.1118451466869668,1,2.1118451466869668,13,81.91540160412848,moving,1265,[],[],0.0,[],,10.427371142363391,0,0.0,[],0.0,0,0.0,,
317244,155,,114.11919765530106,78.99262118110164,19,3.020523098085153,0.5015028714581082,0.538493589782032,6.022942778578816,4.755237737761884,0.1819919587616836,-0.994868344602595,"[-1.4085997534483283, -0.9728146079932714]",1.7118766097297415,1,1.7118766097297415,14,93.27852219107152,moving,1252,[],[],0.0,[],,9.639621269083282,0,0.0,[],0.0,0,0.0,,
312899,155,,113.25120360085369,78.58804746039702,20,3.064428676849337,0.5143175036072558,0.4174918589024654,5.958243021784074,4.666512733325635,0.1682431297907835,-0.0137488289709,"[-0.8679940544473936, -0.4045737207046187]",0.9576500269100418,1,0.9576500269100418,15,105.21882106733293,moving,1251,[1227],[],1.0,[1227],[11.770990225223073],20.991347106283488,0,0.0,[1227],1.0,0,0.0,[11.770990225223073],[11.770990225223073]
320138,155,,112.73841177050927,78.05737592028215,21,3.071102129419815,0.4927324850482673,0.5820340915810127,6.232798166573033,4.609475230473749,0.3663681214336647,0.1981249916428812,"[-0.5127918303443835, -0.5306715401148665]",0.7379483347469707,1,0.7379483347469707,16,117.98244527868926,moving,1226,[],[],0.0,[],,177.2956518226053,1,0.0,[],0.0,1,0.0,,
317566,155,,113.62697585222786,79.06830937407527,22,2.976697408985942,0.5334450582904933,0.8152392724029328,5.580138690430888,4.683412734170611,3.094392873773971,2.728024752340306,"[0.8885640817185703, 1.0109334537931147]",1.3459318613207882,1,1.3459318613207882,17,131.25801661322552,moving,1247,[],[],0.0,[],,25.024165907921716,0,0.0,[],0.0,0,0.0,,
321113,155,,113.71857932595393,79.38177554672609,23,2.9822965622799504,0.5048243324666803,0.95994919388903,5.907592741633129,4.677075233853766,0.4367540876585837,-2.6576387861153874,"[0.09160347372605315, 0.3134661726508199]",0.3265765420158547,1,0.3265765420158547,18,145.32013891318357,moving,1248,[],[],0.0,[],,159.08644284131276,1,0.0,[1310],1.0,1,1.0,[0.8166137261243307],[0.8166137261243307]
326501,155,,112.5031943817577,77.7807610204414,24,2.9749371532112705,0.504345759086953,0.9733168064037572,5.89860646116461,4.693975234698753,2.7765822228666344,2.3398281352080508,"[-1.2153849441962166, -1.6010145262846862]",2.010076634348407,1,2.010076634348407,19,159.74918209359146,moving,1215,[],[],0.0,[],,8.60884274592643,0,0.0,[],0.0,0,0.0,,
328822,155,,111.64457640793704,76.20558680073191,25,3.067439946577146,0.5006871156458534,1.3214428223483503,6.126460719126654,4.620037731001889,0.1502526507028488,-2.626329572163786,"[-0.8586179738206425, -1.5751742197094956]",1.7939895895476328,1,1.7939895895476328,20,173.9600808714198,moving,1193,[1168],[1168],1.0,[1168],[87.07338827891851],7.098016724808076,0,0.0,[1168],1.0,0,0.0,[87.07338827891851],[87.07338827891851]
323845,155,,110.12589691371304,74.09154078171778,26,1.4995000408128956,0.4974064040127804,0.956355025086328,3.0146375855152185,2.315300115765015,0.123883762209535,-0.0263688884933137,"[-1.5186794942240027, -2.1140460190141255]",2.6029940408471828,1,2.6029940408471828,21,187.9045453426322,moving,1177,[1164],[1164],1.0,[1164],[115.5817834268806],8.24477901955063,0,0.0,[1164],1.0,0,0.0,[115.5817834268806],[64.4182165731194]
333418,155,,109.75256254145732,73.37277322348726,27,1.4784271903497042,0.518788746034837,0.9407093872517148,2.8497672735761825,2.2962876148143767,0.1438985399904759,0.0200147777809408,"[-0.37333437225574073, -0.7187675582305246]",0.8099415758388123,1,0.8099415758388123,22,200.89860805588896,moving,1165,[1143],[],1.0,[1143],[86.91032838874796],58.89674223453169,0,0.0,[1143],1.0,0,0.0,[86.91032838874796],[86.91032838874796]
342770,155,,109.22735229875651,73.33921914060367,28,1.5101840973223324,0.5323678584896767,0.7503754921884334,2.8367304172094694,2.363887618194376,1.0279420706909457,0.8840435307004697,"[-0.5252102427007799, -0.03355408288358319]",0.5262809853262518,1,0.5262809853262518,23,214.52347628416612,moving,1162,[1136],[],1.0,[1136],[68.54003926951431],69.64974519061435,0,0.0,[1136],1.0,0,0.0,[68.54003926951431],[68.54003926951431]
339676,155,,108.76965219610284,71.81311913465996,29,1.527493881640242,0.5082067875298583,0.9872079718959416,3.0056542319409663,2.35543761777188,1.2156173767512852,0.1876753060603395,"[-0.4577001026537033, -1.526100005943718]",1.5932578611482282,1,1.5932578611482282,24,229.12376019936,moving,1133,[1170],[],1.0,[1170],[19.599954405335865],163.5696863860121,1,1.0,[1103],1.0,0,0.0,[100.0874168030569],[79.9125831969431]
335774,155,,109.15259438007551,72.39998948713969,30,2.998518790544431,0.4941527976727232,1.1069886310441088,6.067999219404089,4.571450228572494,2.854829583890456,1.6392122071391708,"[0.38294218397268764, 0.5868703524797354]",0.7007578232780999,1,0.7007578232780999,25,243.84034505298771,moving,1130,[],[],0.0,[],,5.536849411378337,0,0.0,[],0.0,0,0.0,,
346872,155,,109.76448730361489,73.57101833943437,31,1.4990126965011663,0.52270482639697,1.2624226175182895,2.8677996084978488,2.3258626162931257,0.0966362524156907,-2.7581933314747653,"[0.611892923539358, 1.1710288522946826]",1.3212575535391062,1,1.3212575535391062,26,260.34109022245025,moving,1166,[1121],[],1.0,[1121],[5.452335546152398],174.27153535557972,1,1.0,[1096],1.0,0,0.0,[87.28931157680762],[87.28931157680762]
347206,155,,109.58306543069176,73.11879999309765,32,1.564404857655842,0.5199039472380742,1.5164768387771697,3.009026698040187,2.30262511513126,3.0416120844605574,2.9449758320448667,"[-0.18142187292311007, -0.4522183463367213]",0.4872528386150745,1,0.4872528386150745,27,279.2705980159762,moving,1158,[1115],[1115],1.0,[1115],[3.5646389721156737],16.95683029352849,0,0.0,[],0.0,0,0.0,,
348375,155,,109.43666348716496,71.41212393850884,33,3.1383049640067373,0.5044493791407655,1.495578635583602,6.221248541037455,4.76157523807874,0.2959525193239612,-2.745659565136596,"[-0.14640194352679714, -1.7066760545888116]",1.71294386492239,1,1.71294386492239,28,298.356908597902,moving,1103,[],[],0.0,[],,13.046744189411816,0,0.0,[],0.0,0,0.0,,
344363,155,,109.66008116424432,69.85086732820886,34,1.587020894065046,0.507132287397766,-1.1721487653250278,3.1294021964337606,2.401912620095629,0.2277086427706837,-0.0682438765532775,"[0.2234176770793681, -1.5612566102999779]",1.5771612668452513,1,1.5771612668452513,29,317.38730398509847,moving,1102,[1144],[],1.0,[1144],[5.0098750585544565],85.81173638362036,0,0.0,[],0.0,0,0.0,,
349656,155,,109.09359784073465,69.72702181295573,35,1.568878242134592,0.5137659016293963,2.006339754101213,3.053683082429044,2.420925121046253,1.4976973367476012,1.2699886939769174,"[-0.5664833235096864, -0.12384551525313725]",0.5798629730056016,1,0.5798629730056016,30,337.492613966183,moving,1110,[],[],0.0,[],,67.39042062801339,0,0.0,[],0.0,0,0.0,,
351514,155,,108.86671029745362,68.47574868160852,36,1.5490326821483584,0.5129715249517582,1.5846807435954204,3.019724500875629,2.323750116187508,1.1761847242627437,-0.3215126124848577,"[-0.22688754328102334, -1.2512731313472045]",1.2716770055826034,1,1.2716770055826034,31,359.5977136281479,moving,1090,[1074],[1074],1.0,[1074],[64.70797884297873],6.717461050214445,0,0.0,[1074],1.0,0,0.0,[64.70797884297873],[64.70797884297873]
348837,155,,108.48712470531552,67.23379034064517,37,1.525749984528812,0.4975164151433677,1.2979381558965124,3.0667329520959457,2.2540376127018757,0.1172418127007277,-1.0589429115620157,"[-0.37958559213811327, -1.2419583409633503]",1.2986707598337923,1,1.2986707598337923,32,381.3679354540228,moving,1084,[1125],[],1.0,[1125],[8.094448482272014],167.54000403539538,0,0.0,[1065],1.0,0,0.0,[93.71796410330316],[86.28203589669684]
356769,155,,108.55167807282832,68.04766647821633,38,2.9903953284615112,0.5081199977898049,0.7128001711901282,5.885214794672487,4.658062732903126,2.924124699222225,2.806882886521497,"[0.06455336751280072, 0.8138761375711567]",0.8164321800155768,1,0.8164321800155768,33,403.07402651238914,moving,1092,[],[],0.0,[],,133.96459544640462,0,0.0,[1069],1.0,0,0.0,[127.21485985670384],[52.78514014329616]
354478,155,,106.72726194446192,66.5474939973179,39,1.5755272137809588,0.4862630848196008,0.6024615018929497,3.240071605200023,2.296287614814382,2.338123271641966,-0.5860014275802583,"[-1.8244161283663942, -1.5001724808984278]",2.361993158730221,1,2.361993158730221,34,427.2254107737476,moving,1093,[1076],[],1.0,[1076],[25.832367776336525],25.05630282346208,0,0.0,[1076],1.0,0,0.0,[25.832367776336525],[25.832367776336525]
360962,155,,105.69680256287408,66.28342846695593,41,3.0101326462237328,0.4911781032163951,0.1721010161782917,6.12839340050462,4.425687721284388,0.413390992955239,0.0892281650387039,"[-0.29862622338703204, 0.014757302657145033]",0.2989906340943076,1,0.2989906340943076,36,464.81743321649066,moving,1084,[],[],0.0,[],,7.422300880046119,0,0.0,[],0.0,0,0.0,,
365551,155,,104.42846726698788,66.12879704880069,42,2.982076241698893,0.4507816178020714,0.0966095441795088,6.615345710499356,4.343300217165011,0.1706952497951281,-0.2426957431601109,"[-1.2683352958861889, -0.1546314181552333]",1.2777266132750795,1,1.2777266132750795,37,481.0544722654801,moving,1079,[],[],0.0,[],,1.2933375019044635,0,0.0,[],0.0,0,0.0,,
366857,155,,103.27274743979044,66.01430298890811,43,3.163176684709033,0.4441039281044797,0.0775291557516481,7.122604607912555,4.313725215686271,0.0225729977477513,-0.1481222520473768,"[-1.15571982719743, -0.11449405989257855]",1.1613772895695622,1,1.1613772895695622,38,497.3088053033592,moving,1078,[],[],0.0,[],,0.9056079493129946,0,0.0,[],0.0,0,0.0,,
373432,155,,102.38326439624517,65.9119638340035,46,3.079727939017975,0.4689717211004058,0.1710071565173833,6.566980055410659,4.432025221601244,0.7350421551662043,-0.1608307189903275,"[-0.12377104953729656, -0.028489253649894408]",0.1270075205532804,1,0.1270075205532804,41,550.0051125106862,moving,1087,[],[],0.0,[],,10.79934266380671,0,0.0,[],0.0,0,0.0,,
372451,155,,101.71533278980728,65.70312509937455,48,3.11457402057145,0.4881492753953361,0.1897823694633031,6.380372106563219,4.563000228150006,0.7048197836072277,0.6053995700176021,"[-0.022697179801497214, 0.009043522659496261]",0.024432504436392,1,0.024432504436392,43,570.8274606234075,moving,1072,[],[],0.0,[],,22.67296811423958,0,0.0,[],0.0,0,0.0,,
380555,155,,100.10055931044576,65.85321700551134,49,1.5722637606747858,0.4883740565752414,-0.0718812095429969,3.2193842803616546,2.342762617138124,0.2864801436352288,-0.4183396399719989,"[-1.6147734793615314, 0.1500919061367938]",1.6217339393183834,1,1.6217339393183834,44,578.3936160442704,moving,1079,[1073],[1073],1.0,[1073],[31.645259587160538],27.849575468914423,0,0.0,[1073],1.0,0,0.0,[31.645259587160538],[31.645259587160538]
379367,155,,98.77335055193994,66.72039252347429,50,1.597658312317318,0.5136729183193488,2.688790540033962,3.11026385728994,2.387125119356237,0.4860667872152061,0.1995866435799773,"[-1.3272087585058046, 0.8671755179629486]",1.585394735581277,1,1.585394735581277,45,582.4944115146692,moving,1089,[],[],0.0,[],,27.259937604370297,0,0.0,[],0.0,0,0.0,,
372344,155,,98.18821631904866,67.75124653156455,51,1.5518664390978176,0.5301006144983857,-0.798368336461841,2.9274941334793403,2.3871251193562624,0.4757756650844724,-0.0102911221307336,"[-0.5851342328912779, 1.0308540080902588]",1.1853446994427468,1,1.1853446994427468,46,585.6513531840994,moving,1105,[],[],0.0,[],,8.420495449645417,0,0.0,[],0.0,0,0.0,,
383773,155,,97.5872624514608,69.30384007181912,52,1.5838649998504366,0.5080360903783959,2.06475589776714,3.1176229993242037,2.391350119567511,0.1469653702455129,-0.3288102948389595,"[-0.6009538675878616, 1.552593540254577]",1.6648400079914736,1,1.6648400079914736,47,590.9237877522355,moving,1127,[],[],0.0,[],,11.407696646725688,0,0.0,[],0.0,0,0.0,,
380965,155,,96.6640806289167,70.7491932647128,53,1.6096932594926492,0.4861974090556314,-1.0134154822770969,3.3107812372329315,2.2688251134412645,0.1991018665540796,0.0521364963085667,"[-0.9231818225441089, 1.445353192893677]",1.7150249355865963,1,1.7150249355865963,48,598.3633942805216,moving,1165,[],[],0.0,[],,13.679568333557793,0,0.0,[],0.0,0,0.0,,
389135,155,,95.84266303862904,71.53561423818385,54,1.5790805979280746,0.4918831691908971,2.1574533242658287,3.2102757256881103,2.279387613969376,0.2387535076721374,0.0396516411180577,"[-0.8214175902876519, 0.7864209734710528]",1.1371828371678545,1,1.1371828371678545,49,602.9885340127487,moving,1170,[],[],0.0,[],,6.964295406446369,0,0.0,[],0.0,0,0.0,,
391148,155,,95.02076723701848,72.54039630463876,55,1.6093483934827622,0.462111172232418,-0.9504342760113806,3.4826000542426683,2.262487613124384,0.1215498849240058,-0.1172036227481315,"[-0.821895801610566, 1.0047820664549079]",1.2981139047766457,1,1.2981139047766457,50,599.483145441873,moving,1196,[1167],[1167],1.0,[1167],[6.220381972670182],173.90238964624203,1,1.0,[1207],1.0,1,1.0,[3.112487722885426],[3.112487722885426]
395861,155,,95.25760448636298,72.3066818265096,56,1.5613639325066853,0.4875916015808945,-0.8423928323467355,3.2021961154465157,2.2413626120681283,3.0351692764130203,2.9136193914890143,"[0.23683724934450368, -0.23371447812915846]",0.3327376443449937,1,0.3327376443449937,51,591.4758274659495,moving,1189,[1163],[1163],1.0,[1163],[17.855247395418132],18.886245190509733,0,0.0,[],0.0,0,0.0,,
396096,155,,97.09781492744293,71.4197219347442,57,1.5536380719681882,0.4771508471558181,2.454129551574651,3.2560731710507325,2.264600113230013,0.3296271619133386,-2.7055421144996816,"[1.8402104410799467, -0.8869598917654002]",2.042809907225864,1,2.042809907225864,52,566.9094526473867,moving,1187,[1167],[],1.0,[1167],[13.045991107757501],11.344979670900075,0,0.0,[],0.0,0,0.0,,
396948,155,,97.93665045836252,70.78581022735476,58,1.5866541623059425,0.4727453957741726,2.418367095391958,3.35625513540459,2.2646001132299984,0.198007248829029,-0.1316199130843095,"[0.8388355309195958, -0.6339117073894442]",1.0514224178219524,1,1.0514224178219524,53,562.7067813065852,moving,1187,[1149],[1149],1.0,[1149],[16.11212256407451],,0,0.0,[1138],1.0,0,0.0,[31.518755735064964],[31.518755735064964]
398091,155,,98.15177964982612,70.40904917150229,59,1.5842635617168308,0.5074221814230787,2.3734491661537778,3.1221803455137147,2.420925121046252,0.4048341501114212,0.2068269012823922,"[0.2151291914635891, -0.37676105585246944]",0.43385419466319,1,0.43385419466319,54,535.1027387483651,moving,1185,[],[],0.0,[],,,0,0.0,[],0.0,0,0.0,,
304364,156,,30.65596894010257,87.90680519191139,5,2.2521389386384616,0.5192310471361136,1.0138125717420572,4.337450449198728,3.5511126775556345,,,"[0.0, 0.0]",0.0,0,0.0,0,0.0,moving,1364,[],[],0.0,[],,,0,0.0,[],0.0,0,0.0,,
302218,156,,31.45812812175155,89.38532426019319,6,2.2156900608879284,0.5407814706703512,0.7608587658191972,4.0972004054454105,3.5806876790343773,,,"[0.8021591816489746, 1.4785190682817984]",1.682105225001287,1,1.682105225001287,1,1.0158537108685852,moving,1388,[],[],0.0,[],,,0,0.0,[],0.0,0,0.0,,
293562,156,,32.752217151742094,90.72951345786092,7,2.2645607186611327,0.5243036698294962,0.6653827182273847,4.31917769981959,3.587025179351256,0.2693111956786095,,"[1.2940890299905448, 1.3441891976677312]",1.865880761642739,1,1.865880761642739,2,3.384975053060986,moving,1424,[1453],[1453],1.0,[1453],[107.54527005654306],13.234439514777176,0,0.0,[1453],1.0,0,0.0,[107.54527005654306],[72.45472994345694]
294994,156,,33.36164655778909,91.12306919800562,8,2.322870509042316,0.5140406531652438,0.621077832772292,4.518845921502641,3.614487680724389,0.2309845441889025,-0.038326651489707,"[0.6094294060469991, 0.3935557401447056]",0.7254586973464755,1,0.7254586973464755,3,6.607952077276814,moving,1432,[1464],[1464],1.0,[1464],[116.74258960546116],17.89862925456662,0,0.0,[1464],1.0,0,0.0,[116.74258960546116],[63.25741039453884]
295092,156,,33.749701838768566,91.59806049890923,9,2.247910124291385,0.5083057294187356,0.5385353134610241,4.422358423663538,3.5384376769218773,0.3123900120859803,0.0814054678970778,"[0.3880552809794722, 0.47499130090362485]",0.6133544138833396,1,0.6133544138833396,4,10.806768291836802,moving,1436,[1456],[],1.0,[1456],[95.42059528376237],4.9474254256054415,0,0.0,[1456],1.0,0,0.0,[95.42059528376237],[84.57940471623763]
292048,156,,34.28461367158068,92.38219767118922,10,2.262327579283744,0.513020256674907,0.776534745302486,4.40982115198883,3.5828001791400066,0.0863488631736722,-0.2260411489123081,"[0.5349118328121136, 0.7841371722799693]",0.9492111323797466,1,0.9492111323797466,5,15.806083508716158,moving,1447,[1493],[1493],1.0,[1493],[81.11054443576374],14.20038927059459,0,0.0,[1493],1.0,0,0.0,[81.11054443576374],[81.11054443576374]
296407,156,,34.726042032810746,93.58845113489578,12,2.2608751120409587,0.5060070541198098,0.7334498317237668,4.46807034335462,3.506750175337503,0.1968732537572741,-0.0142406764055276,"[0.04570005534439048, 0.23677081330366434]",0.2411408573654805,1,0.2411408573654805,7,27.794096246264957,moving,1459,[1461],[],1.0,[1461],[80.01599667066158],15.89189514889942,0,0.0,[1461],1.0,0,0.0,[80.01599667066158],[80.01599667066158]
289584,156,,34.751424777396466,93.93342238098144,13,2.317570809257158,0.4872648159622747,0.9316558153222082,4.756285972916604,3.4518251725912608,0.1172222586466916,-0.0796509951105825,"[0.025382744585719763, 0.3449712460856489]",0.34590380794173,1,0.34590380794173,8,35.190693253620715,moving,1472,[],[],0.0,[],,54.0225502615262,0,0.0,[],0.0,0,0.0,,
331706,156,,35.039297183191906,94.11169701003232,14,2.303980454892389,0.5099218833346995,0.7679064410930605,4.518300802909681,3.5849126792456247,0.9428713723876816,0.8256491137409898,"[0.28787240579544005, 0.17827462905090385]",0.3386035519330709,1,0.3386035519330709,9,43.47982675702245,moving,1487,[],[],0.0,[],,9.111458049037756,0,0.0,[],0.0,0,0.0,,
315477,156,,35.313627166009205,94.22621434480838,16,2.249212316716366,0.5331439737875937,0.8011492443244241,4.218770964880979,3.6356126817806262,2.430214834862908,1.9654490525130257,"[0.04232699052658262, -0.26257406802352534]",0.2659637481414719,1,0.2659637481414719,11,61.62672722728383,moving,1487,[1505],[1505],1.0,[1505],[80.0660679608632],41.63877787244894,0,0.0,[1505],1.0,0,0.0,[80.0660679608632],[80.0660679608632]
323293,156,,35.62355342052029,94.11961320659418,21,2.292109537538049,0.5233516479693656,0.9996376703972976,4.379673870200974,3.646175182308759,0.7881597143962501,-1.5015315652453496,"[-0.05659378191462139, -0.2711334279801463]",0.2769768797565329,1,0.2769768797565329,16,119.15245597387668,moving,1485,[1434],[1434],1.0,[1434],[16.10514208414888],90.430100916184,0,0.0,[1508],1.0,0,0.0,[68.00887008282288],[68.00887008282288]
323426,156,,35.24434739004878,93.04346404948546,23,2.3207593775910085,0.5248118206202402,0.4652637710416432,4.422079088935644,3.66096268304814,0.4738569900943155,0.3791525362361137,"[-0.06696024477179918, -0.06845814637793524]",0.0957611204268311,1,0.0957611204268311,18,145.24389578751772,moving,1484,[1433],[],1.0,[1433],[21.101862081400895],51.36001274063978,0,0.0,[],0.0,0,0.0,,
328952,156,,34.53905011891542,92.79745459179004,24,2.3680801731635746,0.5137196249528644,0.2753419190144477,4.609674340124449,3.688425184421247,0.460851384585927,-0.0130056055083884,"[-0.7052972711333609, -0.24600945769543614]",0.7469704772906144,1,0.7469704772906144,19,158.92702607509096,moving,1482,[],[],0.0,[],,88.72392281002998,0,0.0,[],0.0,0,0.0,,
330229,156,,34.67391283663108,92.38122398297196,25,2.292995148613149,0.5207156738248839,0.5155524778106724,4.403545473809342,3.635612681780624,1.5485245783203143,1.0876731937343875,"[0.13486271771566294, -0.4162306088180685]",0.4375338528008027,1,0.4375338528008027,20,172.76967113370455,moving,1477,[1463],[],1.0,[1463],[21.70269669782988],49.341929878341354,0,0.0,[],0.0,0,0.0,,
327233,156,,34.305663549127466,91.77767681450644,26,2.361142830769603,0.5079024822783345,0.478294379374323,4.648811362720765,3.6313876815693895,0.8611791356652421,-0.6873454426550725,"[-0.3682492875036161, -0.6035471684655107]",0.7070196053219857,1,0.7070196053219857,21,186.75306876690345,moving,1467,[1466],[1466],1.0,[1466],[141.3057482318398],28.215935859153323,0,0.0,[],0.0,0,0.0,,
333712,156,,34.28517178488483,91.4080494477053,27,2.3299812190453224,0.5098417288116461,0.3703458766922056,4.570008862311271,3.635612681780634,0.4924609822737733,-0.3687181533914687,"[-0.020491764242635213, -0.36962736680115427]",0.3701949522753258,1,0.3701949522753258,22,200.8469329614508,moving,1472,[],[],0.0,[],,88.37791322417567,0,0.0,[],0.0,0,0.0,,
345188,156,,35.086383629096574,91.34083658584342,28,2.2943533409759107,0.5336350323922671,3.1170863533538284,4.29948035962033,3.633500181675017,1.5424855718037007,1.0500245895299274,"[0.8012118442117426, -0.0672128618618757]",0.8040261115814867,1,0.8040261115814867,23,214.5580158052523,moving,1471,[],[],0.0,[],,9.71311577072184,0,0.0,[],0.0,0,0.0,,
342263,156,,36.18902998356915,91.05550091026409,29,2.3931186355363345,0.4923131024558204,2.898755886596875,4.860968809480528,3.608150180407511,0.1695258508264827,-1.372959720977218,"[1.1026463544725758, -0.2853356755793328]",1.1389668260269812,1,1.1389668260269812,24,230.0322507177881,moving,1463,[1407],[1407],1.0,[1407],[61.927513064147035],3.308601761829019,0,0.0,[],0.0,0,0.0,,
336809,156,,37.32706503574128,90.68974585698672,30,2.346121808306218,0.498834961101318,2.6595214359750985,4.703202444204185,3.5701251785062533,0.0577459943811862,-0.1117798564452964,"[1.1380350521721283, -0.36575505327735414]",1.1953662781634502,1,1.1953662781634502,25,246.87358231149787,moving,1459,[],[],0.0,[],,18.941249310936612,0,0.0,[],0.0,0,0.0,,
349338,156,,38.659991399531,89.69410445786163,31,2.2794683317082955,0.5026320873636788,2.4769575726539745,4.535063297817255,3.496187674809386,0.3305871649169715,0.2728411705357853,"[1.332926363789717, -0.9956413991251054]",1.6637290906086468,1,1.6637290906086468,26,264.21949997692747,moving,1436,[1391],[1391],1.0,[1391],[96.16234912347495],78.21925353170516,0,0.0,[1391],1.0,0,0.0,[96.16234912347495],[83.83765087652505]
349684,156,,38.418264012665,89.17518596431847,32,2.3333814752715383,0.4904006847460039,2.2841402711418817,4.758112188363032,3.5067501753375128,1.3651835125804372,1.0345963476634656,"[-0.24172738686599615, -0.5189184935431541]",0.5724583238124497,1,0.5724583238124497,27,280.3540497927399,moving,1433,[1396],[],1.0,[1396],[91.07866337383335],40.790974538009976,0,0.0,[1396],1.0,0,0.0,[91.07866337383335],[88.92133662616665]
351262,156,,38.54727622223426,88.7196760445638,33,2.3219031886127963,0.5019559411413487,1.981815961481486,4.625711139773038,3.540550177027497,0.7119368107854359,-0.6532467017950013,"[0.12901220956926096, -0.45550991975467525]",0.4734273304456066,1,0.4734273304456066,28,297.1739582151761,moving,1412,[1396],[1396],1.0,[1396],[36.6692127239326],4.282554521965473,0,0.0,[1396],1.0,0,0.0,[36.6692127239326],[36.6692127239326]
347162,156,,38.993203962526295,87.50086090651797,34,2.305740903638162,0.5098403578977941,1.8745304943765373,4.522476237748887,3.606037680301876,0.0747446768044693,-0.6371921339809666,"[0.44592774029203497, -1.2188151380458265]",1.2978296846241528,1,1.2978296846241528,29,314.2659564815097,moving,1396,[1374],[1374],1.0,[1374],[57.371546129189866],76.35237938067897,0,0.0,[1374],1.0,0,0.0,[57.371546129189866],[57.371546129189866]
353424,156,,38.596509921301,87.23586179928098,35,2.360992796332378,0.4940488833827932,-1.3926353229357944,4.778864755581404,3.616600180830014,1.3326004119246768,1.2578557351202075,"[-0.3966940412252953, -0.2649991072369886]",0.4770646593283318,1,0.4770646593283318,30,330.3016522476552,moving,1404,[1481],[],1.0,[1481],[34.76016839679951],45.83151195537428,0,0.0,[],0.0,0,0.0,,
354202,156,,38.0107096271434,87.36131647535771,36,2.423104933168294,0.5050851958960055,-1.3611570566693676,4.797418243212971,3.5870251793512526,0.7999107847884257,-0.5326896271362511,"[-0.5858002941576004, 0.12545467607672833]",0.5990833501146965,1,0.5990833501146965,31,346.8675297350715,moving,1406,[1483],[1483],1.0,[1483],[25.662830015547826],85.67171788526463,0,0.0,[],0.0,0,0.0,,
354661,156,,38.06769336984227,87.77950296033131,37,2.389099947698563,0.5173460127103383,1.9679054692567084,4.617992386144509,3.677862683893135,1.4952535529375814,0.6953427681491557,"[0.05698374269886841, 0.418186484973603]",0.4220510432951781,1,0.4220510432951781,32,364.0978838497593,moving,1417,[],[],0.0,[],,156.21181410121633,1,0.0,[],0.0,0,0.0,,
358408,156,,38.43692392687797,86.49426692481056,38,2.3745389524474625,0.5047970506426818,-1.3205620588969311,4.703947753704822,3.660962683048131,2.726410486579527,1.2311569336419457,"[0.3692305570357064, -1.2852360355207537]",1.3372220725257276,1,1.3372220725257276,33,381.920349732408,moving,1402,[1388],[],1.0,[1388],[53.35567512379002],22.79285043578595,0,0.0,[1388],1.0,0,0.0,[53.35567512379002],[53.35567512379002]
357203,156,,38.3169507765444,85.48277017414885,39,2.3474158961988136,0.4894925684547058,1.53044725586065,4.795610898873181,3.494075174703765,0.3978102860191009,-2.328600200560426,"[-0.11997315033357125, -1.0114967506617063]",1.0185868806342204,1,1.0185868806342204,34,399.7156274181963,moving,1382,[],[],0.0,[],,8.1921738134946,0,0.0,[],0.0,0,0.0,,
362081,156,,38.34328416287159,84.42637544796615,40,2.281568181354562,0.494249778370231,1.5411275061268823,4.616224996352942,3.5468876773443987,0.1429804059411461,-0.2548298800779548,"[0.02633338632718818, -1.0563947261827025]",1.0567228892865357,1,1.0567228892865357,35,417.1615326510672,moving,1369,[],[],0.0,[],,9.730616985937084,0,0.0,[],0.0,0,0.0,,
361261,156,,38.15093279456532,83.10828416725113,41,2.334521551030893,0.5044550620280419,1.4934873009977208,4.627808751973868,3.5384376769218795,0.1698313046550888,0.0268508987139427,"[-0.19235136830626942, -1.3180912807150236]",1.3320524288428983,1,1.3320524288428983,36,434.1863558072824,moving,1342,[],[],0.0,[],,0.3598024829026246,0,0.0,[],0.0,0,0.0,,
366478,156,,38.00175075669446,82.03906334254552,42,2.390478333048223,0.5044968255101298,1.5356132932479716,4.738341674659804,3.641950182097502,0.0062797379835014,-0.1635515666715874,"[-0.14918203787085815, -1.06922082470561]",1.0795779047421483,1,1.0795779047421483,37,451.65899298678727,moving,1313,[1278],[1278],1.0,[1278],[56.1324246028302],0.4031576024161437,0,0.0,[1278],1.0,0,0.0,[56.1324246028302],[56.1324246028302]
367810,156,,37.82425501791306,80.69803141752678,43,2.3548180182233205,0.4917339889908844,1.3394642598541675,4.788804660535624,3.544775177238757,0.0070364275666079,0.0007566895831065,"[-0.17749573878140268, -1.34103192501874]",1.352727378744521,1,1.352727378744521,38,469.6362167822485,moving,1299,[],[],0.0,[],,6.126306467162252,0,0.0,[],0.0,0,0.0,,
387665,156,,37.78129268529371,78.95679657972609,44,2.3683716737744938,0.478658631664402,1.2381364493669955,4.9479347432618965,3.5637876781893865,0.1069242188382031,0.0998877912715952,"[-0.04296233261935356, -1.7412348378006897]",1.7417647724061047,1,1.7417647724061047,39,484.5167104042361,moving,1281,[],[],0.0,[],,5.9622096852766315,0,0.0,[],0.0,0,0.0,,
367589,156,,37.6788791096127,78.16561891320353,45,2.411284481297605,0.4987564705953367,1.371939601943341,4.834592879405443,3.612375180618748,0.1040601897023721,-0.002864029135831,"[-0.1024135756810054, -0.7911776665225574]",0.7977785660744766,1,0.7977785660744766,40,497.7214055899461,moving,1272,[1247],[1247],1.0,[1247],[59.65601260312647],9.96811608933795,0,0.0,[1247],1.0,0,0.0,[59.65601260312647],[59.65601260312647]
375577,156,,37.72951157126,77.04737825469275,46,2.387891236356888,0.5127859556904207,1.3423276485174398,4.656701709277128,3.644062682203128,0.1739764459799684,0.0699162562775963,"[0.05063246164729662, -1.1182406585107856]",1.11938635712568,1,1.11938635712568,41,510.7090391398192,moving,1245,[1228],[1228],1.0,[1228],[61.88137589977292],27.616059850791988,0,0.0,[1228],1.0,0,0.0,[61.88137589977292],[61.88137589977292]
377778,156,,38.00644420836687,76.57172393881038,47,2.3564020436958515,0.484701708079439,1.6969124177986774,4.86155093827244,3.5616751780837625,0.4819911708241229,0.3080147248441544,"[0.2769326371068672, -0.47565431588236606]",0.5503986861471287,1,0.5503986861471287,42,524.6366639774456,moving,1242,[1217],[1217],1.0,[1217],[85.6210313922476],12.626978388163216,0,0.0,[1217],1.0,0,0.0,[85.6210313922476],[85.6210313922476]
373709,156,,38.190207699624175,75.99178146968856,48,2.3576468004406825,0.4819917242139522,1.816009084887636,4.891467388336614,3.601812680090641,0.2203823474515933,-0.2616088233725295,"[0.1837634912573094, -0.5799424691218178]",0.6083603276103611,1,0.6083603276103611,43,539.5058531101188,moving,1232,[],[],0.0,[],,15.14124118626992,0,0.0,[],0.0,0,0.0,,
381251,156,,38.22750283999057,75.11667561072105,49,2.3466608674422096,0.5117559956485077,2.0079294534029697,4.585507326530631,3.737012686850632,0.2642645115389936,0.0438821640874002,"[0.03729514036639614, -0.8751058589675154]",0.875900218001013,1,0.875900218001013,44,553.4122166312537,moving,1212,[1193],[1193],1.0,[1193],[92.88531829942134],10.711666835052608,0,0.0,[1193],1.0,0,0.0,[92.88531829942134],[87.11468170057866]
379821,156,,38.657601976538274,73.27600573888901,50,2.3911440347081987,0.5105994710105665,-1.121383682883807,4.683013145265706,3.6947626847381354,0.1869538546483483,-0.0773106568906452,"[0.43009913654770315, -1.8406698718320342]",1.8902515293815365,1,1.8902515293815365,45,564.8182982238037,moving,1181,[],[],0.0,[],,1.0818403840506865,0,0.0,[],0.0,0,0.0,,
372722,156,,38.92421665937728,72.02919297719511,51,2.3630589699209485,0.5256357841074808,2.4044674541912063,4.495620430282113,3.734900186745,0.0188816766827244,-0.1680721779656239,"[0.26661468283900547, -1.2468127616939029]",1.275000177187486,1,1.275000177187486,46,573.1408814106707,moving,1167,[],[],0.0,[],,32.36664792329571,0,0.0,[],0.0,0,0.0,,
383926,156,,38.59236603955456,71.13191451369374,52,2.4066130657949416,0.5039793397810336,2.390213164937816,4.775221672460928,3.627162681358133,0.5649045740953021,0.5460228974125777,"[-0.331850619822724, -0.8972784635013653]",0.956678355007626,1,0.956678355007626,47,578.0704675695548,moving,1160,[1131],[],1.0,[1131],[102.61215908985335],55.78487227093405,0,0.0,[1131],1.0,0,0.0,[102.61215908985335],[77.38784091014665]
389078,156,,38.9207565609677,70.67133072693764,54,2.3151316349225213,0.5142777022205577,2.4746554670404706,4.501714977970469,3.62293768114688,0.7132837994029109,-0.3651736716317746,"[0.0009889973649990225, -0.09045322503538955]",0.0904586316229181,1,0.0904586316229181,49,585.6863003149338,moving,1149,[1120],[1120],1.0,[1120],[104.81861866976291],71.58282644934066,0,0.0,[1120],1.0,0,0.0,[104.81861866976291],[75.18138133023709]
391018,156,,37.8802225629355,69.24411095951704,55,2.399467536482349,0.5039267660852673,-0.6536718136429769,4.761540164104609,3.677862683893141,0.6408999871241591,-0.0723838122787517,"[-1.0405339980322026, -1.4272197674205955]",1.766257983867866,1,1.766257983867866,50,597.593537854542,moving,1129,[1130],[1130],1.0,[1130],[113.7262633360726],54.18622201059135,0,0.0,[1130],1.0,0,0.0,[113.7262633360726],[66.2737366639274]
395554,156,,38.29695774755163,67.96848935354026,56,2.368009983905301,0.507173708691288,2.5552334970446644,4.669031425181164,3.707437685371872,0.9457279833014408,0.3048279961772817,"[0.4167351846161296, -1.2756216059767809]",1.3419682171094147,1,1.3419682171094147,51,614.6646792113237,moving,1105,[1068],[1068],1.0,[1068],[93.43104708602525],9.221771554553015,0,0.0,[1068],1.0,0,0.0,[93.43104708602525],[86.56895291397475]
395715,156,,38.72555856271677,67.13857263648971,57,2.42409988934344,0.5131768155668234,2.1515515685788955,4.723712794129114,3.7412376870618793,0.160950276493706,-0.7847777068077348,"[0.42860081516514015, -0.8299167170505513]",0.9340558955438306,1,0.9340558955438306,52,629.2341148297675,moving,1088,[1056],[1056],1.0,[1056],[51.18644075236784],18.32673711688618,0,0.0,[1056],1.0,0,0.0,[51.18644075236784],[51.18644075236784]
396499,156,,39.09073171671375,64.8295244623871,58,1.3009716499924584,0.4923562080958221,-1.174753554385895,2.642338267702444,1.8188625909431275,0.3198619038371167,0.1589116273434107,"[0.36517315399697736, -2.309048174102614]",2.3377456882062075,1,2.3377456882062075,53,640.9018124864479,moving,1066,[],[],0.0,[],,,0,0.0,[],0.0,0,0.0,,
397586,156,,38.71772224854344,64.37740933071204,59,2.4618063133223296,0.5066000628426713,1.5649095564371789,4.859467050810183,3.739125186956248,0.8466688391295988,0.526806935292482,"[-0.37300946817030933, -0.45211513167505757]",0.5861263990252031,1,0.5861263990252031,54,618.6243359991822,moving,1054,[],[],0.0,[],,,0,0.0,[],0.0,0,0.0,,
284085,158,,131.9428695329693,30.35659297793625,8,1.9975590166178805,0.4866336106220166,2.038082373977128,4.104852137246735,2.932150146607501,,,"[0.0, 0.0]",0.0,0,0.0,0,0.0,moving,479,[520],[],1.0,[520],[83.51172160020053],,0,0.0,[520],1.0,0,0.0,[83.51172160020053],[83.51172160020053]
283691,158,,131.61325668181533,30.907185850201486,9,1.99610136672384,0.4779485053420669,1.9275092310578488,4.176394202331972,2.9068001453400143,,,"[-0.32961285115396777, 0.5505928722652378]",0.6417142219361608,1,0.6417142219361608,1,1.04874450660988,moving,492,[531],[],1.0,[531],[74.1676133795778],,0,0.0,[531],1.0,0,0.0,[74.1676133795778],[74.1676133795778]
281401,158,,131.4799089474015,31.307327826714484,10,1.9921079652660183,0.4819727568439443,-1.3060168198715911,4.133237692335032,2.911025145551257,0.2177503355648784,,"[-0.13334773441383163, 0.4001419765129981]",0.4217762672804511,1,0.4217762672804511,2,4.3662291258431285,moving,492,[531],[531],1.0,[531],[43.467320325772306],23.639932955324245,0,0.0,[531],1.0,0,0.0,[43.467320325772306],[43.467320325772306]
283875,158,,131.53802755084365,31.94480633385972,11,1.9529524877970343,0.4904905945432283,2.0181436521450498,3.981630860048867,2.887787644389374,0.4125946650211222,0.1948443294562437,"[0.05811860344215347, 0.6374785071452322]",0.640122347007336,1,0.640122347007336,3,10.261416117325403,moving,504,[536],[536],1.0,[536],[53.81158331144029],19.831202295893466,0,0.0,[536],1.0,0,0.0,[53.81158331144029],[53.81158331144029]
283907,158,,131.32542811972684,32.759706701342324,12,1.9468452280539728,0.5014985391761426,-1.5503357846910557,3.882055631213269,2.8011751400587817,0.3461197746923988,-0.0664748903287233,"[-0.21259943111681423, 0.8149003674826076]",0.8421764227491066,1,0.8421764227491066,4,18.604871944709576,moving,508,[544],[544],1.0,[544],[27.584182455926978],16.88540930386704,0,0.0,[544],1.0,0,0.0,[27.584182455926978],[27.584182455926978]
280507,158,,131.37798758397315,34.08948635948638,13,2.094448639235458,0.4546295477378554,1.667600148663111,4.606934700256528,2.915250145762509,0.2947059878993623,-0.0514137867930364,"[0.05255946424631475, 1.329779658144055]",1.3308179576845134,1,1.3308179576845134,5,28.56370318159373,moving,543,[],[],0.0,[],,7.954103288161679,0,0.0,[],0.0,0,0.0,,
328331,158,,131.19998684464818,35.87576727137653,14,2.032134331538492,0.462330462510721,1.7462826747438742,4.395415176631085,2.892012644600633,0.1388252914221286,-0.1558806964772337,"[-0.17800073932497185, 1.7862809118901524]",1.7951277835806985,1,1.7951277835806985,6,39.37403205435407,moving,570,[560],[560],1.0,[560],[22.331383616758785],,0,0.0,[544],1.0,0,0.0,[66.95748024770154],[66.95748024770154]
316368,158,,131.21070793711326,37.32422764878755,15,2.015461846316961,0.4776881934474832,1.6949875482737655,4.219199624280729,2.8730001436500223,0.1067224930085131,-0.0321027984136154,"[0.010721092465075799, 1.448460377411017]",1.4485000541088393,1,1.4485000541088393,7,49.42223893529785,moving,590,[642],[642],1.0,[642],[77.47119229084849],,0,0.0,[642],1.0,0,0.0,[77.47119229084849],[77.47119229084849]
334136,160,,127.4565172040764,118.12976596115968,27,1.8761047000417448,0.5224853679688249,1.1256591166249854,3.5907315593069136,2.9638376481918804,2.706440634663992,2.688860503669352,"[0.018566310383818063, -0.027649839010109645]",0.0333049767835567,1,0.0333049767835567,17,1.9951326239287,moving,1916,[1946],[],1.0,[1946],[49.456913035119214],,0,0.0,[],0.0,0,0.0,,
351224,160,,127.78414420307102,121.6988417305448,28,2.2096436093051923,0.4796920492870423,1.8758054037269896,4.606379473225261,3.1560751578037545,2.45872573942378,-0.2477148952402124,"[0.32762699899463144, 3.5690757693851367]",3.5840816533782167,1,3.5840816533782167,18,2.1489165869214006,moving,1963,[],[],0.0,[],,,0,0.0,[],0.0,0,0.0,,
380758,160,,127.49968469438583,119.11870617435524,46,1.925186065197328,0.525614664794425,-1.3535519413895312,3.662732785338655,3.084250154212505,1.9499157941872407,-1.1370486525378103,"[0.13683505540213048, -0.0075629180136616014]",0.1370438984989316,1,0.1370438984989316,36,4.074998095076775,moving,1977,[],[],0.0,[],,154.25614375918445,0,0.0,[],0.0,0,0.0,,
383084,160,,126.58381171259612,121.7118941434932,47,2.272878902738793,0.5083000860170725,2.7378839348502533,4.47152964412926,3.608150180407514,1.965519164294337,0.0156033701070958,"[-0.9158729817897182, 2.593187969137958]",2.750172205890794,1,2.750172205890794,37,4.152519789842656,moving,2036,[],[],0.0,[],,173.1158765298647,0,0.0,[],0.0,0,0.0,,
387544,160,,127.72083652633376,119.41498810440358,52,1.9156460999576548,0.5257683361156876,1.4482736068213085,3.6435174360445792,3.0758001537900164,1.422488715157767,0.7960694126377426,"[0.011952676589416455, 0.001630536020613249]",0.0120633795167731,1,0.0120633795167731,42,3.998967899512994,moving,1980,[2037],[],1.0,[2037],[66.82414139530115],166.92691109276572,0,0.0,[],0.0,0,0.0,,
385740,160,,127.10740695264984,122.0173920215547,53,1.7105957713679951,0.5480211830062329,2.6714044211477086,3.121404471966442,2.8539876426993813,1.6667080961140095,0.2442193809562427,"[-0.6134295736839022, 2.602403917151122]",2.673724366847398,1,2.673724366847398,43,4.3316561589448,moving,2040,[2002],[2002],1.0,[2002],[34.278030940609],176.82802369661485,0,0.0,[],0.0,0,0.0,,
398896,160,,127.5657390230376,119.44211069422948,56,1.883154558685158,0.590308473397406,-1.5556157152870735,3.1901194774437625,3.069462653473137,1.2731295866446826,0.0528096990002635,"[-0.07666748294843728, 0.06489431199830165]",0.1004448837491578,1,0.1004448837491578,46,4.125637790511534,moving,1981,[2048],[],1.0,[2048],[62.02052561151985],179.70222882526633,0,0.0,[],0.0,0,0.0,,
399490,160,,127.13014327494574,121.96559483665108,57,1.7576881323157667,0.5349330737767851,2.5244358168768493,3.285809418935289,2.9152501457625064,0.6974411657544092,-0.5756884208902734,"[-0.4355957480918704, 2.5234841424216086]",2.560803755231751,1,2.560803755231751,47,5.110072425097472,moving,2043,[2002],[2002],1.0,[2002],[4.8333657567198856],179.84886600686892,0,0.0,[],0.0,0,0.0,,
400035,160,,127.55701946583348,119.45310477447126,58,1.9748346564318957,0.5360469025738852,-1.503412818323106,3.684070641858987,3.071575153578761,3.138954867798053,2.441513702043644,"[0.4268761908877394, -2.512490062179836]",2.548495555204925,1,2.548495555204925,48,1.551394776262185,moving,1996,[2061],[2061],1.0,[2061],[55.54230541505093],,0,0.0,[],0.0,0,0.0,,
400563,160,,127.4610624706786,119.89573118534597,59,1.9468767044099733,0.5271625642758209,-1.3251290747127518,3.6931239741662174,3.147625157381269,3.096400739552896,-0.0425541282451571,"[-0.09595699515487865, 0.4426264108746949]",0.4529082517717773,1,0.4529082517717773,49,2.020977655451366,moving,2002,[],[],0.0,[],,,0,0.0,[],0.0,0,0.0,,
279372,161,,15.947273874793815,1.2987864135789358,12,1.6599529410158649,0.5055728290387175,0.635395682851964,3.283311217835924,2.564575128228756,,,"[0.15164947990325928, 0.05300504910107029]",0.1606458838101241,1,0.1606458838101241,1,0.9012937718280564,moving,32,[51],[],1.0,[51],[95.67997473774295],,0,0.0,[51],1.0,0,0.0,[95.67997473774295],[84.32002526225705]
278933,161,,15.846313839230566,1.653559026249812,13,1.645806520375629,0.5115160555309456,0.7765587883118448,3.2175070607848424,2.566687628334382,1.5117937710097094,,"[-0.10096003556325073, 0.35477261267087634]",0.3688584220026059,1,0.3688584220026059,2,3.224632078844305,moving,40,[48],[48],1.0,[48],[87.74124453868637],,0,0.0,[48],1.0,0,0.0,[87.74124453868637],[87.74124453868637]
323362,161,,16.411919581703334,2.54240122792505,14,1.655559045954881,0.5125758663781572,1.0812745217285644,3.22988098845348,2.600487630024379,0.8439599657283359,-0.6678338052813735,"[0.5656057424727674, 0.8888422016752378]",1.0535417957523348,1,1.0535417957523348,3,6.701066025673675,moving,52,[72],[72],1.0,[72],[67.96897125254262],16.259847960517234,0,0.0,[72],1.0,0,0.0,[67.96897125254262],[67.96897125254262]
311136,161,,16.69110907806356,3.502728636084639,15,1.689173654044292,0.5158174055258048,1.455134743832482,3.274751173474676,2.634287631714382,0.2837878827847107,-0.5601720829436252,"[0.2791894963602246, 0.9603274081595892]",1.0000877490202498,1,1.0000877490202498,4,11.20081284425848,moving,66,[105],[105],1.0,[105],[83.77744828086918],64.00937354265542,0,0.0,[105],1.0,0,0.0,[83.77744828086918],[83.77744828086918]
306817,161,,16.3922433816936,3.77373302607023,17,1.7189571164996835,0.5024326469351208,1.7078002635447125,3.421268755096746,2.630062631503129,1.1036398984270648,0.2854570986186062,"[-0.13278850379128926, -0.0090571615482542]",0.1330970281953749,1,0.1330970281953749,6,22.9056744709345,moving,78,[108],[108],1.0,[108],[49.68380554242369],26.838475024062532,0,0.0,[108],1.0,0,0.0,[49.68380554242369],[49.68380554242369]
309556,161,,16.266562735055096,4.101817785137435,18,1.7004841667314297,0.4866033070405441,1.7288206116540272,3.494600513657718,2.5645751282287543,1.2730681331613942,0.1694282347343294,"[-0.12568064663850365, 0.3280847590672047]",0.3513335083245806,1,0.3513335083245806,7,30.207477211682765,moving,81,[],[],0.0,[],,10.684072247777106,0,0.0,[],0.0,0,0.0,,
306432,161,,15.754874297380631,4.932106757074596,20,1.6979043395277855,0.4955694199712898,1.7173429389720134,3.426168506576035,2.568800128440004,0.4828882283450086,0.4294530942532749,"[-0.21861315697282535, 0.1727147826420925]",0.2786074452428191,1,0.2786074452428191,9,46.68225505595225,moving,93,[],[],0.0,[],,167.16358799110404,0,0.0,[147],1.0,0,0.0,[62.460450311675835],[62.460450311675835]
309648,161,,15.874088080921766,4.582082443869315,21,1.6807597900744564,0.5085860570180197,1.9391119644874355,3.304769698031469,2.630062631503131,2.56770387569994,2.0848156473549317,"[0.11921378354113266, -0.3500243132052807]",0.3697687737235534,1,0.3697687737235534,10,55.39274669930883,moving,81,[],[],0.0,[],,167.15682309585847,0,0.0,[],0.0,0,0.0,,
306853,161,,15.410478705045112,5.334157314925728,22,1.7233351341030507,0.4889034338537827,-1.2544815412084558,3.52489881390044,2.598375129918756,2.917436930196428,0.3497330544964874,"[-0.4636093758766542, 0.7520748710564122]",0.8834875579629065,1,0.8834875579629065,11,64.49181278656135,moving,95,[140],[140],1.0,[140],[49.78328371241578],24.838173941548487,0,0.0,[140],1.0,0,0.0,[49.78328371241578],[49.78328371241578]
309211,161,,14.829778102646443,5.718667222515254,23,1.6615071654773428,0.5261667070279605,2.0557949222803957,3.1577580703696064,2.5582376279118813,0.4335079154630757,-2.483929014733352,"[-0.5807006023986663, 0.38450990758952663]",0.6964632500431593,1,0.6964632500431593,12,73.62029953426806,moving,104,[115],[115],1.0,[115],[65.57585018924512],19.85861632023648,0,0.0,[136],1.0,0,0.0,[26.391551840674197],[26.391551840674197]
314749,161,,14.487821027278656,6.178594110653815,24,1.7446465823692,0.4999398639663869,2.179775964873317,3.48971287972047,2.6680876334043795,0.3465982396784016,-0.086909675784674,"[-0.3419570753677892, 0.4599268881385612]",0.5731207410545464,1,0.5731207410545464,13,82.74998304440734,moving,107,[144],[144],1.0,[144],[24.134990899308388],3.5752083839487225,0,0.0,[144],1.0,0,0.0,[24.134990899308388],[24.134990899308388]
317697,161,,13.9541466240032,6.998633943318214,25,1.65984948134102,0.5113656237907775,2.509671901714117,3.245915259294274,2.589925129496254,0.0623991577448107,-0.2841990819335908,"[-0.5336744032754552, 0.8200398326643983]",0.978403646695814,1,0.978403646695814,14,91.6352044839501,moving,119,[],[],0.0,[],,32.32219550653571,0,0.0,[],0.0,0,0.0,,
311348,161,,12.60698431517462,7.616041523734383,26,1.706949827036753,0.5071596879300578,-0.4884707915589723,3.365704861132728,2.640625132031255,0.5641287330623644,0.5017295753175537,"[-1.3471623088285813, 0.6174075804161694]",1.4819036428471666,1,1.4819036428471666,15,99.90315201410358,moving,131,[],[],0.0,[],,3.7933341835413152,0,0.0,[],0.0,0,0.0,,
331711,161,,12.126717791332796,7.875887832653233,27,1.7055669902736883,0.4968741820621516,2.649174519062882,3.432593303993298,2.5286626264331287,0.0662061711312468,-0.4979225619311176,"[-0.48026652384182356, 0.2598463089188501]",0.5460549772521621,1,0.5460549772521621,16,107.3595564451631,moving,139,[129],[129],1.0,[129],[51.23874349158315],1.260965264104653,0,0.0,[129],1.0,0,0.0,[51.23874349158315],[51.23874349158315]
336354,161,,11.159729210823643,8.426920500528112,28,1.6880606638541755,0.5065679879189153,2.7026164250958766,3.3323476889826247,2.623725131186254,0.022007995611906,-0.0441981755193407,"[-0.9669885805091525, 0.5510326678748791]",1.1129707614759754,1,1.1129707614759754,17,114.36357685491356,moving,148,[175],[175],1.0,[175],[21.921778593959143],6.519608338244076,0,0.0,[175],1.0,0,0.0,[21.921778593959143],[21.921778593959143]
335317,161,,9.578753261225453,9.103116665934053,29,1.6838782789544515,0.5061599631505607,-0.4315070217129405,3.326770984558434,2.6216126310806307,0.1137886314428372,0.0917806358309311,"[-1.5809759495981908, 0.6761961654059387]",1.7195133635181776,1,1.7195133635181776,18,120.69890380731552,moving,159,[],[],0.0,[],,11.844432525882704,0,0.0,[],0.0,0,0.0,,
334508,161,,8.464567363717736,9.88331335387896,30,1.701344593580281,0.4973040119732521,2.4830575846174177,3.421135869846529,2.611050130552506,0.2067243456069633,0.092935714164126,"[-1.114185897507717, 0.7801966879449083]",1.3601900918935124,1,1.3601900918935124,19,126.1821998842354,moving,174,[186],[186],1.0,[186],[59.376417975146126],1.2879088801654728,0,0.0,[186],1.0,0,0.0,[59.376417975146126],[59.376417975146126]
338271,161,,7.486147783178407,10.60174818338912,31,1.7244401983830808,0.4987115395855704,2.081068531248601,3.457790850029441,2.621612631080629,0.0224782504245605,-0.1842460951824027,"[-0.9784195805393283, 0.7184348295101604]",1.213858920894866,1,1.213858920894866,20,130.6131065478522,moving,180,[205],[205],1.0,[205],[43.95511726529795],38.379579903108855,0,0.0,[205],1.0,0,0.0,[43.95511726529795],[43.95511726529795]
337162,161,,7.048130881597457,12.199439447447942,32,1.6346503517030258,0.5092345507351516,1.7169426385657864,3.2100146177104016,2.5455626272781307,0.6698500348414957,0.6473717844169351,"[-0.4380169015809505, 1.5976912640588221]",1.6566460639860443,1,1.6566460639860443,21,134.0260261102064,moving,208,[237],[237],1.0,[237],[27.077863870645174],1.994914476075777,0,0.0,[260],1.0,0,0.0,[75.57646523083149],[75.57646523083149]
339005,161,,6.661078804037484,13.440121586353465,33,1.6674256526210829,0.5040419645244737,-1.5292859447551108,3.308108788509654,2.5117626255881293,0.0348178259032199,-0.6350322089382758,"[-0.3870520775599724, 1.2406821389055214]",1.2996543696470495,1,1.2996543696470495,22,136.0018534631649,moving,226,[],[],0.0,[],,13.596542936760006,0,0.0,[],0.0,0,0.0,,
337745,161,,6.609088884048086,14.237671841202568,34,1.6380159422350886,0.495744087773357,1.3951671483236845,3.304156282714868,2.484300124215004,0.2373044411352412,0.2024866152320213,"[-0.05198991998939828, 0.7975502548491047]",0.7992429923311032,1,0.7992429923311032,23,136.2620699255033,moving,246,[293],[293],1.0,[293],[69.26408163909277],34.46488325396157,0,0.0,[293],1.0,0,0.0,[69.26408163909277],[69.26408163909277]
341619,161,,6.822629540232697,14.596812228394056,35,1.6870352178474772,0.4889296280843022,1.2467567217662414,3.4504663267340288,2.5582376279118804,0.6015256890970859,0.3642212479618446,"[0.2135406561846107, 0.3591403871914878]",0.4178294263880966,1,0.4178294263880966,24,135.2105300884451,moving,257,[308],[308],1.0,[308],[103.57043438516149],4.703364549092321,0,0.0,[308],1.0,0,0.0,[103.57043438516149],[76.42956561483851]
341901,161,,7.156538900819794,15.065998887345902,36,1.704218075761811,0.501739236508327,1.409885851029322,3.396621096690985,2.60048763002438,0.0820891973032394,-0.5194364917938464,"[0.3339093605870973, 0.4691866589518465]",0.5758746235302269,1,0.5758746235302269,25,133.87914901405182,moving,261,[314],[314],1.0,[314],[66.21495781377085],25.34125951229776,0,0.0,[314],1.0,0,0.0,[66.21495781377085],[66.21495781377085]
339812,161,,8.275837569238162,15.69207063135634,37,1.710895103363924,0.4976914959895356,0.9127224806362382,3.43766191938288,2.62161263108063,0.4422884150919294,0.3601992177886899,"[1.1192986684183674, 0.6260717440104369]",1.282495745712788,1,1.282495745712788,26,132.1604145311658,moving,284,[],[],0.0,[],,14.121517118115245,0,0.0,[],0.0,0,0.0,,
347947,161,,9.858838238189406,17.185990336482103,38,1.724797571073045,0.5135087165423678,0.9258522308712012,3.3588476991913687,2.720900136045006,0.2464669690878529,-0.1958214460040764,"[1.5830006689512448, 1.493919705125764]",2.176622889538548,1,2.176622889538548,27,130.4116372014134,moving,309,[],[],0.0,[],,0.4348882151727228,0,0.0,[],0.0,0,0.0,,
346867,161,,11.168913110464086,18.40367619230944,39,1.6869324714649376,0.4914283210169411,0.5670788870849754,3.4327131736609533,2.5244376262218773,0.0075902312328416,-0.2388767378550112,"[1.3100748722746793, 1.2176858558273338]",1.788590231005264,1,1.788590231005264,28,127.4312222777178,moving,335,[],[],0.0,[],,39.84746083031881,0,0.0,[],0.0,0,0.0,,
351789,161,,11.73355927020446,18.43385432203902,40,1.4881280777257804,0.4834018203465284,0.411986835329529,3.078449470171648,2.161087608054376,0.6954693900485287,0.6878791588156871,"[0.5646461597403736, 0.03017812972958467]",0.5654520361830233,1,0.5654520361830233,29,122.7412016668505,moving,339,[],[],0.0,[],,20.482217663011493,0,0.0,[],0.0,0,0.0,,
363423,161,,12.563657721498837,18.17335294475525,42,1.6601091139307476,0.4456405208973993,0.1094755390798886,3.72522029771381,2.2054501102724986,1.7754842351707727,1.5688006701582786,"[-0.04677103067332311, -0.1250247882847404]",0.1334868045759171,1,0.1334868045759171,31,113.92187988600352,moving,334,[316],[316],1.0,[316],[113.33131156306641],10.619586065980611,0,0.0,[316],1.0,0,0.0,[113.33131156306641],[66.66868843693359]
364334,161,,13.300049352109015,18.0855004521374,43,1.589514428984972,0.4855832400771122,0.0471085752394599,3.2734128730072154,2.334312616715626,1.8100324059038368,0.0345481707330641,"[0.7363916306101821, -0.08785249261785921]",0.7416135746410618,1,0.7416135746410618,32,109.91036663198744,moving,329,[297],[297],1.0,[297],[106.15376811469501],18.114997722163803,0,0.0,[297],1.0,0,0.0,[106.15376811469501],[73.84623188530499]
384252,161,,13.94410332963242,17.786290417557012,44,1.66888306637428,0.5278528087063327,2.699415821777018,3.161644759387369,2.5983751299187547,0.3161663542430181,-1.4938660516608189,"[0.6440539775234022, -0.2992100345803834]",0.7101634817119994,1,0.7101634817119994,33,105.65849008827628,moving,330,[301],[301],1.0,[301],[34.396740711239076],25.535035321196748,0,0.0,[301],1.0,0,0.0,[34.396740711239076],[34.396740711239076]
364282,161,,14.488656362216371,17.12678976150305,45,1.7232343466709552,0.5125710395947966,2.6079139696674365,3.3619424695418334,2.6406251320312526,0.4456704409679331,0.1295040867249149,"[0.5445530325839538, -0.6595006560539609]",0.8552655263904804,1,0.8552655263904804,34,101.44593592656469,moving,315,[],[],0.0,[],,7.850187408452736,0,0.0,[],0.0,0,0.0,,
368012,161,,15.542641678003571,16.157493545226732,46,1.660159137455408,0.5037633688855577,2.330003018227357,3.295513806666943,2.56668762833438,0.1370116171760995,-0.3086588237918335,"[1.0539853157872, -0.9692962162763195]",1.4319288392872855,1,1.4319288392872855,35,98.17079819181446,moving,294,[273],[273],1.0,[273],[41.51168545922277],60.47496770587616,0,0.0,[273],1.0,0,0.0,[41.51168545922277],[41.51168545922277]
367072,161,,15.41187704664732,15.594592362219997,48,1.746245924038012,0.5012062214228794,1.924267535177004,3.4840866880713826,2.6490751324537563,2.7503105778261374,1.675380041556977,"[0.017569416588180786, 0.023647798845185974]",0.0294601899089503,1,0.0294601899089503,37,93.92620504211044,moving,275,[263],[263],1.0,[263],[110.02814643013659],31.12389612772793,0,0.0,[263],1.0,0,0.0,[110.02814643013659],[69.97185356986341]
374531,161,,15.551382710822944,15.166402401750071,49,1.7220459442859637,0.5079141628339333,-1.2218151156443535,3.3904271042132774,2.680762634038131,2.187652879584196,-0.5626576982419413,"[0.1395056641756227, -0.4281899604699255]",0.4503426168866522,1,0.4503426168866522,38,90.68340774620972,moving,270,[255],[255],1.0,[255],[95.61944860589014],7.739858722847703,0,0.0,[255],1.0,0,0.0,[95.61944860589014],[84.38055139410986]
371777,161,,15.652815086079949,14.608583563485736,50,1.728277853005721,0.4946541529449252,-1.4607363513864535,3.4939115394390456,2.6068251303412544,0.1350860183528965,-2.0525668612313,"[0.10143237525700322, -0.5578188382643354]",0.5669659452496687,1,0.5669659452496687,39,86.4176439788657,moving,255,"[243, 245]","[243, 245]",2.0,"[243, 245]","[70.61143228532266, 65.77225468204585]",10.753540107924156,0,0.0,[243],1.0,0,0.0,[70.61143228532266],[70.61143228532266]
367361,161,,15.641781257659,13.196281327035704,51,1.6994732817103293,0.5268004007700298,1.5216997024102057,3.226028832222206,2.6976626348831294,0.1876846811285381,0.0525986627756416,"[-0.011033828420947245, -1.4123022364500315]",1.4123453375330637,1,1.4123453375330637,40,83.11458693337467,moving,232,[218],[218],1.0,[218],[71.14947885921872],25.628065651522057,0,0.0,[218],1.0,0,0.0,[71.14947885921872],[71.14947885921872]
378358,161,,15.12838808892203,12.14718899318484,52,1.726864240897647,0.4934224122216558,1.514775784781479,3.499768551498027,2.589925129496257,0.4472941265363276,0.2596094454077895,"[-0.5133931687369699, -1.0490923338508633]",1.1679757149232337,1,1.1679757149232337,41,82.8504658178611,moving,221,[],[],0.0,[],,9.300807030737031,0,0.0,[],0.0,0,0.0,,
374798,161,,14.978139571495108,11.648752272201294,53,1.6975320008054018,0.5304360686571207,1.3025720119816997,3.2002574883396626,2.6659751332987573,0.1623297057790007,-0.284964420757327,"[-0.15024851742692213, -0.4984367209835465]",0.5205898402906245,1,0.5205898402906245,42,84.33363931201586,moving,211,[],[],0.0,[],,38.41337709981762,0,0.0,[],0.0,0,0.0,,
386327,161,,14.238895763491874,11.134739743420166,54,1.7363140825296273,0.5160677297462453,0.935897984339078,3.3645081497023406,2.7906126395306288,0.6704399072020089,0.5081102014230081,"[-0.7392438080032342, -0.5140125287811284]",0.9003834113393544,1,0.9003834113393544,43,87.23215990458164,moving,194,[],[],0.0,[],,20.937428186202737,0,0.0,[],0.0,0,0.0,,
388703,161,,13.89801628068254,11.050542764882664,55,1.7465172451900293,0.5213821781035268,0.6900232556038198,3.3497831696948355,2.7842751392137544,0.3654270587491033,-0.3050128484529055,"[-0.3408794828093349, -0.08419697853750208]",0.3511238428178927,1,0.3511238428178927,44,93.4822381014642,moving,197,[],[],0.0,[],,130.10469172066593,1,0.0,[],0.0,1,0.0,,
392620,161,,14.069717477125206,11.399019143283336,56,1.7363032659131432,0.5307264487149633,0.5146510241114322,3.271559708616779,2.763150138157503,2.2707552428178324,1.905328184068729,"[0.17170119644266713, 0.3484763784006706]",0.3884804849192437,1,0.3884804849192437,45,102.40962496835438,moving,214,[],[],0.0,[],,60.69932592254501,0,0.0,[],0.0,0,0.0,,
392740,161,,14.585531257680788,11.42668642273875,57,1.7631722273518144,0.50379531124521,0.7610315907232001,3.499778953864923,2.7124501356225035,1.0594030910895451,-1.211352151728287,"[0.5158137805555825, 0.02766727945541625]",0.5165552579961864,1,0.5165552579961864,46,109.79615721241858,moving,211,[203],[203],1.0,[203],[41.84731141269255],19.650582342335227,0,0.0,[203],1.0,0,0.0,[41.84731141269255],[41.84731141269255]
393349,161,,15.61714440337359,11.858661299702788,58,1.718713877751246,0.4963791819111753,1.327118031514404,3.4625019347785653,2.6110501305525062,0.3429673618080042,-0.7164357292815411,"[1.031613145692802, 0.4319748769640359]",1.1184042098875937,1,1.1184042098875937,47,116.49724291292604,moving,210,[276],[276],1.0,[276],[55.95984457997811],,0,0.0,[276],1.0,0,0.0,[55.95984457997811],[55.95984457997811]
394480,161,,15.801476752532336,12.267293759527186,59,1.7889360315917842,0.5003428146489688,-1.351388936184526,3.5754206500334544,2.710337635516879,0.7504774551849385,0.4075100933769342,"[0.18433234915874586, 0.4086324598243998]",0.4482843987565499,1,0.4482843987565499,48,121.4737697243158,moving,224,[],[],0.0,[],,,0,0.0,[],0.0,0,0.0,,
280109,162,,131.86298661680385,30.671011405079764,13,1.7559094742124837,0.5042091743693792,1.842517368893839,3.4825020318375244,2.680762634038114,,,"[0.0, 0.0]",0.0,0,0.0,0,0.0,moving,482,[543],[543],1.0,[543],[9.847114486688966],,0,0.0,[464],1.0,0,0.0,[31.459214505045452],[31.459214505045452]
327989,162,,131.55188884349585,32.41033661176794,14,1.8184345047206805,0.5004061600913627,-1.484157862889374,3.633917105234428,2.7103376355168822,,,"[-0.31109777330800625, 1.739325206688175]",1.766927842097142,1,1.766927842097142,1,0.8282008330499641,moving,518,[570],[570],1.0,[570],[1.9810162936302476],,0,0.0,[],0.0,0,0.0,,
315930,162,,131.47451907068438,33.860062376725665,15,1.79108122548926,0.48487823556969,-1.4872589217860737,3.693878368009021,2.6321751316087627,0.1236716717273881,,"[-0.07736977281146551, 1.4497257649577264]",1.4517888535621022,1,1.4517888535621022,2,2.71921088449186,moving,541,[590],[590],1.0,[590],[3.4620730561350825],7.790341881322145,0,0.0,[642],1.0,0,0.0,[74.00911923471341],[74.00911923471341]
308854,162,,131.55181471287543,34.79315814681843,17,1.812237877214898,0.483186059335375,1.7147753060136794,3.750600503060127,2.6997751349887507,0.7854292574069518,0.7485231777932129,"[0.14588927519540107, 0.17490101177752138]",0.2277587419570106,1,0.2277587419570106,4,7.895443164513298,moving,555,[604],[604],1.0,[604],[19.81051348071992],9.810873977808305,0,0.0,[660],1.0,0,0.0,[89.69254453831697],[89.69254453831697]
313645,162,,131.51672034215804,35.18829674533468,18,1.809018783969614,0.5075684080891564,-1.485106849749436,3.5640886137496817,2.7251251362562665,0.7837881155191955,-0.0016411418877563,"[-0.03509437071741672, 0.39513859851625455]",0.3966939965432313,1,0.3966939965432313,5,11.68717841058209,moving,566,[614],[614],1.0,[614],[30.901710831911146],1.455280879974103,0,0.0,[660],1.0,0,0.0,[82.39706679751109],[82.39706679751109]
310985,162,,131.4337746451645,35.9128490232923,19,1.7949248622855487,0.5075608914351688,-1.540827837168966,3.536373453065416,2.761037638051861,0.0253994428967941,-0.7583886726224013,"[-0.0829456969935336, 0.7245522779576206]",0.7292845755556058,1,0.7292845755556058,6,16.815721641875182,moving,580,[631],[631],1.0,[631],[27.701723054676776],24.91930855766903,0,0.0,[660],1.0,0,0.0,[67.10013347153443],[67.10013347153443]
308032,162,,131.0411914480615,36.55474284934967,20,1.7841867643183538,0.486110594550652,1.3492507454820153,3.670330958261894,2.619500130975,0.4349239816517238,0.4095245387549296,"[-0.3925831971029936, 0.6418938260573697]",0.7524289006797763,1,0.7524289006797763,7,22.87417688533983,moving,587,[637],[637],1.0,[637],[9.41582668651479],34.256911598814604,0,0.0,[],0.0,0,0.0,,
314386,162,,131.0913803178144,37.578404046353405,21,1.787440692939641,0.522366254983838,1.377358112976517,3.421815011758261,2.67442513372123,0.5978958989639497,0.1629719173122258,"[0.050188869752901155, 1.023661197003733]",1.0248908082806625,1,1.0248908082806625,8,30.72976756219192,moving,597,[645],[],1.0,[645],[16.77489990263176],8.860133976329688,0,0.0,[],0.0,0,0.0,,
309280,162,,131.18757656956765,38.04426805207723,22,1.7888264620365482,0.4782318665072336,1.3385024284855889,3.740500345786746,2.59415012970752,0.1546385100547112,-0.4432573889092384,"[0.09619625175321289, 0.465864005723823]",0.4756921175302506,1,0.4756921175302506,9,40.26969505039902,moving,610,[654],[],1.0,[654],[19.92928241418855],17.507651820945146,0,0.0,[],0.0,0,0.0,,
314185,162,,131.13296566881073,38.57813723440678,23,1.7727001760753478,0.5190412238235744,1.0863691552120092,3.4153359978164284,2.733575136678775,0.3055661685681624,0.1509276585134511,"[-0.05461090075689867, 0.5338691823295534]",0.5366550608376909,1,0.5366550608376909,10,54.105848668306656,moving,617,[657],[657],1.0,[657],[2.9378219307276794],,0,0.0,[],0.0,0,0.0,,
319461,162,,131.48596863368664,39.12984421256971,24,1.770075035921022,0.5038724525689611,0.9257104890130076,3.512942664153218,2.7737126386856232,0.6711361937132522,0.3655700251450897,"[0.35300296487591254, 0.551706978162926]",0.6549745666549596,1,0.6549745666549596,11,71.69399502466197,moving,618,[],[],0.0,[],,,0,0.0,[],0.0,0,0.0,,
332754,163,,123.11620062084825,127.3406071191526,14,2.030653192294719,0.518946277927683,1.3295813446283131,3.9130316155340026,3.2384626619231134,,,"[0.0, 0.0]",0.0,0,0.0,0,0.0,moving,2025,[1989],[],1.0,[1989],[37.89766905819299],,0,0.0,[],0.0,0,0.0,,
329089,163,,123.08456491035382,126.78179557104149,15,2.015896576800364,0.5360898459595077,1.3863249638779591,3.760370751272596,3.23423766171188,,,"[-0.03163571049442737, -0.5588115481111373]",0.5597063198507349,1,0.5597063198507349,1,1.0068590423330035,moving,2005,[1974],[],1.0,[1974],[48.163032764874],,0,0.0,[],0.0,0,0.0,,
321128,163,,122.8716210962105,126.2923000356939,16,2.066715897092437,0.5152452410729618,1.2834702452226845,4.011130491547379,3.2933876646693823,0.3537808073252225,,"[-0.21294381414331554, -0.4894955353475723]",0.5338079683810549,1,0.5338079683810549,2,3.0434927426649305,moving,2011,[1986],[],1.0,[1986],[51.89503323019865],4.999100075367038,0,0.0,[],0.0,0,0.0,,
327769,163,,122.47394545124004,125.5601604518645,18,2.05765342813256,0.5296417445227486,0.99705897413643,3.8849910329229767,3.312400165620001,0.3740851507990599,0.2372212830258651,"[-0.019476634216317734, -0.1113829641145827]",0.1130730028580945,1,0.1130730028580945,4,10.821795204464529,moving,2019,[2014],[2014],1.0,[2014],[120.28459060614426],10.341747524314435,0,0.0,[],0.0,0,0.0,,
320768,163,,122.27966820652551,124.96813814803286,20,2.0258839774537933,0.5191939841211188,1.1352538242320265,3.901978912338842,3.249025162451259,0.0993324349293992,-0.0354754066297697,"[-0.022812138506168367, -0.05288325566066021]",0.0575936836163077,1,0.0575936836163077,6,22.39963678151641,moving,2014,[1998],[1998],1.0,[1998],[61.5892501207215],11.16943024536426,0,0.0,[],0.0,0,0.0,,
327342,163,,121.89221468922436,124.27875122403314,21,2.0616441531172853,0.5154917479657881,1.3037124401056053,3.999373726646176,3.2722626636131364,0.1047775511333364,0.0054451162039371,"[-0.38745351730116795, -0.6893869239997201]",0.7908062715044958,1,0.7908062715044958,7,29.441485405297424,moving,1983,[1974],[1974],1.0,[1974],[97.91416450904765],7.673668007233341,0,0.0,[],0.0,0,0.0,,
325176,163,,121.5499474832039,123.82472531785142,22,2.105195971985248,0.5154897051340834,1.2711005369489974,4.08387587767183,3.295500164775006,0.133930772431158,0.0291532212978216,"[-0.3422672060204661, -0.45402590618172667]",0.5685827677666588,1,0.5685827677666588,8,36.93300488068888,moving,1993,[1986],[1986],1.0,[1986],[105.9097364815264],19.467519873613668,0,0.0,[],0.0,0,0.0,,
327728,163,,121.40938295646804,123.38008291824652,23,2.005200678747765,0.5171878103720908,1.2375957737673289,3.8771228527314334,3.2194501609724995,0.3397723189920181,0.2058415465608601,"[-0.14056452673584374, -0.44464239960490204]",0.4663316949370663,1,0.4663316949370663,9,44.96652261101778,moving,1983,[1968],[1968],1.0,[1968],[104.29406281940216],1.7943899211716063,0,0.0,[],0.0,0,0.0,,
330514,163,,121.07416101858014,122.42485287624751,24,1.965994554706933,0.5252220768260326,0.9401406098308188,3.7431681596242616,3.246912662345626,0.031318012189085,-0.3084543068029331,"[-0.33522193788790844, -0.9552300419990019]",1.0123429165943425,1,1.0123429165943425,10,53.78403169604278,moving,1972,[1960],[1960],1.0,[1960],[50.08224513157104],49.97753407351435,0,0.0,[],0.0,0,0.0,,
331628,163,,119.8905767588734,121.97797244160088,25,2.006429932527702,0.5196117006469856,0.7962978601358144,3.8614025242877137,3.2553626627681256,0.8722725216104656,0.8409545094213806,"[-1.1835842597067483, -0.44688043464662996]",1.265137867070436,1,1.265137867070436,11,62.89359545600367,moving,1975,[1960],[1960],1.0,[1960],[31.897014260743816],2.4274138175429267,0,0.0,[],0.0,0,0.0,,
330222,163,,118.32050274553173,121.46001525231758,26,2.0614244199726617,0.5239989640909101,0.5709455472496886,3.9340238459231367,3.314512665725632,0.0423663634245342,-0.8299061581859314,"[-1.5700740133416815, -0.5179571892833081]",1.6533033772726409,1,1.6533033772726409,12,72.30675092212608,moving,1971,[1945],[1945],1.0,[1945],[7.001267557495339],26.80424515745538,0,0.0,[],0.0,0,0.0,,
334183,163,,117.5636914637034,120.70157405581185,27,2.040753987082803,0.5420708949256273,0.8488304512780029,3.764736321736655,3.3504251675212653,0.4678223315093447,0.4254559680848105,"[-0.7568112818283197, -0.7584411965057285]",1.0714459225083015,1,1.0714459225083015,13,81.89215276937485,moving,1964,[1956],[1956],1.0,[1956],[41.463090324987434],4.352574342833161,0,0.0,[],0.0,0,0.0,,
351124,163,,116.23439901803562,119.55783653472972,28,2.078708808970052,0.5227350022121952,0.2679152738274004,3.97660152883016,3.314512665725632,0.0759667532202641,-0.3918555782890805,"[-1.3292924456677753, -1.1437375210821301]",1.7536116797171803,1,1.7536116797171803,14,91.38712031210194,moving,1950,[1934],[1934],1.0,[1934],[2.386624357391497],9.769141867903944,0,0.0,[],0.0,0,0.0,,
347239,163,,115.14580434454838,118.90529562188124,29,2.070503148079032,0.5324986803665421,0.0164021408848598,3.888278458556581,3.31451266572563,0.1705036906893691,0.0945369374691049,"[-1.0885946734872363, -0.6525409128484654]",1.269191871265291,1,1.269191871265291,15,100.38019623127592,moving,1947,[1919],[1919],1.0,[1919],[146.57351894637637],5.857114756538765,0,0.0,[],0.0,0,0.0,,
340558,163,,114.06685260751745,118.40027260044884,30,2.010520248492197,0.522770501283454,-0.0904198229733354,3.8458946010843538,3.1729751586487493,0.1022259371687225,-0.0682777535206466,"[-1.0789517370309483, -0.5050230214324216]",1.1912955565344951,1,1.1912955565344951,16,109.10987295307189,moving,1940,[1909],[1909],1.0,[1909],[127.68471013158762],10.243532719093212,0,0.0,[],0.0,0,0.0,,
353684,163,,112.71423819024228,118.04190454684178,31,2.1075004799165296,0.5052336821535437,-0.0517261726543092,4.1713380448693975,3.1772001588600194,0.1787833729839664,0.0765574358152439,"[-1.3526144172751486, -0.3583680536070517]",1.3992831820852762,1,1.3992831820852762,17,117.55932075892824,moving,1935,[],[],0.0,[],,140.70320070222562,0,0.0,[],0.0,0,0.0,,
355058,163,,113.5786704553456,119.23765486587124,32,1.687726003891207,0.5068922243553659,0.4074634321077297,3.329555915042004,2.596262629813131,2.455734120348219,2.2769507473642525,"[0.8644322651033036, 1.1957503190294574]",1.4754870268527194,1,1.4754870268527194,18,125.66865830784808,moving,1960,[],[],0.0,[],,162.27526216307945,0,0.0,[],0.0,0,0.0,,
356081,163,,111.6191908680206,117.79240377871756,33,2.0536021179919177,0.5037817037648876,0.4426405564674021,4.076372965998629,3.1243876562193917,2.83223761928271,0.3765034989344911,"[-1.959479587324978, -1.4452510871536788]",2.43481230448307,1,2.43481230448307,19,136.17703292839886,moving,1924,[1865],[],1.0,[1865],[49.958022862268564],78.696042226107,0,0.0,[],0.0,0,0.0,,
352572,163,,111.0903665812082,118.27333900107782,34,2.0165597215524,0.5160835940188203,0.8035746116366793,3.9074284571790914,3.2469126623456286,1.3735050451340485,-1.458732574148662,"[-0.5288242868124087, 0.48093522236025876]",0.7148103345848913,1,0.7148103345848913,20,145.0525844632554,moving,1938,[1877],[1877],1.0,[1877],[43.58162434308514],51.96480472881852,0,0.0,[],0.0,0,0.0,,
357330,163,,109.85131211863838,118.0619866241593,35,2.066571448685031,0.5237448894352983,1.0519027751801886,3.945759644381845,3.320850166042504,0.9069569376737888,-0.4665481074602593,"[-1.2390544625698254, -0.21135237691851216]",1.2569509888787644,1,1.2569509888787644,21,154.71308568407898,moving,1942,[1881],[1881],1.0,[1881],[50.23386164721644],49.74164329193355,0,0.0,[],0.0,0,0.0,,
357230,163,,109.2910690882442,117.1138466917119,36,2.093267098017518,0.482334537227814,1.6324520840334231,4.339865666780639,3.172975158648755,0.8681554507967915,-0.0388014868769974,"[-0.5602430303941759, -0.948139932447404]",1.101290871934666,1,1.101290871934666,22,163.55783522878724,moving,1925,[1858],[1858],1.0,[1858],[17.5025500980678],17.354043489490707,0,0.0,[],0.0,0,0.0,,
358093,163,,109.03938254606054,116.04281245551188,37,2.0864478093191083,0.5158013300334144,1.8467938404382849,4.045060933022303,3.2870501643525047,0.3028851974258988,-0.5652702533708927,"[-0.2516865421836627, -1.0710342362000205]",1.1002092758329798,1,1.1002092758329798,23,171.77571587168617,moving,1905,[1841],[],1.0,[1841],[20.359101221652388],17.880418270021547,0,0.0,[],0.0,0,0.0,,
359632,163,,109.08098992308618,115.5319498433434,38,2.0824131220508137,0.5311312760633932,2.0242423078068743,3.920712667280899,3.272262663613121,0.3120721704456263,0.0091869730197275,"[0.04160737702564177, -0.5108626121684665]",0.5125541750240095,1,0.5125541750240095,24,179.35320639170735,moving,1900,[1845],[],1.0,[1845],[20.597367896305705],8.329029749850507,0,0.0,[],0.0,0,0.0,,
359491,163,,109.5728786211548,113.39883660921907,39,2.100307717170955,0.497254623085953,2.136452205798037,4.223807320556388,3.194100159705002,0.1453689926314426,-0.1667031778141837,"[0.4918886980686068, -2.1331132341243233]",2.189092634148669,1,2.189092634148669,25,187.17300760145488,moving,1871,[1825],[],1.0,[1825],[31.970429711008556],40.89051691790375,0,0.0,[],0.0,0,0.0,,
362818,163,,110.41354879958978,112.78526404732764,40,2.0567012577832613,0.5164079132884454,2.37432756304495,3.9827067030912593,3.120162656008129,0.7136741530598679,0.5683051604284253,"[0.8406701784349906, -0.6135725618914449]",1.0407678115775632,1,1.0407678115775632,26,193.7280487694565,moving,1862,[1822],[],1.0,[1822],[19.008344176715188],0.2307303924815942,0,0.0,[],0.0,0,0.0,,
361875,163,,111.2165586699348,112.19420732497068,41,2.015665328005698,0.5161304165187551,2.5066189022578884,3.905341098866342,3.1624126581206333,0.0040270050331674,-0.7096471480267005,"[0.8030098703450363, -0.591056722356953]",0.9970821936605307,1,0.9970821936605307,27,201.79685418279533,moving,1843,[1806],[1806],1.0,[1806],[10.580758620784476],4.201349007284017,0,0.0,[],0.0,0,0.0,,
371169,163,,112.57183951460868,111.03438156371678,42,2.093678386148885,0.4854100581972833,-0.5044128567687093,4.313215910532203,3.1370626568531312,0.0733273732025301,0.0693003681693626,"[1.3552808446738709, -1.159825761253913]",1.7838110786762535,1,1.7838110786762535,28,209.88571809548907,moving,1818,[1787],[1787],1.0,[1787],[5.179793970757277],16.098315579048883,0,0.0,[],0.0,0,0.0,,
372093,163,,113.7457481681798,110.5004389561321,43,2.0750638751898145,0.5189093133724716,2.636769691457996,3.998895031780514,3.200437660021868,0.2809686108795112,0.2076412376769811,"[1.173908653571118, -0.5339426075846774]",1.2896341477812534,1,1.2896341477812534,29,219.81355289842048,moving,1809,[1789],[],1.0,[1789],[18.738633856337778],9.459028218956156,0,0.0,[],0.0,0,0.0,,
389265,163,,114.24593416602916,110.36642395189853,44,2.04408486786734,0.5295660351023328,2.598896060331042,3.859924414284505,3.306062665303132,0.165091186459813,-0.1158774244196982,"[0.500185997849357, -0.13401500423358925]",0.517828208776121,1,0.517828208776121,30,230.8252728174266,moving,1826,[1807],[],1.0,[1807],[18.450185711007038],19.08891371429735,0,0.0,[],0.0,0,0.0,,
370393,163,,114.52909892652616,110.17479415357312,45,2.0599707546618267,0.5388058214957203,2.715997542440157,3.8232154748131073,3.291275164563756,0.3331643949435044,0.1680732084836914,"[0.2831647604970158, -0.19162979832539406]",0.3419126514090456,1,0.3419126514090456,31,242.62895970877992,moving,1829,[],[],0.0,[],,177.35720056255363,1,0.0,[1773],1.0,1,1.0,[47.836095749689726],[47.836095749689726]
380131,163,,114.21829895706875,110.40671651398816,46,2.0550386578390643,0.5055322293347873,2.7695050608038243,4.0650991936621335,3.2152251607612623,3.0954671019364106,2.762302706992906,"[-0.3107999694574062, 0.2319223604150551]",0.3877945361595691,1,0.3877945361595691,32,254.6437805965795,moving,1833,[],[],0.0,[],,4.115839344529405,0,0.0,[],0.0,0,0.0,,
383779,163,,113.233093086217,111.03714218349624,50,2.0712695948188955,0.5399953145593378,2.689025585531077,3.83571771638269,3.280712664035639,0.5844741813230432,-0.4355621470021562,"[-0.15893250918253443, 0.11523936853866701]",0.1963151918121649,1,0.1963151918121649,36,297.32467370476496,moving,1839,[1810],[],1.0,[1810],[1.6704582349955643],165.39003979825512,0,0.0,[],0.0,0,0.0,,
376537,163,,113.54255073123896,110.7026677313374,51,2.055201471283739,0.5251728008214974,-0.4068413914460494,3.913381401452829,3.308175165408757,2.944726987580161,2.360252806257118,"[0.3094576450219364, -0.33447445215882965]",0.4556722431852439,1,0.4556722431852439,37,306.0763515946853,moving,1831,[],[],0.0,[],,167.46625973421405,0,0.0,[],0.0,0,0.0,,
387160,163,,113.09465175445682,111.01270460234656,52,2.10894796485355,0.5066096035003027,-0.3331504635901893,4.16286614048028,3.3145126657256423,2.922837618362008,-0.0218893692181527,"[-0.44789897678212753, 0.3100368710091459]",0.5447351235119859,1,0.5447351235119859,38,314.66055950374005,moving,1850,[],[],0.0,[],,15.715811559965998,0,0.0,[],0.0,0,0.0,,
385032,163,,112.38123706648555,111.25800865888895,53,2.101944933225297,0.5212542963571226,-0.2429616927825157,4.032475027860892,3.3546501677325047,0.274292656344381,-2.648544962017627,"[-0.7134146879712517, 0.24530405654239473]",0.7544100987985732,1,0.7544100987985732,39,323.3243360353842,moving,1857,[],[],0.0,[],,,0,0.0,[],0.0,0,0.0,,
398774,163,,111.38555040369134,111.66787649770556,57,2.104664722983656,0.5137872105637936,0.5221604269903068,4.096374296032293,3.401125170056261,2.838701827718334,2.7176457641179925,"[-0.2813444082609493, -0.13918614549008623]",0.3138908395542807,1,0.3138908395542807,43,351.8480045409054,moving,1861,[1842],[1842],1.0,[1842],[110.92450174492114],,0,0.0,[],0.0,0,0.0,,
318358,165,,1.9069779593210223,86.83426923912893,19,1.4590254734545636,0.5300613187390407,2.106896721756564,2.752559792375398,2.27938761396938,0.5214129349026265,,"[0.02861769730826169, -0.049221582898184124]",0.0569362522671636,1,0.0569362522671636,2,1.0905366221717607,moving,1369,[],[],0.0,[],,,0,0.0,[],0.0,0,0.0,,
319664,165,,2.1506136901289694,86.17316124523805,22,1.5054778020768491,0.4971686342613583,1.79850453776252,3.028102937977035,2.323750116187504,1.0996419267290567,-0.0690575674359057,"[0.018886137568709938, -0.034572513590546805]",0.0393947317319559,1,0.0393947317319559,5,4.151492901686386,moving,1362,[],[],0.0,[],,,0,0.0,[],0.0,0,0.0,,
329762,165,,2.69335596253038,84.95045117761786,25,1.4626766591188278,0.5337775199494674,2.472697252713726,2.740236530113331,2.4188126209406344,0.1052861918148632,-0.1540404286610166,"[0.1937959749477609, -0.2504591921053674]",0.3166807332567399,1,0.3166807332567399,8,8.940298549662025,moving,1360,[],[],0.0,[],,31.921197394868585,0,0.0,[],0.0,0,0.0,,
325212,165,,4.44712708819997,83.76113384574487,26,1.519495587809874,0.5196591512944729,2.1472214637587226,2.9240235335504146,2.3596626179831266,0.3163502195177594,0.2110640277028961,"[1.7537711256695898, -1.1893173318729993]",2.1190065778864136,1,2.1190065778864136,9,10.95905968322285,moving,1340,[],[],0.0,[],,28.359366193152816,0,0.0,[],0.0,0,0.0,,
333568,165,,5.008321575000058,82.68297592328346,27,1.471250103883778,0.5325024570562645,-1.280622647651286,2.7628982446710566,2.3702251185112546,0.4949643138492863,0.1786140943315269,"[0.5611944868000878, -1.0781579224614006]",1.215468534262034,1,1.215468534262034,10,12.92801957854781,moving,1321,[1259],[1259],1.0,[1259],[18.48003697376673],8.281207316665808,0,0.0,[1259],1.0,0,0.0,[18.48003697376673],[18.48003697376673]
351368,165,,5.594917722290501,81.86900387822699,35,1.49524489918652,0.5502529845847386,-0.0878977927643227,2.7173771720928364,2.499087624954378,1.6199114183660568,1.3706011584643076,"[0.03700018696197915, -0.07482479033396316]",0.0834731279139757,1,0.0834731279139757,18,29.955035462842424,moving,1332,[],[],0.0,[],,33.70103964603731,0,0.0,[],0.0,0,0.0,,
353565,165,,6.308955476872837,81.6017488485535,36,1.5398314743019292,0.5253997825739805,0.2218487586063223,2.930780570098749,2.4821876241093763,0.7534202013223912,-0.8664912170436656,"[0.7140377545823364, -0.2672550296734926]",0.762414038337939,1,0.762414038337939,19,33.065429036436825,moving,1328,[],[],0.0,[],,37.32849743013435,0,0.0,[],0.0,0,0.0,,
358091,165,,6.677761194303142,81.01498946256177,38,1.5089748672563,0.5429160958938976,0.4894269387495291,2.7793887097265206,2.5223251261162485,1.088089707470508,0.5060893993354831,"[-0.023999199524582515, -0.04875277290869917]",0.0543396213099421,1,0.0543396213099421,21,38.93666122163995,moving,1317,[1351],[1351],1.0,[1351],[141.12294747679476],83.37309298426351,0,0.0,[],0.0,0,0.0,,
356968,165,,7.121747070208813,81.22699176759038,39,1.4868288191761716,0.5345112691317654,0.2214674746738656,2.781660378444977,2.435712621785632,2.473719810774229,1.385630103303721,"[0.4439858759056712, 0.21200230502860506]",0.492004507439889,1,0.492004507439889,22,41.578584186435535,moving,1340,[1354],[1354],1.0,[1354],[153.56147591834164],39.879108108855775,0,0.0,[1354],1.0,0,0.0,[153.56147591834164],[26.438524081658358]
367929,165,,7.766952595184978,81.0618743938613,43,1.5134734614105287,0.5361407070941668,0.1024432935226625,2.8229034680343807,2.507537625376887,0.1811739327320149,-0.8574314872242574,"[-0.17085598565441984, -0.17620094799625008]",0.2454354129067778,1,0.2454354129067778,26,52.80554897842845,moving,1328,[],[],0.0,[],,39.201224987479534,0,0.0,[],0.0,0,0.0,,
374891,165,,8.690459718818795,81.4895043028814,48,1.5063846484450587,0.5374506002990234,0.7078956615957298,2.8028336885416927,2.486412624320628,2.9246658283513067,1.4626563730487043,"[0.18686789664004344, 0.028511969553775884]",0.1890305351061288,1,0.1890305351061288,31,72.60898406426317,moving,1342,[],[],0.0,[],,18.269945890038063,0,0.0,[],0.0,0,0.0,,
381999,165,,9.088235394875891,81.86195031252848,49,1.5075348580125902,0.528362712375468,0.3695656173673152,2.8532196211100107,2.4568376228418742,0.6011133408977648,-2.323552487453542,"[0.39777567605709585, 0.37244600964707786]",0.5449234061450388,1,0.5449234061450388,32,78.3666492292528,moving,1359,[],[],0.0,[],,12.871153033620793,0,0.0,[],0.0,0,0.0,,
380888,165,,10.216844824709389,82.5200114262952,50,1.505273071416977,0.5314584288191341,0.3718793908813733,2.8323439610537284,2.4441626222081325,0.2246439989647392,-0.3764693419330256,"[1.1286094298334977, 0.6580611137667205]",1.306446965843233,1,1.306446965843233,33,85.25022745583087,moving,1366,[],[],0.0,[],,6.9290549423669745,0,0.0,[],0.0,0,0.0,,
384880,165,,10.59046259837808,82.68104214065946,52,1.5123328055619731,0.5559772005515515,0.4290651231769289,2.7201345739747578,2.486412624320628,0.9936970893128758,0.9149028197007708,"[0.017492911142364065, -0.010595729101495976]",0.0204516849043528,1,0.0204516849043528,35,94.8398948262825,moving,1375,[],[],0.0,[],,9.171992248730549,0,0.0,[],0.0,0,0.0,,
396869,165,,11.051263855469935,82.97447177133392,57,1.511448846250659,0.521057466883234,0.316469122820489,2.9007334935464346,2.463175123158754,0.0207589859455512,-3.0552584021759728,"[0.16399026157917085, 0.02611093563550071]",0.1660559750583101,1,0.1660559750583101,40,118.49838967333272,moving,1381,[],[],0.0,[],,30.32175224327691,0,0.0,[],0.0,0,0.0,,
397745,165,,12.120765493252168,83.01493109297857,58,1.4717283846650442,0.5512894928738145,0.2410119820730796,2.669610801020492,2.480075124003764,0.1200850160808992,0.0993260301353479,"[1.0695016377822313, 0.04045932164464716]",1.070266653655443,1,1.070266653655443,41,128.55293941721175,moving,1392,[],[],0.0,[],,,0,0.0,[],0.0,0,0.0,,
398899,165,,13.039879290938362,83.4233966320504,59,1.5060140521518566,0.5476961551123362,0.5569876335085786,2.7497254419158064,2.5307751265387566,0.3803855046458618,0.2603004885649626,"[0.9191137976861938, 0.4084655390718268]",1.005790370657015,1,1.005790370657015,42,137.2705682893597,moving,1396,[],[],0.0,[],,,0,0.0,[],0.0,0,0.0,,
321617,169,,49.45943938082204,98.7408100286697,22,1.3637528600188888,0.5345210943990489,1.099002959974916,2.5513546131460503,2.049125102456256,2.4015115862104093,0.1425588387589549,"[0.0023633493118495608, 0.004475593045484061]",0.0050612600287482,1,0.0050612600287482,3,2.380777522935599,moving,1580,[],[],0.0,[],,,0,0.0,[],0.0,0,0.0,,
329341,169,,50.063595373229134,99.12070669139496,24,1.382110571181735,0.4848607141496138,1.0191981284754417,2.85053115430436,2.072362603618126,0.3687116480816406,-0.068875313487439,"[0.16359910580214176, 0.046806472170047186]",0.1701631959510216,1,0.1701631959510216,5,3.072125103870159,moving,1579,[1543],[],1.0,[1543],[0.0],,0,0.0,[],0.0,0,0.0,,
330647,169,,50.24661567890392,98.59040585631482,25,1.4087041711861037,0.4839547421625905,0.9809288189140052,2.910817992796592,2.0554626027731264,1.5171312541201845,1.148419606038544,"[0.18302030567478056, -0.5303008350801548]",0.5609950159992508,1,0.5609950159992508,6,3.558827220955997,moving,1586,[1548],[],1.0,[1548],[10.164169635845099],24.99209642548009,0,0.0,[],0.0,0,0.0,,
333819,169,,50.18884619142569,98.03622959576452,27,1.4274954556215376,0.4722818733828007,0.7299417819805403,3.02254974428058,2.002650100132504,1.7253864490492816,1.573008449451219,"[-0.296161115602942, -0.10148011156074688]",0.3130648805560291,1,0.3130648805560291,8,5.413529817568652,moving,1585,[],[],0.0,[],,91.39754489103574,0,0.0,[],0.0,0,0.0,,
350860,169,,50.7481481403821,97.99168413941824,31,1.427580049082411,0.4586200919765289,0.3119770512543165,3.112772584667902,1.9920875996043752,0.3017320107935118,-2.725606833565227,"[0.16977777721831444, 0.0590457826774724]",0.1797523242942547,1,0.1797523242942547,12,6.445335603253243,moving,1585,[1602],[],1.0,[1602],[124.33608135591612],10.428393693341848,0,0.0,[1602],1.0,0,0.0,[124.33608135591612],[55.66391864408388]
351952,169,,51.34363273407009,98.05295572885386,32,1.5128007981998968,0.4598922221054711,-0.0530829766432741,3.289468109014796,2.019550100977494,0.2321653451009638,-0.0695666656925479,"[0.595484593687992, 0.06127158943560573]",0.5986285233696423,1,0.5986285233696423,13,7.0680496675070925,moving,1597,[1599],[1599],1.0,[1599],[6.3815605325934435],176.66440716430697,1,1.0,[1568],1.0,1,1.0,[125.82957516221099],[54.170424837789014]
352850,169,,50.72575900373829,98.02555624812868,33,1.4126353665989733,0.4730715064616969,0.0295761317905299,2.986092688533863,2.002650100132501,3.0833755761010595,2.8512102310000955,"[-0.6178737303318016, -0.027399480725193825]",0.6184809440703458,1,0.6184809440703458,14,7.722148064339687,moving,1593,[1596],[1596],1.0,[1596],[167.01897006566927],2.6628994739020073,0,0.0,[],0.0,0,0.0,,
348897,169,,49.17809845167184,97.88465348877864,34,1.372674453925619,0.5007906834191573,-0.3856376448139992,2.741014358641139,2.028000101400006,0.0464763634691861,-3.036899212631873,"[-1.5476605520664464, -0.14090275935002694]",1.5540613797450438,1,1.5540613797450438,15,8.288345453908839,moving,1593,[1613],[1613],1.0,[1613],[15.74931961111205],17.06290424120415,0,0.0,[],0.0,0,0.0,,
358917,169,,47.63006993657566,98.20977106694716,38,1.4135738210080973,0.4777953172558512,1.7836261826959972,2.9585342718023178,2.099825104991258,0.9154060576165254,-0.4839848368217073,"[0.06210822105760627, -0.14996823415864924]",0.1623203695769694,1,0.1623203695769694,19,10.664530060123331,moving,1607,[1644],[],1.0,[1644],[9.867406133089332],2.077768224700117,0,0.0,[],0.0,0,0.0,,
358328,169,,47.00115221138845,98.36586297563048,39,1.4402477203620665,0.4760274071326136,1.4107741642486942,3.025556299452389,2.07236260361813,2.206710396222739,1.2913043386062135,"[-0.6289177251872076, 0.15609190868332234]",0.6479986026304799,1,0.6479986026304799,20,11.906437778757738,moving,1608,[1648],[1648],1.0,[1648],[12.25854660265739],93.01176686920805,0,0.0,[],0.0,0,0.0,,
362600,169,,47.40781389310136,99.7001205896185,40,1.415478648910686,0.4916934807465859,1.4348510217658357,2.878782624413542,2.1167251058362537,1.6233615749650565,-0.5833488212576823,"[0.4066616817129045, 1.3342576139880151]",1.3948537930043272,1,1.3948537930043272,21,13.09169260343808,moving,1635,[1680],[],1.0,[1680],[6.593241698362434],40.14035735344469,0,0.0,[],0.0,0,0.0,,
361576,169,,47.01679504364962,100.61287922764495,41,1.434235610376103,0.4873809471155202,1.0358825164560386,2.942740414586122,2.15897510794875,0.7005813987447189,-0.9227801762203376,"[-0.3910188494517328, 0.9127586380264461]",0.9929874480165648,1,0.9929874480165648,22,14.196160882257496,moving,1638,[],[],0.0,[],,163.86870703045457,1,0.0,[],0.0,1,0.0,,
369171,169,,47.17548860076253,99.33126733301948,42,1.4350426184789429,0.4526945344184159,1.38155062720994,3.17000208611435,2.015325100766257,2.8600484786674185,2.1594670799227,"[0.15869355711290467, -1.2816118946254704]",1.2913995096462731,1,1.2913995096462731,23,15.190209489286266,moving,1612,[],[],0.0,[],,8.832562593403363,0,0.0,[],0.0,0,0.0,,
369111,169,,47.1692399534036,99.12950837794318,45,1.4399767459115558,0.4872394469674406,1.1724646543141088,2.955378007412813,2.1484126074206253,1.0965907766142735,-1.90652061890732,"[-0.011862796291659095, 0.012107306614041136]",0.0169503041065287,1,0.0169503041065287,26,19.72798014112148,moving,1630,[1682],[],1.0,[1682],[4.18491612511842],123.56711914375776,0,0.0,[],0.0,0,0.0,,
378140,169,,46.895814013916585,99.3233989994596,46,1.454639665650154,0.4634686619801375,1.2851679874589734,3.1385933612756203,2.0618001030900084,0.1787807388829773,-0.9178100377312964,"[-0.2734259394870122, 0.19389062151641667]",0.3351944472934741,1,0.3351944472934741,27,20.112039541484343,moving,1626,[],[],0.0,[],,94.09357108911765,0,0.0,[],0.0,0,0.0,,
381068,169,,46.42341233723592,98.54482793065368,47,1.4203244123268612,0.4991302215776609,1.1624566455469496,2.8455989057073543,2.1484126074206378,1.6422426204644496,1.4634618815814722,"[-0.47240167668066135, -0.7785710688059169]",0.9106790067374388,1,0.9106790067374388,28,19.71542646420897,moving,1618,[],[],0.0,[],,17.972331128090172,0,0.0,[],0.0,0,0.0,,
376098,169,,46.2609353945093,97.8561680692086,48,1.4447537326173658,0.4593991395644644,1.4028315663419224,3.1448768798023257,2.023775101188756,0.3136763524438352,-1.3285662680206145,"[-0.16247694272662017, -0.6886598614450747]",0.7075670722153051,1,0.7075670722153051,29,19.61900790661906,moving,1595,[],[],0.0,[],,24.626721221231858,0,0.0,[],0.0,0,0.0,,
381994,169,,46.46899026158717,96.8198107889976,50,1.4495844444592498,0.4461635001830578,1.4351528681372048,3.24899827947489,2.002650100132507,0.1122281995248812,-0.3501929015831859,"[0.03637336002623215, -0.3055157132205011]",0.3076733208197119,1,0.3076733208197119,31,19.5309836831781,moving,1575,[1630],[],1.0,[1630],[5.453918888591247],178.0090585532929,1,1.0,[1558],1.0,1,1.0,[60.70863782901575],[60.70863782901575]
375324,169,,46.40597865663303,97.20206290825,51,1.4490904418511137,0.4490840915775128,-1.475962473257301,3.226768591959792,2.002650100132502,3.0967166693511707,2.9844884698262897,"[-0.06301160495414138, 0.3822521192523709]",0.3874108220375697,1,0.3874108220375697,32,19.00446152433352,moving,1586,[1638],[1638],1.0,[1638],[3.433630362450529],6.525271558830292,0,0.0,[],0.0,0,0.0,,
386495,169,,46.07212755917292,98.37515172584054,52,1.3930846517261095,0.5146094390731634,-1.2189347238208,2.707071705165617,2.0639126031956248,0.1138874732883158,-2.982829196062855,"[-0.3338510974601121, 1.1730888175905534]",1.2196695983877452,1,1.2196695983877452,33,18.77684214985898,moving,1623,[1661],[],1.0,[1661],[1.6785168497270888],15.68161170844107,0,0.0,[],0.0,0,0.0,,
383571,169,,45.31810703927338,99.6023531350172,53,1.4668567029592814,0.4805714561873795,1.642037928681559,3.05231757748704,2.0744751037237537,0.2736957563315876,0.1598082830432718,"[-0.7540205198995409, 1.227201409176672]",1.4403368505716931,1,1.4403368505716931,34,18.0673164198819,moving,1644,[],[],0.0,[],,150.89768926652118,0,0.0,[],0.0,0,0.0,,
390369,169,,45.39956005424841,97.71040608856924,54,1.4458497459393336,0.5079881218350427,-1.497205936921626,2.846227468304543,2.1632001081600003,2.633661511352106,2.3599657550205184,"[0.08145301497503254, -1.8919470464479815]",1.8936996119268132,1,1.8936996119268132,35,16.82526189343698,moving,1605,[1647],[],1.0,[1647],[4.787710489777979],170.5724998324188,0,0.0,[1572],1.0,1,1.0,[38.61248571311579],[38.61248571311579]
391749,169,,45.283860355401366,98.25978724614738,55,1.4335593316526998,0.5155014643773869,1.5615841450480872,2.780902539984297,2.1758751087937576,2.977051735433188,0.3433902240810815,"[-0.11569969884704534, 0.5493811575781535]",0.5614321656399899,1,0.5614321656399899,36,15.83989848751682,moving,1624,[1671],[1671],1.0,[1671],[14.430775882212629],105.84383286498992,0,0.0,[],0.0,0,0.0,,
397513,169,,45.96735199224832,98.21257865506084,56,1.4531738516163508,0.4956215273427497,-1.4178534051991862,2.9320232706748444,2.171650108582501,1.847323376424631,-1.1297283590085565,"[0.6834916368469521, -0.047208591086530305]",0.6851200396369246,1,0.6851200396369246,37,14.74137081374844,moving,1618,[1660],[],1.0,[1660],[1.793204794381296],81.25088963673991,0,0.0,[],0.0,0,0.0,,
397932,169,,46.21285168442711,99.301925432293,57,1.4718330817488388,0.4787928777978927,-1.2542522345601417,3.074049656958612,2.1294001064700043,1.418095544335625,-0.4292278320890064,"[0.24549969217878953, 1.0893467772321372]",1.116667587031129,1,1.116667587031129,38,15.505233234004882,moving,1645,[1684],[],1.0,[1684],[2.051719986935396],55.80539874510334,0,0.0,[],0.0,0,0.0,,
398862,169,,45.50330008977871,100.06003197105404,58,1.4905222180475448,0.4783948086115565,-1.492779780168238,3.1156738978282017,2.1505251075262564,0.9739879484903614,-0.4441075958452632,"[-0.7095515946483957, 0.758106538761055]",1.0383587961684286,1,1.0383587961684286,39,17.829796726397873,moving,1676,[1720],[],1.0,[1720],[6.246315620990117],,0,0.0,[],0.0,0,0.0,,
399961,169,,45.54698857252552,100.49314073981634,59,1.4196560669601594,0.5076657444024204,-1.5253220360852098,2.7964385673318457,2.129400106469996,0.8528587415519561,-0.1211292069384053,"[0.04368848274680914, 0.4331087687622954]",0.4353066609914322,1,0.4353066609914322,40,18.31522261574404,moving,1681,[],[],0.0,[],,,0,0.0,[],0.0,0,0.0,,
328400,286,170.0,85.20710145678454,70.25642263183771,25,1.3731632657919193,0.5231281389279077,2.3714824961641163,2.624908055234924,2.091375104568745,0.5164066643303573,-0.4156412628649674,"[-0.07908204793712059, 0.20919212247265762]",0.2236410391912549,1,0.2236410391912549,3,2.2457848853606333,moving,1115,[],[],0.0,[],,,0,0.0,[],0.0,0,0.0,,
323292,286,170.0,84.58225035222706,70.34042052320211,26,1.3075460179722536,0.5488406054260492,2.570183262812641,2.38237842653286,2.097712604885631,1.075739495129849,0.5593328307994914,"[-0.6248511045574787, 0.08399789136440461]",0.6304716874058403,1,0.6304716874058403,4,3.0146617830552747,moving,1115,[],[],0.0,[],,,0,0.0,[],0.0,0,0.0,,
342472,286,170.0,83.94912709871817,70.77263010264122,28,1.351842868201656,0.5270549640342598,2.570776391247096,2.564899223895334,2.1125001056249992,0.8333352470618609,0.5994366056854109,"[-0.08590231099509538, 0.2215186069876296]",0.2375914566562484,1,0.2375914566562484,6,3.779519746644953,moving,1121,[1093],[],1.0,[1093],[20.64046919509549],120.25916302353482,0,0.0,[1133],1.0,0,0.0,[127.02437960092661],[52.97562039907339]
344509,286,170.0,84.7106003196944,71.13454534682302,34,1.380814592212623,0.5107404557772688,1.5135160580906544,2.703554372075802,2.0364501018224983,0.5166744103499131,-0.6800317013852611,"[0.009680480644320255, 0.013077324054819428]",0.0162704674161444,1,0.0162704674161444,12,3.906357503661421,moving,1125,[],[],0.0,[],,146.96860134478098,0,0.0,[],0.0,0,0.0,,
351676,286,170.0,83.29842276236644,68.83437770450695,36,1.4030323414211827,0.5230201006468014,0.9375170080818974,2.6825591209326367,2.237137611856878,3.054971707498848,1.2691486485744674,"[-1.4121775573279507, -2.300167642316069]",2.699076997082262,2,1.349538498541131,13,4.284217542096592,moving,1096,[],[],0.0,[],,84.68471281800005,0,0.0,[],0.0,0,0.0,,
357134,286,170.0,82.59945858672417,69.1788013513968,38,1.3992503622688688,0.531029626333363,0.5688231752222668,2.634976078322352,2.235025111751259,0.7109783735947877,-0.9088041416598373,"[-0.16765337779345657, -0.018751123865740738]",0.1686987247485405,1,0.1686987247485405,15,4.628789958164195,moving,1122,[1144],[],1.0,[1144],[4.896916967609144],79.0657811222056,0,0.0,[],0.0,0,0.0,,
355338,286,170.0,82.81419701380511,69.96385238116896,39,1.3290294618918896,0.5356100833329107,0.3204588306588392,2.4813376432755203,2.1167251058362564,1.9491811293637744,1.2382027557689863,"[0.21473842708094537, 0.7850510297721627]",0.813890478757143,1,0.813890478757143,16,4.6486194257107165,moving,1149,[1160],[1160],1.0,[1160],[4.73120706101048],36.35780040103492,0,0.0,[],0.0,0,0.0,,
361791,286,170.0,83.68143760294413,70.64984096224295,40,2.605026562966253,0.5645789453428394,0.1938834787051355,4.614105050241213,4.203875210193751,0.6345633257809742,-1.3146178035828,"[0.8672405891390156, 0.6859885810739854]",1.1057515872989223,1,1.1057515872989223,17,4.503074095741229,moving,1156,[],[],0.0,[],,43.79649463802413,0,0.0,[],0.0,0,0.0,,
365722,286,170.0,84.37692661639008,70.58345553117061,42,1.4308939822082318,0.5198898822924465,0.0880973108076163,2.7523020373059133,2.177987608899376,2.753009620960249,2.1384191542068223,"[-0.2486122085125544, -0.11802198201367275]",0.275203957929252,1,0.275203957929252,19,4.540571603646082,moving,1149,[1147],[1147],1.0,[1147],[156.23799338699106],179.98376593931928,0,0.0,[],0.0,0,0.0,,
367200,286,170.0,84.04745936613888,70.61480945767364,43,1.3705775218422025,0.5301010348978633,0.0696082952096229,2.585502445031591,2.142075107103741,0.5381022603318927,-2.2149073606283567,"[-0.3294672502511986, 0.03135392650303004]",0.3309557941708278,1,0.3309557941708278,20,4.334525746235769,moving,1151,[],[],0.0,[],,151.48071182194093,0,0.0,[1148],1.0,1,1.0,[18.488446267238345],[18.488446267238345]
387285,286,170.0,84.8291720111266,70.08842051430298,44,1.4459480907783324,0.5118233316218985,-0.078696125944339,2.825092178186406,2.184325109216251,2.6438371745575675,2.1057349142256747,"[0.7817126449877208, -0.5263889433706623]",0.9424223994773154,1,0.9424223994773154,21,3.733396953039149,moving,1152,[],[],0.0,[],,35.460228864662774,0,0.0,[],0.0,0,0.0,,
367148,286,170.0,85.234675820509,70.09907249590078,45,1.3422321077019987,0.5046732680117438,-0.082418231621568,2.659606111078514,2.05546260277313,0.6188977471990962,-2.024939427358471,"[0.4055038093823953, 0.010651981597803228]",0.4056436911078415,1,0.4056436911078415,22,3.3199158008615632,moving,1164,[1168],[],1.0,[1168],[13.349988218200185],167.1540583120505,0,0.0,[1147],1.0,0,0.0,[4.24661493383402],[4.24661493383402]
374253,286,170.0,84.1713762764543,70.31233619488115,46,2.633837518754824,0.5373381226348878,-0.3234137842283082,4.901639038450418,4.146837707341884,2.9173886756158764,2.29849092841678,"[-1.0632995440547006, 0.21326369898037]",1.0844755993980335,1,1.0844755993980335,23,2.832633641613829,moving,1149,[],[],0.0,[],,173.05853569478091,0,0.0,[],0.0,0,0.0,,
376821,286,170.0,85.28386426383963,69.94478907069714,47,1.3651065265753295,0.505735987380707,-0.5101246093937638,2.699247355612262,2.127287606364384,3.02044124655406,0.1030525709381828,"[1.112487987385336, -0.36754712418401425]",1.1716315165497275,1,1.1716315165497275,24,3.2361266321019,moving,1146,[1170],[],1.0,[1170],[18.924644416051244],154.25953556110397,0,0.0,[1126],1.0,1,1.0,[16.858398767738265],[16.858398767738265]
380866,286,170.0,84.60475970573304,69.85589221327236,49,1.3335039729062923,0.5505553727246388,-1.123983854970266,2.422106910530953,2.156862607843135,0.4551523409152155,-2.2612615972606385,"[-0.031754755856141514, -0.019963443086837174]",0.0375087133792208,1,0.0375087133792208,26,5.03379430406604,moving,1137,[1171],[],1.0,[1171],[21.682712574543842],5.727875050893185,0,0.0,[],0.0,0,0.0,,
379587,286,170.0,84.14873206773727,69.74905228347333,50,1.3374957269146472,0.5527591472487686,-1.1214918620388454,2.419671811080331,2.1526376076318803,0.3311049220969803,-0.1240474188182351,"[-0.45602763799577417, -0.10683992979902257]",0.4683758930767733,1,0.4683758930767733,27,6.4124580912864,moving,1132,[],[],0.0,[],,82.10439284129,0,0.0,[],0.0,0,0.0,,
384054,286,170.0,83.16169365732746,72.30951402247261,52,1.392017369682114,0.5311233814059004,1.781642260034887,2.6208926558597363,2.1906626095331223,1.4329919854313724,0.550943531667196,"[-0.9870384104098093, 2.5604617389992796]",2.744122654056035,2,1.3720613270280175,28,8.045464697860568,moving,1188,[],[],0.0,[],,,0,0.0,[],0.0,0,0.0,,
395906,286,170.0,83.61735357556833,72.83520479116558,56,1.3713968831470065,0.5401247189922345,1.580506226464352,2.5390374388081347,2.13362510668125,1.2788646785428393,1.167628975734154,"[0.16801718888569894, -0.01657491536248301]",0.1688327680882064,1,0.1688327680882064,32,11.389303703127714,moving,1202,[1156],[1156],1.0,[1156],[23.38158195915183],,0,0.0,[1245],1.0,0,0.0,[3.7371206773013768],[3.7371206773013768]
328212,287,170.0,86.75401454428909,68.5169070488263,25,1.4723744755938633,0.5295444539253682,-0.9573913559761176,2.780454907382287,2.190662609533136,0.1068732150937225,-0.5180818690593026,"[-0.15546757831978653, 0.1679391746911847]",0.2288530845424094,1,0.2288530845424094,3,1.9268284575516028,moving,1088,[1115],[1115],1.0,[1115],[26.7059132891276],,0,0.0,[],0.0,0,0.0,,
322988,287,170.0,86.47571299360584,68.95846400635402,26,1.3446077349079877,0.5563154394059213,2.389920518842585,2.416987988584082,2.1843251092162506,0.1844717204747389,0.0775985053810163,"[-0.2783015506832527, 0.44155695752772317]",0.5219428128194147,1,0.5219428128194147,4,2.531147390358778,moving,1092,[1115],[1115],1.0,[1115],[11.776373562912802],,0,0.0,[],0.0,0,0.0,,
344961,287,170.0,85.41727411704409,68.72990985471789,32,1.410942503861448,0.5064048285064165,1.768274746405729,2.7861948078632315,2.146300107315008,0.2230016216649097,-0.3117350093091141,"[-0.16000424148766967, -0.12632433161385848]",0.2038607221897651,1,0.2038607221897651,10,5.366329246408984,moving,1080,[1128],[],1.0,[1128],[9.68506375867534],13.868518642286483,0,0.0,[],0.0,0,0.0,,
344240,287,170.0,84.43627222583582,68.7587414562315,34,1.4583478463311583,0.5027047634245276,1.3381992268293477,2.901002640986719,2.1441876072093606,0.1056999429652132,-0.6265537075449642,"[-0.3211696717429362, -0.013418466195417977]",0.3214498612264484,1,0.3214498612264484,12,7.10344647759369,moving,1082,[1125],[1125],1.0,[1125],[9.867430835029424],79.61084006595821,0,0.0,[],0.0,0,0.0,,
349555,287,170.0,84.26049760200033,69.90666674599264,35,2.6220483962720387,0.5363720987859535,1.2582122994222174,4.888487678995403,4.220775211038746,1.4606084839602769,1.3549085409950636,"[-0.17577462383549403, 1.1479252897611332]",1.161304951017471,1,1.161304951017471,13,8.093157667178854,moving,1097,[],[],0.0,[],,22.67759863594281,0,0.0,[],0.0,0,0.0,,
357349,287,170.0,84.45648910328275,70.69439282427057,38,1.3469561220248507,0.5255379407045035,0.734894446658208,2.563004528691506,2.165312608265633,0.5186748349567603,-2.3071149821854267,"[-0.004294829454011051, -0.16203550082475715]",0.1620924090991583,1,0.1620924090991583,16,10.058801524414196,moving,1144,[],[],0.0,[],,51.561963466038634,0,0.0,[],0.0,0,0.0,,
355433,287,170.0,84.99933459475628,70.94139469235806,39,1.356315633795617,0.4925598370758368,0.4745024043407193,2.7536058194423845,2.03856260192813,2.0243106896697824,1.5056358547130222,"[0.5428454914735283, 0.24700186808749436]",0.5963984829389227,1,0.5963984829389227,17,10.626560550266577,moving,1160,[],[],0.0,[],,162.43062822186533,0,0.0,[],0.0,0,0.0,,
367191,287,170.0,81.6573007772865,70.5371541253648,43,1.3492707749020525,0.5223715674220814,3.037716035718358,2.5829713159174075,2.116725105836261,0.340005244306169,-0.1448121783646114,"[-0.31623563975819025, -0.010023981328131981]",0.3163944690650243,1,0.3163944690650243,20,11.15547126418402,moving,1149,[1151],[1151],1.0,[1151],[158.9003154195554],166.36465671611802,0,0.0,[1148],1.0,1,1.0,[140.41186915231705],[39.58813084768295]
387301,287,170.0,82.44460800425276,70.44412966806767,44,1.4281370800963502,0.5044290104878534,-0.2644877093019525,2.831195372199434,2.180100109005,2.992295503218476,2.6522902589123065,"[0.7873072269662629, -0.09302445729711906]",0.792783841465459,1,0.792783841465459,21,10.80699465413658,moving,1157,[1152],[1152],1.0,[1152],[8.743368300519442],5.487014389237952,0,0.0,[],0.0,0,0.0,,
367168,287,170.0,82.84349653722464,70.43541517233595,45,1.4083450117940577,0.5121330250080232,2.8836128408092017,2.7499593719268427,2.1632001081600016,0.0957664671965079,-2.896529036021968,"[0.3988885329718812, -0.00871449573172356]",0.3989837141692851,1,0.3989837141692851,22,11.043251116716435,moving,1168,[],[],0.0,[],,62.112222967963966,0,0.0,[],0.0,0,0.0,,
376964,287,170.0,83.30802589221649,71.26866368647222,47,1.3725214037424989,0.5360620976792948,2.4077086788843927,2.560377631032637,2.218125110906259,1.0840627965238157,0.4941481646636538,"[0.46452935499185344, 0.8332485141362724]",0.9539866917098232,2,0.4769933458549116,23,11.519524595363302,moving,1170,[],[],0.0,[],,37.94984702988852,0,0.0,[],0.0,0,0.0,,
373112,287,170.0,83.22025477924353,71.83494209683401,48,1.3827829929260194,0.5187850173059361,2.103536198343916,2.665425844614494,2.152637607631879,0.6623497812997455,-0.4217130152240701,"[-0.08777111297295903, 0.5662784103617895]",0.573040143719781,1,0.573040143719781,24,11.662060997419124,moving,1172,[],[],0.0,[],,67.48560313498284,0,0.0,[],0.0,0,0.0,,
381032,287,170.0,83.66099031354946,72.10317621369535,49,1.3987047263059578,0.5255515980270917,1.8341455205894663,2.6614032410074717,2.182212609110625,1.1778459723996575,0.5154961910999122,"[0.4407355343059294, 0.26823411686133625]",0.5159431680411265,1,0.5159431680411265,25,11.25995218431808,moving,1171,[1137],[1137],1.0,[1137],[21.682712574543842],163.53066124518975,0,0.0,[],0.0,0,0.0,,
379772,287,170.0,83.19477037255197,71.97951155558606,50,1.4004601658437072,0.5144446087394609,1.9104670711746337,2.722275910860924,2.165312608265627,2.854148466692051,1.6763024942923934,"[-0.4662199409974903, -0.12366465810929128]",0.4823421825312309,1,0.4823421825312309,26,10.66496010835933,moving,1171,[1132],[],1.0,[1132],[16.474839927875635],,0,0.0,[],0.0,0,0.0,,
372526,287,170.0,83.65412257426817,71.13718254330652,51,2.678262573298377,0.5286274050474146,1.88150298239086,5.066446702773863,4.345412717270638,1.8107726110239284,-1.0433758556681227,"[0.45935220171620017, -0.842329012279535]",0.9594386953575188,1,0.9594386953575188,27,9.602406786504652,moving,1139,[],[],0.0,[],,,0,0.0,[],0.0,0,0.0,,
308570,171,,2.2128387362478845,45.7604563260841,20,1.803077396856328,0.5139207501991063,1.323146656737788,3.5084736239153,2.765262638263129,,,"[0.0, 0.0]",0.0,0,0.0,0,0.0,moving,736,[],[],0.0,[],,,0,0.0,[],0.0,0,0.0,,
336552,171,,2.325331773343651,45.28110954626721,29,1.8189394640298349,0.5040706997639172,1.4283943647423951,3.608500682308533,2.82863764143188,0.3898636614771186,-2.262552125323336,"[0.0683177766271581, 0.31691338145172665]",0.3241934761009941,1,0.3241934761009941,9,4.471019685867047,moving,716,[],[],0.0,[],,,0,0.0,[],0.0,0,0.0,,
335060,171,,2.4298520385744777,46.30070977429797,30,1.8632127054536465,0.4926239544654214,1.3386409171503255,3.7822210807339656,2.7948376397418806,0.1101690070919978,-0.2796946543851208,"[0.10452026523082658, 1.019600228030754]",1.024943467145524,1,1.024943467145524,10,5.393887186879393,moving,739,[],[],0.0,[],,9.46279950148948,0,0.0,[],0.0,0,0.0,,
345674,171,,2.712221879720862,47.33176263085688,36,1.8540484369076504,0.5109781702842148,1.087726565627211,3.6284298326803217,2.8603251430162557,2.234963525843222,-0.8194400051897315,"[0.01198272566429548, 0.00015723358738028992]",0.0119837572049322,1,0.0119837572049322,16,8.063743457776214,moving,766,[],[],0.0,[],,80.66656542243233,0,0.0,[],0.0,0,0.0,,
345138,171,,2.333768201965289,47.50542581203087,37,1.7949944731682737,0.5222463280863968,-1.5580002284696446,3.437064803778424,2.7652626382631293,2.698261353428862,0.4632978275856407,"[-0.37845367775557337, 0.1736631811739855]",0.4163965498202259,1,0.4163965498202259,17,8.412407497272223,moving,774,[],[],0.0,[],,0.1654031273005312,0,0.0,[],0.0,0,0.0,,
352529,171,,1.9516076799112512,47.6794562006865,38,1.8441762673198103,0.5073002510576953,1.5204892703552495,3.635275684320669,2.832862641643132,0.0028868291644511,-2.695374524264412,"[-0.3821605220540374, 0.17403038865563758]",0.4199205172318288,1,0.4199205172318288,18,8.721013071746015,moving,770,[],[],0.0,[],,50.563847112638214,0,0.0,[],0.0,0,0.0,,
355269,171,,1.7839070797735483,48.30741326798624,40,1.811904640010186,0.4740213528291834,0.4855726208987468,3.8224114361006793,2.522325126116257,0.4492242988656524,-0.6242429996966339,"[-0.14096235183824213, 0.2466362043984347]",0.2840771056523824,1,0.2840771056523824,20,8.052190526493302,moving,793,[],[],0.0,[],,,0,0.0,[],0.0,0,0.0,,
360661,171,,1.4709923972363033,48.11438146478674,41,1.7068085190314917,0.4359698517029914,0.6165071261485081,3.914969148358156,2.258262612913128,1.6043077301307254,1.1550834312650728,"[-0.3129146825372451, -0.19303180319949576]",0.3676640798253668,1,0.3676640798253668,21,6.091299549321107,moving,785,[],[],0.0,[],,,0,0.0,[],0.0,0,0.0,,
306689,173,,71.3795673873262,1.7904043000792766,22,1.3635079041123412,0.4909005946599043,2.211964441357196,2.7775641727567653,1.9857500992875,2.91728358974481,,"[-0.14910820792567847, -0.0036387611423660537]",0.1491526005588188,1,0.1491526005588188,2,1.23170947546449,moving,48,[76],[76],1.0,[76],[122.63012322161919],,0,0.0,[],0.0,0,0.0,,
308945,173,,70.92577036544247,1.8396597405466208,23,1.329534044589881,0.5397946844008904,2.431266150840674,2.463036563736284,2.1209501060475047,0.1325160831490685,-2.784767506595742,"[-0.45379702188373017, 0.0492554404673442]",0.4564623045621344,1,0.4564623045621344,3,1.720223213152353,moving,52,[],[],0.0,[],,,0,0.0,[],0.0,0,0.0,,
314272,173,,70.30462112011017,2.483478359814971,24,1.3206860092693755,0.5285940270218963,2.4257596823892547,2.4984883327383267,2.076587603829375,0.695199721705799,0.5626836385567305,"[-0.6211492453323046, 0.6438186192683502]",0.8946109766225185,1,0.8946109766225185,4,1.4170437115157228,moving,56,[],[],0.0,[],,1.8876907389307085,0,0.0,[],0.0,0,0.0,,
316748,173,,69.79172049479273,3.051403071076761,25,1.320938442135049,0.553726335573103,2.589983307891279,2.385543827833088,2.163200108160001,0.0329464186537455,-0.6622533030520534,"[-0.5129006253174424, 0.56792471126179]",0.7652486714217877,1,0.7652486714217877,5,0.886048952338506,moving,66,[44],[44],1.0,[44],[29.43641446745586],173.6692867689917,1,1.0,[],0.0,0,0.0,,
310688,173,,70.50346707561549,2.419847776232229,26,2.4785623805764416,0.5808548564052762,2.531424027740372,4.26709418582719,4.161625208081256,3.03110086370913,2.9981544450553845,"[0.7117465808227621, -0.631555294844532]",0.9515488877399082,1,0.9515488877399082,6,0.3902196651641695,moving,46,[],[],0.0,[],,9.956756005607495,0,0.0,[],0.0,0,0.0,,
336048,173,,71.4947873575006,1.8093416194010468,28,1.2925395679520035,0.5322160042732398,2.3929352335163125,2.4285995865851744,2.093487604674385,0.22792166921412,0.0421022790182735,"[0.04463173774826146, -0.043094261065841355]",0.0620411746442673,1,0.0620411746442673,8,1.0936800929944368,moving,42,[66],[66],1.0,[66],[32.40788206300938],170.0763607253954,1,1.0,[],0.0,0,0.0,,
335068,173,,70.93516860604858,2.305331232932085,29,2.4889698118435204,0.5623558149357208,2.6059047036758853,4.425969725462904,4.241900212095009,3.0989123785780217,2.8709907093639018,"[-0.559618751452021, 0.4959896135310382]",0.7477826179494863,1,0.7477826179494863,9,1.144131526138054,moving,47,[],[],0.0,[],,11.272778335420536,0,0.0,[],0.0,0,0.0,,
334400,173,,70.09075740914177,2.7983258045072943,30,1.3048239047775505,0.5416297410255474,2.4221969387556306,2.409069897651733,2.085037604251879,0.196747097800574,-2.902165280777448,"[-0.8444111969068047, 0.4929945715752093]",0.9777903236707788,1,0.9777903236707788,10,1.2468456184597454,moving,63,[32],[32],1.0,[32],[28.630198679715676],159.49019817071152,1,1.0,[],0.0,0,0.0,,
336496,173,,70.52937310826358,2.2607680303754103,32,1.2968246828714456,0.5145130873596658,2.3838979019191804,2.520489205680616,2.0470126023506365,2.326485503458879,-0.3989692990097762,"[0.010407381325762799, 0.05443914638837333]",0.0554250326617366,1,0.0554250326617366,12,0.6599408653683213,moving,53,[15],[15],1.0,[15],[0.051020271032093945],,0,0.0,[],0.0,0,0.0,,
337432,173,,71.01319997352903,1.8796622091537447,33,1.3273361327365554,0.5117491858169347,2.270294949021023,2.593723975579272,2.03222510161125,2.0490909090298537,-0.2773945944290252,"[0.48382686526544205, -0.3811058212216656]",0.6158977857742504,1,0.6158977857742504,13,0.1829012688803182,moving,46,[],[],0.0,[],,,0,0.0,[],0.0,0,0.0,,
306968,174,,63.56298696476775,12.846284990849488,20,1.855797922966161,0.5026393481272996,0.443475806228794,3.692106338034159,2.792725139636261,,,"[0.0, 0.0]",0.0,0,0.0,0,0.0,moving,233,[],[],0.0,[],,,0,0.0,[],0.0,0,0.0,,
307675,174,,64.86754242287668,13.464387082406107,22,1.8443521054281276,0.5011453456757338,0.3482559548220476,3.680273839401306,2.8476501423825056,0.1329949950372948,,"[0.2676634877669528, 0.0933347521977197]",0.2834697843710674,1,0.2834697843710674,2,2.0039436893597493,moving,238,[],[],0.0,[],,,0,0.0,[],0.0,0,0.0,,
335512,174,,64.78584969137182,13.962314890939105,29,1.8966918959294343,0.5026372489055724,3.050622818791355,3.773480576816056,2.8666626433331266,1.4977057789412591,-1.1614664358996762,"[-0.045348323169605464, 0.05687594681201169]",0.0727416231607307,1,0.0727416231607307,9,5.188384661344911,moving,251,[],[],0.0,[],,23.64969233573651,0,0.0,[],0.0,0,0.0,,
337808,174,,64.11974016508526,14.989330440092791,34,1.9139095037138163,0.48088587630918,2.4966703216431214,3.979966137502634,2.8011751400587586,0.2699697367306026,-0.3430335814205356,"[-0.023152620952643588, 0.2341478591849544]",0.2352897443958704,1,0.2352897443958704,14,10.859629670966282,moving,259,[],[],0.0,[],,75.00898224376044,0,0.0,[],0.0,0,0.0,,
341954,174,,64.48321367433451,15.39241348467992,35,1.8607314031639093,0.4920190518572885,2.720741255619689,3.7818279518647984,2.714562635728132,0.8323320053486523,0.5623622686180496,"[0.36347350924924626, 0.4030830445871292]",0.5427604745738137,1,0.5427604745738137,15,11.909288679671372,moving,278,[],[],0.0,[],,100.52895746036398,0,0.0,[],0.0,0,0.0,,
339882,174,,63.86441488221259,15.771808270190608,37,1.8562160100270573,0.46635644652186,2.8058738726490065,3.980251637713877,2.655412632770627,1.226221193661391,-0.2479047774082652,"[-0.1969418244256147, -0.08228747150690019]",0.2134415849245141,1,0.2134415849245141,17,15.165791797124234,moving,292,[315],[315],1.0,[315],[132.91538776620433],12.671297822983998,0,0.0,[315],1.0,0,0.0,[132.91538776620433],[47.08461223379567]
346475,174,,62.36027933678584,16.285082182828255,39,1.853754826630484,0.4863032403738844,0.3343220040052406,3.8119318826772814,2.712450135622504,0.5064144909121905,-0.1332322773963729,"[-0.20344469699192302, 0.18963572748512192]",0.2781212934547565,1,0.2781212934547565,19,17.680769670500005,moving,302,[296],[296],1.0,[296],[44.182378732294126],29.74088873514091,0,0.0,[296],1.0,0,0.0,[44.182378732294126],[44.182378732294126]
359572,174,,61.7900577742181,16.175284078882953,41,1.8629970598287204,0.4962567445819987,0.2327361815724296,3.7540992241786832,2.7863876393193765,1.2424342471749312,-0.0101424511167078,"[-0.13907545816770295, 0.12702405748670031]",0.188353641443273,1,0.188353641443273,21,19.39452290450761,moving,295,[],[],0.0,[],,168.12568397997956,0,0.0,[280],1.0,1,1.0,[54.7608584286574],[54.7608584286574]
363389,174,,62.18003051203014,16.168645835361783,42,1.9493037289267563,0.4658719511155959,0.1152316176301853,4.1842049607384055,2.735687636784379,2.41847332149843,1.176039074323499,"[0.38997273781204456, -0.00663824352117004]",0.3900292328962895,1,0.3900292328962895,22,20.4974820372114,moving,299,[],[],0.0,[],,154.6415579793455,0,0.0,[],0.0,0,0.0,,
364223,174,,61.3267690012392,16.590977750111502,43,1.8505749587100888,0.5045066761643417,0.6931449842863613,3.668088146582363,2.8117376405868826,2.6990043471532883,0.2805310256548581,"[-0.8532615107909436, 0.4223319147497193]",0.9520606346306982,1,0.9520606346306982,23,21.853505600429347,moving,290,[],[],0.0,[],,47.22091888129725,0,0.0,[],0.0,0,0.0,,
384159,174,,61.103028969671016,17.34896191408686,44,1.844498122995318,0.5081380845757156,0.8123471628001749,3.629915133276094,2.796950139847504,0.8241605102957943,-1.874843836857494,"[-0.2237400315681839, 0.7579841639753582]",0.7903161358365111,1,0.7903161358365111,24,23.320366899544812,moving,309,[296],[296],1.0,[296],[44.571846573872534],111.78573308854008,1,1.0,[293],1.0,1,1.0,[3.8953021830454873],[3.8953021830454873]
364259,174,,60.44874334128088,16.83351349273241,45,1.8610867381183416,0.4886373106239456,0.7537200271711826,3.808728268706911,2.801175140058754,1.9510290991505888,1.1268685888547945,"[-0.6542856283901415, -0.5154484213544492]",0.8329326254834037,1,0.8329326254834037,25,24.17438411300704,moving,306,[283],[283],1.0,[283],[34.53297909831953],32.65994402186795,0,0.0,[283],1.0,0,0.0,[34.53297909831953],[34.53297909831953]
368123,174,,60.10439096592573,16.79992410291211,46,1.8436525642950168,0.5018700366533687,0.8873292414433841,3.673565723487075,2.860325143016253,0.5700235566986274,-1.3810055424519614,"[-0.3443523753551432, -0.03358938982029969]",0.3459867129258427,1,0.3459867129258427,26,24.84530076937608,moving,306,[],[],0.0,[],,143.18924079515293,1,0.0,[281],1.0,1,1.0,[20.79570014530364],[20.79570014530364]
371525,174,,60.8088536983918,17.442780661228916,47,1.862089606596958,0.5340010736432447,0.4672950585544149,3.487052177428734,2.8772251438612533,2.4991237053064035,1.929100148607776,"[0.7044627324660695, 0.6428565583168044]",0.9536940264070484,1,0.9536940264070484,27,25.49796162403552,moving,323,[],[],0.0,[],,27.88463361028799,0,0.0,[],0.0,0,0.0,,
367297,174,,62.231170900799874,17.810546464255562,48,1.866759108333492,0.5006663482234948,0.202629909867855,3.7285491924058394,2.892012644600627,0.4866786672117988,-2.012445038094605,"[1.422317202408074, 0.3677658030266464]",1.4690942482161462,1,1.4690942482161462,28,26.307587191130736,moving,328,[],[],0.0,[],,11.102650304501124,0,0.0,[],0.0,0,0.0,,
374897,174,,62.52907840226377,17.953279764199284,49,1.8936930086973969,0.5010952313503887,0.2643317609075156,3.7791080222298894,2.9004626450231266,0.1937778035110956,-0.2929008637007032,"[0.29790750146389655, 0.1427332999437212]",0.330335699465386,1,0.330335699465386,29,27.546963738725875,moving,330,[],[],0.0,[],,8.138083078404309,0,0.0,[],0.0,0,0.0,,
372657,174,,63.801211002861216,18.35345198701159,50,1.9063526300989988,0.4986955552775398,0.4072043893600612,3.8226782050183976,2.949050147452506,0.142036344518991,-0.0517414589921046,"[1.2721326005974447, 0.400172222812305]",1.3335888277176586,1,1.3335888277176586,30,29.76410987798535,moving,332,[],[],0.0,[],,173.7476807908911,1,0.0,[],0.0,1,0.0,,
367702,174,,62.4443284841837,17.757420315730005,51,1.87109978794361,0.5000560128116397,0.3913304037168204,3.741780400605668,2.8561001428050066,3.032469097505155,2.890432752986164,"[-1.3568825186775157, -0.5960316712815832]",1.482020216685102,1,1.482020216685102,31,30.176534248997296,moving,325,[],[],0.0,[],,6.6346601182751295,0,0.0,[],0.0,0,0.0,,
386642,174,,61.31019706692653,17.093388658274478,54,1.90614452414741,0.4892515487946993,1.1423562948569137,3.8960418803850736,2.8539876426993813,2.1777989527501,0.6865245841595962,"[0.10983010768850932, 0.1543027746284551]",0.1893990464941926,1,0.1893990464941926,34,33.60193082644701,moving,299,[],[],0.0,[],,29.274011751599083,0,0.0,[],0.0,0,0.0,,
388978,174,,61.01478840454061,16.589415413500337,55,1.9427803265499497,0.4932828873546663,1.094359147472634,3.9384709592674487,2.84976264248813,3.0531826986527992,0.8753837459026994,"[-0.2954086623859169, -0.5039732447741407]",0.5841706165674654,1,0.5841706165674654,35,36.03481602516466,moving,295,[],[],0.0,[],,171.96035266316537,1,0.0,[281],1.0,1,1.0,[116.97745090467485],[63.02254909532515]
392799,174,,61.86787420996451,17.665095731746373,56,1.8841695611270977,0.5065399799195104,0.7534733596162531,3.71968578161687,2.900462645023131,3.0012743368628354,-0.0519083617899638,"[0.8530858054239019, 1.075680318246036]",1.3728960406664594,1,1.3728960406664594,36,41.11959579543324,moving,309,[],[],0.0,[],,28.42515566332616,0,0.0,[],0.0,0,0.0,,
393009,174,,63.33483992744232,18.29256846017763,57,1.8826373291429983,0.5020722235930368,0.9422179550947872,3.749734083415461,2.9511626475581307,0.4961125567169558,-2.50516178014588,"[1.4669657174778123, 0.6274727284312576]",1.5955282639866206,1,1.5955282639866206,37,49.69512800870073,moving,324,[],[],0.0,[],,38.68357073574634,0,0.0,[],0.0,0,0.0,,
393732,174,,64.245387907162,19.993702603524223,58,1.900586833190184,0.4820610710643606,1.2107909809786634,3.94262666552561,2.8117376405868844,0.6751556757669039,0.179043119049948,"[0.9105479797196736, 1.701134143346593]",1.929496047425629,1,1.929496047425629,38,64.15858227718086,moving,348,[387],[],1.0,[387],[82.8749836510982],,0,0.0,[387],1.0,0,0.0,[82.8749836510982],[82.8749836510982]
395075,174,,64.27429181830853,22.12661673278012,59,1.915789138109492,0.503488207968149,1.7648053872377107,3.8050327848605465,2.9638376481918787,0.4779050899721249,-0.197250585794779,"[0.02890391114652857, 2.132914129255891]",2.133109964080376,1,2.133109964080376,39,86.63051183495583,moving,382,[],[],0.0,[],,,0,0.0,[],0.0,0,0.0,,
328062,175,,84.9520408270226,130.9110522587704,21,1.6199425267609755,0.4958892190970139,1.6828002748370972,3.2667427812018155,2.4652876232643792,,,"[0.0, 0.0]",0.0,0,0.0,0,0.0,moving,2097,[],[],0.0,[],,,0,0.0,[],0.0,0,0.0,,
326017,175,,85.55718227363495,129.9655517901432,22,1.596115937729844,0.5063580131472845,0.913582341862103,3.152149065063934,2.509650125482506,,,"[0.6051414466123504, -0.9455004686272162]",1.1225717378334328,1,1.1225717378334328,1,1.012353234450769,moving,2102,[],[],0.0,[],,,0,0.0,[],0.0,0,0.0,,
328377,175,,84.859448876923,129.00212884905733,23,1.6172168378275538,0.5154961144401022,1.0498663256949248,3.137204709261616,2.539225126961244,1.1961279965495004,,"[-0.6977333967119534, -0.9634229410858666]",1.1895443061516209,1,1.1895443061516209,2,2.7881948775666343,moving,2080,[],[],0.0,[],,35.46202992697536,0,0.0,[],0.0,0,0.0,,
331100,175,,84.85194032358082,128.0480462724151,24,1.6049510842164534,0.4830989547172888,0.9866448265800528,3.322199455297261,2.444162622208128,0.6189291816664844,-0.577198814883016,"[-0.007508553342177038, -0.9540825766422358]",0.954112122041,1,0.954112122041,3,4.91087417253325,moving,2068,[2114],[2114],1.0,[2114],[29.515830286084352],165.6054213909968,1,1.0,[2028],1.0,1,1.0,[56.35485271531685],[56.35485271531685]
331995,175,,85.15182316939705,129.1794200391018,25,1.6243325485754612,0.48719941289659,1.281750891561414,3.334019921982607,2.4631751231587624,2.890359862425542,2.2714306807590576,"[0.2998828458162279, 1.1313737666867212]",1.1704427885043074,1,1.1704427885043074,4,6.851011328889788,moving,2100,[2152],[2152],1.0,[2152],[37.25965884116209],47.10126007116169,0,0.0,[],0.0,0,0.0,,
330696,175,,85.69101804332539,129.46675824254137,26,1.6159999817727158,0.4996083230172228,1.6406721269361653,3.234533748383948,2.3913501195675124,0.8220720700799101,-2.068287792345632,"[0.5391948739283379, 0.2873382034395604]",0.6109781953772739,1,0.6109781953772739,5,9.038685895200702,moving,2101,[2054],[2054],1.0,[2054],[44.483835770235174],65.43121052408144,0,0.0,[],0.0,0,0.0,,
334324,175,,85.98903961739882,129.23908520050273,27,1.6448480171012514,0.4929853857647064,1.8008381723242892,3.336504619806944,2.452612622630633,1.1419900572107855,0.3199179871308754,"[0.2980215740734309, -0.2276730420386457]",0.3750358285342033,1,0.3750358285342033,6,11.188729875233156,moving,2110,[],[],0.0,[],,14.071509526459677,0,0.0,[],0.0,0,0.0,,
348849,175,,86.9010792650086,128.09456781319133,29,1.638326360816716,0.4875552981068465,-1.0887717501923109,3.3602882938166343,2.3976876198843726,0.1612409443261818,-0.0622730564161718,"[0.10238096491744386, -0.17327400381844882]",0.2012603845189179,1,0.2012603845189179,8,15.291169909622424,moving,2083,[],[],0.0,[],,8.056318611788205,0,0.0,[],0.0,0,0.0,,
341497,175,,88.36727433890697,126.7083883561638,30,1.6693467070184071,0.4782094964863873,-0.6466716253286633,3.490827177803498,2.410362620518129,0.2797700584714736,0.1185291141452918,"[1.466195073898362, -1.3861794570275237]",2.0177268104996133,1,2.0177268104996133,9,17.369918998774928,moving,2073,[],[],0.0,[],,84.24929275153883,0,0.0,[],0.0,0,0.0,,
354912,175,,89.48541546836377,127.67545568498308,31,2.2760983179442986,0.5064604618563325,2.154890185941964,4.494128346370222,3.587025179351259,1.4704275509909333,1.1906574925194595,"[1.1181411294568022, 0.9670673288192688]",1.4783297344816444,1,1.4783297344816444,10,19.05799187215796,moving,2079,[],[],0.0,[],,154.7987264223673,0,0.0,[],0.0,0,0.0,,
355713,175,,88.97754180225446,126.53166909700518,32,1.6072604671586803,0.5180576095695874,-0.4938760092146447,3.10247439178439,2.401912620095633,2.7017474539642445,1.2313199029733113,"[-0.5078736661093046, -1.1437865879778997]",1.2514725005230565,1,1.2514725005230565,11,21.05467934151361,moving,2074,[2103],[],1.0,[2103],[6.385592512567058],107.78019183355798,0,0.0,[],0.0,0,0.0,,
356851,175,,87.99720404110477,127.40581728243818,33,1.6263128228946857,0.5143061701751314,2.6046591935266026,3.162149157846763,2.562462628123146,1.881119215926691,-0.8206282380375536,"[-0.9803377611496984, 0.8741481854330004]",1.3134676151439024,1,1.3134676151439024,12,23.26865675179172,moving,2083,[2113],[2113],1.0,[2113],[19.07509849244555],5.4840600704666675,0,0.0,[],0.0,0,0.0,,
358096,175,,86.08361845093842,128.80833655359754,36,1.6498564679670182,0.4987332370934427,2.00861974242432,3.30809407767203,2.488525124426256,0.7722654712536726,0.656746671352234,"[-0.10358686275161233, -0.02189678693500241]",0.1058759057236265,1,0.1058759057236265,15,34.9422975944611,moving,2117,[],[],0.0,[],,36.3409952399426,0,0.0,[],0.0,0,0.0,,
360415,175,,85.84876984774176,129.55681015612768,38,1.666243957932055,0.4992703438481689,-1.196586807135329,3.337358163694116,2.585700129285007,2.7202959469386583,1.182665620909974,"[-0.021447018714027877, -0.1179866510712202]",0.1199200752281357,1,0.1199200752281357,17,42.65170790405407,moving,2139,[],[],0.0,[],,178.42189998166063,1,0.0,[],0.0,1,0.0,,
360141,175,,86.205767287297,128.29874503755576,39,1.6602267656476044,0.4933410767443135,-1.43642026354042,3.365271703308944,2.4779626238981343,0.4563101291107035,-2.2639858178279546,"[0.35699743955522933, -1.2580651185719205]",1.30773659978467,1,1.30773659978467,18,46.84691824882571,moving,2121,[],[],0.0,[],,22.061133305108605,0,0.0,[],0.0,0,0.0,,
363042,175,,85.97029058406882,126.13779784347122,40,1.652012675770648,0.515754799171197,1.1111492054561594,3.203097050042742,2.5328876266443885,0.3850394128955239,-0.0712707162151796,"[-0.23547670322817282, -2.1609471940845424]",2.173739187065704,1,2.173739187065704,19,50.75793751988107,moving,2093,[],[],0.0,[],,44.17156250475875,0,0.0,[],0.0,0,0.0,,
362401,175,,85.2396644813208,125.53316729874334,41,1.6818659454851574,0.4857266308159564,0.9114999657014802,3.4625771756838724,2.5286626264331376,0.7709392014585136,0.3858997885629897,"[-0.730626102748019, -0.6046305447278826]",0.9483631148640772,1,0.9483631148640772,20,53.52091193909941,moving,2069,[],[],0.0,[],,1.3845408510205608,0,0.0,[],0.0,0,0.0,,
372522,175,,84.39987023087802,124.87172182720916,42,1.6131361805392166,0.5181414177312959,0.474590675849474,3.1133125539402,2.469512623475628,0.024164796478673,-0.7467744049798405,"[-0.8397942504427789, -0.6614454715341793]",1.0690016346525488,1,1.0690016346525488,21,55.21680209904606,moving,2065,[],[],0.0,[],,18.82760228640528,0,0.0,[],0.0,0,0.0,,
374249,175,,83.95752103836145,124.7159690270332,43,1.6247227943054576,0.49199305054076,0.4238364940537618,3.302328747366839,2.416700120834991,0.3286036501538131,0.30443885367514,"[-0.44234919251657345, -0.1557528001759465]",0.468968808006154,1,0.468968808006154,22,56.31529139239825,moving,2072,[],[],0.0,[],,53.7252804882976,0,0.0,[],0.0,0,0.0,,
390030,175,,83.66676612374177,124.91451629583004,44,1.608490983391894,0.5269860175227828,0.5129961841694824,3.052246036722132,2.4589501229475066,0.9376830360782312,0.6090793859244181,"[-0.29075491461968284, 0.19854726879684392]",0.3520787388102059,1,0.3520787388102059,23,57.518577239327016,moving,2089,[2080],[2080],1.0,[2080],[132.60363611946002],51.05831169595248,0,0.0,[2080],1.0,0,0.0,[132.60363611946002],[47.39636388053998]
372353,175,,82.1017190934089,124.44407478638986,45,1.684975778560741,0.4710420278867608,0.1689570148406651,3.577124075573596,2.4462751223137515,0.8911356496039092,-0.0465473864743219,"[-1.5650470303328632, -0.47044150944019236]",1.634223797696656,1,1.634223797696656,24,59.65025672374324,moving,2099,[],[],0.0,[],,9.033481517288402,0,0.0,[],0.0,0,0.0,,
381330,175,,80.68900085979095,124.25314546739638,46,1.6907804954092374,0.4746270881283638,0.1554943237377426,3.562334594252999,2.433600121680016,0.1576639953947434,-0.7334716542091657,"[-1.4127182336179516, -0.19092931899348287]",1.425561928661095,1,1.425561928661095,25,61.68663077825601,moving,2085,[],[],0.0,[],,47.27468281890832,0,0.0,[],0.0,0,0.0,,
385943,175,,80.07664859721767,124.75932738303432,53,1.7034077413394009,0.4610099785326255,2.6997385743979203,3.694947659834333,2.368112618405633,0.9649125956610524,-1.2968909771143031,"[0.030900193219636662, 0.018381518741463765]",0.0359541676618116,1,0.0359541676618116,32,51.193872135319296,moving,2089,[],[],0.0,[],,178.55100326157103,0,0.0,[],0.0,0,0.0,,
399301,175,,80.64433162117925,124.26538214555818,56,1.7040279325172232,0.4882721083840692,2.455187908828094,3.4899145440780623,2.5497876274893816,2.3398858045907773,2.1086272681003946,"[-0.1798328107912539, -0.10904153120706894]",0.2103090472734473,1,0.2103090472734473,35,52.79540708058316,moving,2083,[],[],0.0,[],,177.69096297462312,0,0.0,[2104],1.0,0,0.0,[12.574208475808671],[12.574208475808671]
399686,175,,80.18402321179136,124.63439272980216,57,1.684998939354492,0.501150344970374,2.606867172658676,3.3622623555294613,2.5899251294962573,1.2208271402771294,-1.119058664313648,"[-0.46030840938789197, 0.3690105842439948]",0.5899598656157091,1,0.5899598656157091,36,58.77805323183853,moving,2093,[],[],0.0,[],,21.2964136953988,0,0.0,[],0.0,0,0.0,,
400274,175,,79.19636549043507,124.94430960202185,58,1.661193139612975,0.4970559254330139,2.300687387712612,3.342064855510604,2.543450127172505,0.3716925378515671,-0.8491346024255623,"[-0.9876577213562854, 0.30991687221965947]",1.035140687173056,1,1.035140687173056,37,66.92432819975491,moving,2107,[2133],[2133],1.0,[2133],[15.883853733921086],,0,0.0,[2078],1.0,0,0.0,[15.5852443812079],[15.5852443812079]
400679,175,,78.84847372737022,125.48090358446204,59,1.666960176771245,0.5018840837841553,2.285204316601665,3.321404743905273,2.518100125905,0.6915342050705459,0.3198416672189788,"[-0.34789176306485103, 0.5365939824401948]",0.6395011968709664,1,0.6395011968709664,38,66.74004596505208,moving,2122,[],[],0.0,[],,,0,0.0,[],0.0,0,0.0,,
320563,176,,84.5097563445143,27.599038775913407,25,1.3887288727238434,0.5119594986032523,0.4793643245505621,2.712575655911507,2.1632001081600065,,,"[0.0, 0.0]",0.0,0,0.0,0,0.0,moving,454,[470],[470],1.0,[470],[13.474721627473713],,0,0.0,[],0.0,0,0.0,,
313767,176,,85.20874166120593,27.76513721004085,26,1.408804025878272,0.4990160574854574,0.4402851693976852,2.823163713362727,2.1019376050968788,,,"[0.6989853166916333, 0.1660984341274485]",0.71844913721856,1,0.71844913721856,1,0.929878113368324,moving,456,[468],[],1.0,[468],[6.353077819501692],,0,0.0,[],0.0,0,0.0,,
337718,176,,85.84260008594559,27.98111772080302,28,1.346627454837926,0.5238346374746637,0.4987001776393682,2.570710981102425,2.085037604251879,0.7908764563333358,0.3640773526766576,"[0.30410227648732757, -0.039997698339760746]",0.3067213889464729,1,0.3067213889464729,3,5.896550683483263,moving,457,[],[],0.0,[],,138.0764595132319,1,0.0,[],0.0,1,0.0,,
335871,176,,85.57263438752541,27.49926569256472,29,1.4096959535673637,0.4868284516366624,0.5551113277202138,2.895672898385714,2.07658760382938,1.9507112826962856,1.15983482636295,"[-0.2699656984201795, -0.4818520282383041]",0.5523249545700997,1,0.5523249545700997,4,9.39963548159026,moving,450,[],[],0.0,[],,20.50175367634422,0,0.0,[],0.0,0,0.0,,
334770,176,,84.74552590489246,26.79936935685449,30,1.373815439913366,0.5159864211034093,0.534316657043439,2.662503088696666,2.161087608054372,0.3578231040850635,-1.592888178611222,"[-0.8271084826329513, -0.6998963357102248]",1.0834958803724095,1,1.0834958803724095,5,13.620009502870156,moving,446,[],[],0.0,[],,13.425327971434973,0,0.0,[],0.0,0,0.0,,
340019,176,,84.0653375994781,26.45559589948793,31,1.3874549583095324,0.510556768590826,0.550925765224265,2.717533178805972,2.1146126057306303,0.2343161762616281,-0.1235069278234354,"[-0.6801883054143616, -0.34377345736656295]",0.7621261843108534,1,0.7621261843108534,6,18.90370172917731,moving,445,[],[],0.0,[],,12.149307163558552,0,0.0,[],0.0,0,0.0,,
338376,176,,82.68504534695158,26.094431719405662,32,1.400625504727533,0.5495993376888239,0.4841096789776717,2.548448312578844,2.237137611856881,0.212045411840232,-0.022270764421396,"[-1.380292252526516, -0.3611641800822625]",1.4267607603796848,1,1.4267607603796848,7,24.438430026374046,moving,441,[457],[],1.0,[457],[3.476312749201128],87.87842031728339,0,0.0,[],0.0,0,0.0,,
341717,176,,82.4969942623518,26.717887487428317,33,1.392728080513289,0.5228941062495778,0.2336662524068962,2.663499289564642,2.211787610589382,1.5337677759880697,1.3217223641478375,"[-0.1880510845997776, 0.623455768022648]",0.6511991286080339,1,0.6511991286080339,8,29.771453965723115,moving,445,[],[],0.0,[],,99.60503662199334,0,0.0,[],0.0,0,0.0,,
338854,176,,81.21346036367211,26.08102148535972,34,1.406677857697473,0.517441531960671,0.3100774921417363,2.7185252261590587,2.1970001098500025,1.738435840623309,0.2046680646352394,"[-1.2835338986796927, -0.6368660020685937]",1.4328494595213852,1,1.4328494595213852,9,34.5160421189499,moving,439,[],[],0.0,[],,25.34967233502963,0,0.0,[],0.0,0,0.0,,
344366,176,,79.32065894095487,26.0466576090982,35,1.3682762454420438,0.5216720733994572,0.1551348412932827,2.622866576939266,2.1758751087937487,0.4424352465479841,-1.2960005940753248,"[-1.8928014227172412, -0.034363876261519266]",1.8931133357071173,1,1.8931133357071173,10,37.56980781203216,moving,448,[],[],0.0,[],,45.25420594890537,0,0.0,[],0.0,0,0.0,,
343270,176,,78.69985654267046,26.65065916300216,36,1.3380196304338958,0.5265127412541452,2.872436371941221,2.5412863271774846,2.154750107737505,0.7898348941840004,0.3473996476360163,"[-0.6208023982844111, 0.6040015539039558]",0.8661486563137241,1,0.8661486563137241,11,36.10120763364635,moving,461,[],[],0.0,[],,67.73225494845296,0,0.0,[],0.0,0,0.0,,
342886,176,,78.84810477341492,27.01857757347545,37,1.4103982326700266,0.5101309194411019,-0.1915774698513071,2.7647769992363043,2.1610876080543813,1.1821508586507226,0.3923159644667221,"[0.14824823074445703, 0.36791841047329754]",0.3966629484638811,1,0.3966629484638811,12,31.26943683002332,moving,473,[464],[464],1.0,[464],[0.0],29.9060400408336,0,0.0,[449],1.0,0,0.0,[90.7298430640241],[89.2701569359759]
349763,176,,79.5949283159982,27.60516440983937,38,1.39636080828495,0.5109617684590492,2.9386979667681814,2.7328087823401623,2.150525107526252,0.5219588649458123,-0.6601919937049102,"[0.7468235425832859, 0.5865868363639208]",0.949647050409826,1,0.949647050409826,13,25.17259439503177,moving,477,[470],[],1.0,[470],[1.0203314719729146],,0,0.0,[],0.0,0,0.0,,
348038,176,,80.09874837928228,27.48659569521717,39,1.3722680173380322,0.5272106515467279,0.0430432496751375,2.6028837113060583,2.1864376093218807,0.8969346563411478,0.3749757913953354,"[0.5038200632840812, -0.11856871462220653]",0.5175839992259593,1,0.5175839992259593,14,19.46963471573676,moving,478,[],[],0.0,[],,,0,0.0,[],0.0,0,0.0,,
342226,179,,2.371959829413925,68.51873159802541,28,2.6862041860292094,0.5013298759972548,-0.1634519993243576,5.358157003282044,3.9820626991031434,,,"[0.0, 0.0]",0.0,0,0.0,0,0.0,moving,1083,[1085],[1085],1.0,[1085],[161.230443510484],,0,0.0,[1085],1.0,0,0.0,[161.230443510484],[18.769556489515992]
338752,179,,3.43608515534656,67.74977252707795,29,2.6551959036096617,0.4944514100474876,-0.2877265863980199,5.369983479983714,4.056000202800004,,,"[1.0641253259326344, -0.7689590709474601]",1.3128826155005695,1,1.3128826155005695,1,1.0567732161952206,moving,1066,[],[],0.0,[],,,0,0.0,[],0.0,0,0.0,,
335654,179,,5.640475611441948,66.93701696240277,30,2.6368213014389923,0.520488682779326,-0.047122114831115,5.066049250790218,4.191200209560009,0.2725122230627902,,"[2.204390456095388, -0.8127555646751858]",2.349448635496191,1,2.349448635496191,2,3.350779424176632,moving,1071,[],[],0.0,[],,33.19746594977743,0,0.0,[],0.0,0,0.0,,
345882,179,,6.589448668563677,67.15538268097305,31,2.6606935343268856,0.5014367955933566,-0.0560029380255821,5.306139393257833,4.04755020237751,0.5794050841423227,0.3068928610795324,"[0.9489730571217292, 0.21836571857028275]",0.9737727918717368,1,0.9737727918717368,3,6.0134184546964216,moving,1070,[],[],0.0,[],,1.7268199033168703,0,0.0,[],0.0,0,0.0,,
344878,179,,8.226374010304154,67.48044652990727,32,2.665393141853728,0.5047198931372278,-0.0551586181953395,5.280935382368685,4.123600206180008,0.0301386929018495,-0.5492663912404732,"[1.6369253417404765, 0.3250638489342208]",1.6688891755644248,1,1.6688891755644248,4,9.27742782291378,moving,1074,[],[],0.0,[],,15.249092138047466,0,0.0,[],0.0,0,0.0,,
349365,179,,10.46720654236415,67.32307219264204,37,2.7091821057939063,0.4980361081245196,-0.009753637842496,5.439730295853475,4.159512707975625,0.0130703026911402,-0.0807844224319628,"[0.295349215862176, -0.008957186008970552]",0.2954850089117915,1,0.2954850089117915,9,24.550999014606926,moving,1099,[1059],[1059],1.0,[1059],[128.58336296320985],20.319007769477377,0,0.0,[1105],1.0,0,0.0,[98.07458320533763],[81.92541679466237]
360979,179,,10.909774932608222,67.45250253665209,41,2.7736020329779096,0.4885646513712092,0.0858178113170053,5.677041974267883,4.140500207025006,3.031059800853243,0.3883642970564454,"[-0.1806001773149699, 0.03921269871085542]",0.1848081702371053,1,0.1848081702371053,13,56.627908287119936,moving,1102,[1109],[],1.0,[1109],[77.3012130019401],10.90706782402562,0,0.0,[1109],1.0,0,0.0,[77.3012130019401],[77.3012130019401]
365600,179,,11.42017690242007,67.5007015216812,42,2.7091318864274414,0.5069576068422622,-0.0186286800157839,5.343902231395804,4.246125212306233,2.833632710352905,-0.1974270905003372,"[0.5104019698118485, 0.048198985029102914]",0.5126727152342425,1,0.5126727152342425,14,72.81759335791475,moving,1099,[],[],0.0,[],,7.943874255318726,0,0.0,[],0.0,0,0.0,,
366966,179,,12.006063633485075,67.47461668686583,43,2.741563765533416,0.5231103532898155,3.064731882071449,5.240889896924913,4.225000211249999,0.1386467611197228,-2.6949859492331827,"[0.5858867310650062, -0.02608483481536439]",0.5864671177869939,1,0.5864671177869939,15,97.71701184836022,moving,1100,[],[],0.0,[],,,0,0.0,[],0.0,0,0.0,,
387172,179,,13.50469610481326,67.36123013598578,44,2.6939763164909283,0.4963553619067848,-0.0965069287358415,5.427515290943619,4.125712706285642,0.0310235421768135,-0.1076232189429093,"[1.4986324713281842, -0.11338655088005112]",1.5029157641197646,1,1.5029157641197646,16,125.27762661221614,moving,1110,[],[],0.0,[],,,0,0.0,[],0.0,0,0.0,,
334788,180,,86.7947821990776,28.142046158096505,30,1.3170735080931082,0.4749221309530229,0.5224926045920102,2.77324096362944,1.9287125964356269,,,"[0.0, 0.0]",0.0,0,0.0,0,0.0,moving,466,[446],[446],1.0,[446],[2.648940236706153],,0,0.0,[],0.0,0,0.0,,
340141,180,,86.07375967929414,27.821232541084285,31,1.3419015053941044,0.5039030715639858,0.5579745220558725,2.663015133504121,1.9878625993931367,,,"[-0.7210225197834603, -0.3208136170122202]",0.7891735239447367,1,0.7891735239447367,1,1.1377427201263373,moving,464,[445],[],1.0,[445],[0.534033078952092],,0,0.0,[],0.0,0,0.0,,
341775,180,,84.83813903167992,27.426121548238964,33,1.3439004158004526,0.5166537206253566,0.258156011743623,2.6011627559244097,2.1061626053081284,2.756170151213426,2.680217149536131,"[0.08548390199548805, 0.07621053214204565]",0.1145231099374618,1,0.1145231099374618,3,6.780399049736372,moving,453,[445],[],1.0,[445],[0.3467758703050663],2.674734488617891,0,0.0,[],0.0,0,0.0,,
338926,180,,83.51238495259864,26.93288554614553,34,1.3310580686979006,0.5141348635668299,0.3263705302882655,2.5889278534111364,2.1040501052025062,2.7696576411085663,0.0134874898951404,"[-1.3257540790812783, -0.493236002093429]",1.414533715385306,1,1.414533715385306,4,10.909558092686568,moving,450,[439],[439],1.0,[439],[1.105958752288558],8.923128658596605,0,0.0,[],0.0,0,0.0,,
344442,180,,81.7085706701617,26.56641406285205,35,1.3697084690017511,0.5241993076414552,0.1742884431064165,2.6129536018742936,2.154750107737498,0.1557379746715736,-2.613919666436993,"[-1.8038142824369316, -0.36647148329348056]",1.840664910729486,1,1.840664910729486,5,15.671783155982055,moving,454,[448],[448],1.0,[448],[0.19009810641904323],23.321770123194973,0,0.0,[],0.0,0,0.0,,
343221,180,,81.08843942478008,26.135316123718585,36,1.3268479282430552,0.5299633855292959,-0.2335058102715972,2.503659619650664,2.1484126074206262,0.4070416760429992,0.2513037013714256,"[-0.6201312453816286, -0.43109793913346905]",0.755253728639385,1,0.755253728639385,6,18.52862723942084,moving,454,[],[],0.0,[],,144.35891006173946,1,0.0,[],0.0,0,0.0,,
342827,180,,81.26544799517777,26.633708348134263,37,1.3602065364205809,0.5398388495414365,2.915343775396323,2.5196529252683497,2.16320010816,2.5195382851677284,2.112496609124729,"[0.1770085703976889, 0.498392224415678]",0.5288920904610326,1,0.5288920904610326,7,18.28636786694607,moving,464,[],[],0.0,[],,33.198484147820565,0,0.0,[],0.0,0,0.0,,
349678,180,,82.01017172594261,27.199979783976364,38,1.3388812821693667,0.522176684096149,-0.1968760660165336,2.564038807069442,2.1061626053081293,0.5794228550506128,-1.940115430117116,"[0.7447237307648464, 0.5662714358421006]",0.935562277037176,1,0.935562277037176,8,18.207938036615964,moving,470,[461],[461],1.0,[461],[106.57742236119516],,0,0.0,[461],1.0,0,0.0,[106.57742236119516],[73.42257763880484]
348052,180,,82.52076659690957,27.71109718400771,39,1.2778748473595174,0.5484560986485645,0.0381833444660695,2.329949198319233,2.047012602350629,0.1357996674076176,-0.4436231876429951,"[0.5105948709669548, 0.5111174000313454]",0.7224597697260129,1,0.7224597697260129,9,18.452926385843977,moving,480,[],[],0.0,[],,,0,0.0,[],0.0,0,0.0,,
348210,182,,1.705580263939637,82.7883803546336,31,1.654674614187363,0.5155012781246039,2.232833765832478,3.2098361040094354,2.5455626272781338,,,"[0.0, 0.0]",0.0,0,0.0,0,0.0,moving,1317,[1282],[1282],1.0,[1282],[23.87084465096219],,0,0.0,[1282],1.0,0,0.0,[23.87084465096219],[23.87084465096219]
348608,182,,2.636604161478215,82.0045085916368,32,1.6789288897588424,0.4863531800212329,2.578380580649013,3.4520775410279927,2.47585012379251,,,"[0.9310238975385783, -0.783871762996796]",1.2170704328885942,1,1.2170704328885942,1,1.4931838811085183,moving,1316,[],[],0.0,[],,,0,0.0,[],0.0,0,0.0,,
350447,182,,3.9181563735896727,81.74640688369229,33,1.6673562073879409,0.5126603960826381,2.363264552236217,3.2523600811153197,2.5751376287568792,0.5010604566155236,,"[1.2815522121114578, -0.2581017079445189]",1.3072844235328624,1,1.3072844235328624,2,5.011206971419489,moving,1303,[],[],0.0,[],,30.68149769858722,0,0.0,[],0.0,0,0.0,,
346375,182,,4.750808242019542,80.99488157669387,34,1.66951229682104,0.4955266774952366,-0.8427902166045533,3.369167337790988,2.513875125693753,0.5354931542834097,0.0344326976678861,"[0.8326518684298696, -0.7515253069984169]",1.121650311397816,1,1.121650311397816,3,10.507600132117066,moving,1298,[],[],0.0,[],,2.0343560535951277,0,0.0,[],0.0,0,0.0,,
351071,182,,5.749810603781262,80.02668730007684,35,1.7259999257464822,0.514527798754347,2.381504173574261,3.354531922133391,2.739912636995629,0.0355062112931132,-0.4999869429902965,"[0.9990023617617201, -0.9681942766170266]",1.391188655818995,1,1.391188655818995,4,17.366567306726527,moving,1291,[],[],0.0,[],,3.7387825503779992,0,0.0,[],0.0,0,0.0,,
353216,182,,6.558503565323107,79.13352238650123,36,1.7398843683941558,0.5191330645926462,2.055441217936472,3.351519074901172,2.6913251345662603,0.0652540655202068,0.0297478542270936,"[0.808692961541845, -0.8931649135756174]",1.2048767027749605,1,1.2048767027749605,5,24.844358845607168,moving,1273,[],[],0.0,[],,10.4530184964287,0,0.0,[],0.0,0,0.0,,
352729,182,,6.887262076943363,78.6013298038605,37,1.6032280415538418,0.5293478164109026,2.0622617622605643,3.0286854726710484,2.4990876249543814,0.1824395895345479,0.1171855240143411,"[0.32875851162025516, -0.5321925826407323]",0.6255486423776957,1,0.6255486423776957,6,33.46983800019654,moving,1272,[1227],[1227],1.0,[1227],[44.027462618265886],37.877623720313224,0,0.0,[1227],1.0,0,0.0,[44.027462618265886],[44.027462618265886]
357851,182,,7.7883273450240464,78.26592322622608,38,1.6935301291073837,0.5022500802198723,1.5287500553525766,3.371886229198807,2.562462628123134,0.6610892467509695,0.4786496572164215,"[0.9010652680806839, -0.3354065776344157]",0.9614656466362936,1,0.9614656466362936,7,43.09328798424115,moving,1260,[],[],0.0,[],,56.16738041999517,0,0.0,[],0.0,0,0.0,,
356371,182,,8.091625301261208,76.99435465644972,39,1.6943804554146646,0.5126620414736854,0.986912243095776,3.305063215805955,2.6680876334043804,0.9803057205491112,0.3192164737981416,"[0.30329795623716205, -1.2715685697763632]",1.3072399465670963,1,1.3072399465670963,8,52.22663280480073,moving,1250,[],[],0.0,[],,27.857295915637835,0,0.0,[],0.0,0,0.0,,
361899,182,,7.75735178194213,75.69636060419359,40,1.6782210142371956,0.477520788510975,0.7337076718134017,3.5144459772532484,2.3723376186168776,0.4862015344302487,-0.4941041861188624,"[-0.3342735193190789, -1.2979940522561293]",1.340345979741891,1,1.340345979741891,9,59.942214624720656,moving,1235,[],[],0.0,[],,0.7741092354312772,0,0.0,[],0.0,0,0.0,,
361101,182,,7.557134158835579,74.96023624900441,41,1.626277110439535,0.4791794380152036,0.9154318501123554,3.393879163880015,2.4336001216800023,0.0135107549283717,-0.472690779501877,"[-0.20021762310655067, -0.7361243551891761]",0.7628670676501359,1,0.7628670676501359,10,68.3300827762292,moving,1208,[],[],0.0,[],,34.74765340420908,0,0.0,[],0.0,0,0.0,,
365838,182,,7.7085939427148755,74.53328311333142,42,1.6509812513769022,0.5180899410497516,0.7112566571079323,3.186669187268317,2.636400131820004,0.6064609592452646,0.5929502043168928,"[0.1514597838792966, -0.42695313567298854]",0.4530221255013496,1,0.4530221255013496,11,76.1723403882485,moving,1199,[],[],0.0,[],,74.3487883529817,0,0.0,[],0.0,0,0.0,,
367401,182,,6.573692024807549,73.73319813347511,43,1.673688390723472,0.4957848671282145,0.3890320237374638,3.375835975829897,2.5434501271725045,1.2976311516279426,0.6911701923826781,"[-1.1349019179073263, -0.8000849798563081]",1.3885742105704677,1,1.3885742105704677,12,81.93067906350876,moving,1196,[],[],0.0,[],,12.03889247456928,0,0.0,[],0.0,0,0.0,,
387430,182,,4.720494866492164,72.94105074558162,44,1.7599429976683243,0.4682174216487219,-0.1158988502056505,3.7588157046166346,2.547675127383757,0.2101183119748016,-1.087512839653141,"[-1.8531971583153855, -0.7921473878934933]",2.0154000078730534,1,2.0154000078730534,13,86.00577835973009,moving,1202,[],[],0.0,[],,53.26626711380557,0,0.0,[],0.0,0,0.0,,
367373,182,,4.331833960032536,73.16654926306772,45,1.7480900701181286,0.5124803453166662,-0.0826256900300103,3.41103826925883,2.716675135833755,0.9296717413826844,0.7195534294078827,"[-0.38866090645962803, 0.22549851748610195]",0.4493404962814386,1,0.4493404962814386,14,86.65487158880438,moving,1214,[],[],0.0,[],,,0,0.0,[],0.0,0,0.0,,
375114,182,,2.688121664299262,73.4120556768024,46,1.7314443992764372,0.4415477013416696,0.1162485748610198,3.921307695669885,2.3279751163987483,0.377463654511417,-0.5522080868712672,"[-1.6437122957332737, 0.24550641373467386]",1.661945700174831,1,1.661945700174831,15,88.88085206752713,moving,1207,[],[],0.0,[],,,0,0.0,[],0.0,0,0.0,,
341401,183,,48.639124890381446,39.95434966609739,31,1.665615367447332,0.4805694935935625,2.281346325936482,3.4659198922352146,2.456837622841883,,,"[0.0, 0.0]",0.0,0,0.0,0,0.0,moving,637,[677],[],1.0,[677],[16.79330382505713],,0,0.0,[],0.0,0,0.0,,
341094,183,,47.89048488990792,40.63044463101623,32,1.6962036757752927,0.492564536391207,-0.8647553812738272,3.443617131275008,2.547675127383755,,,"[-0.7486400004735216, 0.676094964918839]",1.008744889403461,1,1.008744889403461,1,1.2177080406497385,moving,645,[],[],0.0,[],,,0,0.0,[],0.0,0,0.0,,
343329,183,,49.06641733962028,41.45313918694002,33,1.718996197475089,0.4786079381056147,2.1995338788604943,3.5916583504215867,2.543450127172502,1.7966043897795465,,"[1.1759324497123558, 0.822694555923789]",1.435145796995254,1,1.435145796995254,2,2.063619167275069,moving,651,[697],[],1.0,[697],[10.91652194347985],37.3794153964031,0,0.0,[],0.0,0,0.0,,
340709,183,,49.16566492718757,41.76518410887071,34,1.6741322069084297,0.4855121353648374,-0.8902298198017434,3.4481778826195666,2.490637624531882,0.6523938711378926,-1.1442105186416538,"[0.0992475875672909, 0.312044921930692]",0.3274478843123876,1,0.3274478843123876,3,3.370075602259781,moving,661,[],[],0.0,[],,162.6638815847663,0,0.0,[],0.0,0,0.0,,
345985,183,,48.97126439677293,41.48734158072255,35,1.734804225260979,0.484985123621823,2.2842358295299694,3.577025646282973,2.53922512696126,2.839020307728344,2.1866264365904517,"[-0.19440053041464012, -0.2778425281481631]",0.3390988597345267,1,0.3390988597345267,4,5.206000857959414,moving,665,[709],[709],1.0,[709],[10.902944831751967],117.06245350168162,0,0.0,[],0.0,0,0.0,,
344756,183,,48.53716562403483,42.30521256355459,36,1.6793483375126104,0.4967110282744299,-0.5310737259191066,3.3809362827047607,2.496975124848749,2.043125244067109,-0.7958950636612343,"[-0.4340987727381034, 0.8178709828320407]",0.925934495011054,1,0.925934495011054,5,7.119826900018743,moving,687,[714],[],1.0,[714],[42.681598958968685],28.01265792848281,0,0.0,[],0.0,0,0.0,,
344632,183,,48.53784919879215,43.02019338319528,37,1.72736762195185,0.4831990008284434,2.7059714040205773,3.574857603162016,2.499087624954372,0.4889131130869192,-1.5542121309801904,"[0.0006835747573248341, 0.7149808196406866]",0.7149811464147267,1,0.7149811464147267,6,10.193277346286868,moving,709,[734],[734],1.0,[734],[50.981829021544726],94.33796274078529,0,0.0,[],0.0,0,0.0,,
351553,183,,48.13579869443757,42.9900817199159,38,1.6721411368321308,0.5139686820091129,2.337213159789308,3.2533911021498443,2.554012627700624,1.6465080594504369,1.1575949463635178,"[-0.4020505043545839, -0.030111663279377865]",0.4031765374091428,1,0.4031765374091428,7,15.070297516200933,moving,704,[743],[743],1.0,[743],[30.1030285506001],,0,0.0,[],0.0,0,0.0,,
350894,183,,47.76757202484072,45.17538479540766,39,2.2391461013710754,0.4813705861280917,2.1861719356057185,4.65160557353881,3.280712664035629,1.478618676315727,-0.1678893831347099,"[-0.3682266695968508, 2.1853030754917597]",2.2161092960312523,1,2.2161092960312523,8,28.01881221892412,moving,731,[],[],0.0,[],,,0,0.0,[],0.0,0,0.0,,
344148,185,,89.1719709603355,67.00343822639927,34,1.5271142169154666,0.4980974958865644,0.3213261471676374,3.065894186433028,2.319525115976256,,,"[0.0, 0.0]",0.0,0,0.0,0,0.0,moving,1068,[1076],[1076],1.0,[1076],[13.013079944266423],,0,0.0,[],0.0,0,0.0,,
349466,185,,90.52235435211946,67.83243765190247,35,1.4806524133738734,0.5152204048048971,0.3024164359627514,2.8738233182642774,2.3089626154481184,,,"[1.3503833917839643, 0.8289994255031985]",1.5845426318943256,1,1.5845426318943256,1,0.9006117093340825,moving,1087,[1100],[],1.0,[1100],[4.4791769025224255],,0,0.0,[],0.0,0,0.0,,
351488,185,,91.56921317670552,67.86504667986021,36,1.4905240407509706,0.5058775389641077,0.4501630270941452,2.946412769784436,2.308962615448131,0.5194376052160847,,"[1.0468588245860673, 0.032609027957747116]",1.0473665773348275,1,1.0473665773348275,2,2.628905907581886,moving,1089,[1100],[],1.0,[1100],[15.937052260452788],14.108497121086494,0,0.0,[],0.0,0,0.0,,
349508,185,,92.68834639329962,68.18368494582292,37,1.531122602563973,0.5005588044606738,0.1997102819084133,3.058826633193833,2.2941751147087577,0.2462397272711045,-0.2731978779449802,"[1.1191332165940935, 0.3186382659627043]",1.1636105452512715,1,1.1636105452512715,3,5.190339470332489,moving,1107,[1111],[1111],1.0,[1111],[2.8486443314488668],7.361190362824173,0,0.0,[],0.0,0,0.0,,
357087,185,,93.64354085118636,68.5941447072752,38,1.4665728313798343,0.5097962321205058,-0.0810350373865339,2.876782406334391,2.23080011154,0.1284770086973508,-0.1177627185737536,"[0.9551944578867477, 0.41045976145228735]",1.039650743350394,1,1.039650743350394,4,8.437891109639507,moving,1117,[1111],[],1.0,[1111],[12.994616791916503],50.27484205009956,0,0.0,[],0.0,0,0.0,,
361611,185,,95.1173516930012,67.84251996090306,40,1.5300664418187373,0.503615328286404,-0.1669553219311693,3.0381649562274538,2.3131876156593782,0.1558063634884393,-0.7163025926917439,"[0.046376207754747156, -0.03325277822362693]",0.0570657507205608,1,0.0570657507205608,6,16.370042420271577,moving,1112,[1104],[],1.0,[1104],[10.304846468766021],10.849871153376146,0,0.0,[],0.0,0,0.0,,
360970,185,,96.281924548151,66.93687515272967,41,1.506495417119005,0.5029001251473417,2.922635077820116,2.995615514467462,2.315300115765001,0.038912180069274,-0.1168941834191652,"[1.1645728551497854, -0.9056448081733919]",1.4752702984616557,1,1.4752702984616557,7,20.49651919361087,moving,1092,[1082],[1082],1.0,[1082],[11.85559006743592],46.16677623810078,0,0.0,[],0.0,0,0.0,,
365563,185,,96.68764233109032,66.99603334771679,42,1.5011960636734512,0.5120676105062877,2.644177763770128,2.931636434081819,2.289950114497494,0.8057622503863412,0.7668500703170671,"[0.4057177829393339, 0.05915819498711983]",0.4100080626369957,1,0.4100080626369957,8,23.870290415710468,moving,1084,[1058],[1058],1.0,[1058],[12.87248007127572],104.2464008546138,0,0.0,[],0.0,0,0.0,,
366873,185,,96.6156324967102,66.30516425926666,43,1.494596122123943,0.4913532886634351,-0.3384759153881976,3.0417952959865184,2.2519251125962554,1.8194429282668767,1.013680677880536,"[-0.07200983438013964, -0.6908690884501283]",0.694611771872149,1,0.694611771872149,9,27.337535001099045,moving,1081,[1060],[1060],1.0,[1060],[16.16661402758773],96.86765002158846,0,0.0,[],0.0,0,0.0,,
373416,185,,97.17449445486449,66.3141109082397,46,1.510171690726927,0.5022703789538675,2.3145071627507887,3.006690726760204,2.2075626103781363,0.47111792334442,-0.9663790851152094,"[0.09162045827662268, -0.12995103653757667]",0.1590018247442743,1,0.1590018247442743,12,38.81298444195125,moving,1086,[],[],0.0,[],,146.95564676507178,0,0.0,[],0.0,0,0.0,,
372534,185,,96.88111944328688,66.49833885023432,48,1.4997325502433447,0.5220391117536646,2.4212903838029707,2.8728356103537047,2.283612614180628,3.133203182836994,0.390573717121784,"[0.10535924205412073, -0.064501284694515]",0.1235353617935434,1,0.1235353617935434,14,51.38118680941023,moving,1084,[1051],[],1.0,[1051],[13.12218352024761],178.6317121551132,0,0.0,[],0.0,0,0.0,,
380527,185,,97.63857035874742,66.04754335509088,49,1.5317608272448546,0.5064362290780634,2.4926989824410826,3.0245877749175505,2.3638876181943766,0.0124999795527445,-3.120703203284249,"[0.7574509154605238, -0.45079549514343853]",0.8814468037117178,1,0.8814468037117178,15,61.00783687702733,moving,1073,[1047],[],1.0,[1047],[7.353329192117883],7.702658804511976,0,0.0,[],0.0,0,0.0,,
379234,185,,98.11436346582812,65.6696011706058,50,1.515962268955075,0.5242588076188441,2.447322971471217,2.8916295671607224,2.391350119567506,0.1344367572964576,0.121936777743713,"[0.47579310708070466, -0.37794218448507877]",0.6076342448865635,1,0.6076342448865635,16,71.93647913062121,moving,1068,[1038],[1038],1.0,[1038],[19.723357736918096],5.223563423780226,0,0.0,[],0.0,0,0.0,,
372130,185,,98.61748476634524,65.18905767693931,51,1.5041717426292465,0.533297088689242,2.639153719986987,2.820513695895579,2.387125119356252,0.0911683804317128,-0.0432683768647447,"[0.5031213005171224, -0.4805434936664881]",0.6957392416266562,1,0.6957392416266562,17,85.08429876662261,moving,1063,[1041],[1041],1.0,[1041],[14.48783352966202],18.96606033898275,0,0.0,[],0.0,0,0.0,,
383468,185,,99.03479053419288,64.99695012080964,52,1.532389601095359,0.4964523884189581,2.51989756678334,3.086679884803312,2.3174126158706247,0.3310201990471472,0.2398518186154343,"[0.41730576784762263, -0.19210755612967034]",0.45940115041324,1,0.45940115041324,18,100.15666809612944,moving,1066,[1038],[],1.0,[1038],[15.84770498192686],9.523287739557798,0,0.0,[],0.0,0,0.0,,
380284,185,,100.59457615826528,63.93523415651297,53,1.5541664825895196,0.5019252787501665,2.213019113719404,3.096410060197639,2.3617751180887496,0.1662127266700797,-0.1648074723770674,"[1.5597856240724042, -1.061715964296674]",1.8868418009746752,1,1.8868418009746752,19,118.40044586709618,moving,1047,[1013],[1013],1.0,[1013],[9.1291255017589],34.326983637796374,0,0.0,[],0.0,0,0.0,,
390813,185,,101.1616208757702,62.49058214508467,55,1.5301374081573134,0.5018006252349896,-1.2406148956317613,3.049293546497199,2.368112618405616,0.3672772074944852,-0.2099366422826151,"[0.002713118066367315, -0.09462886694416284]",0.0946677530565615,1,0.0946677530565615,21,146.02200410317442,moving,1026,[987],[987],1.0,[987],[11.135852253607325],3.290571317885509,0,0.0,[],0.0,0,0.0,,
395201,185,,101.29632588660002,62.079425889194496,56,1.5989148960197817,0.496119294186972,-1.287404315024996,3.222843607886776,2.363887618194381,0.2879408667449957,-0.0793363407494894,"[0.1347050108298049, -0.4111562558901767]",0.4326602670690784,1,0.4326602670690784,22,159.03998929549385,moving,1016,[976],[],1.0,[976],[9.556047463276585],4.153953593336205,0,0.0,[],0.0,0,0.0,,
395412,185,,101.60286652475592,60.84868926068607,57,1.551121378905738,0.5277277909090454,-1.379979317180684,2.939245204869409,2.389237619461878,0.0725001671787525,-0.2154406995662431,"[0.3065406381558944, -1.2307366285084314]",1.2683374202448352,1,1.2683374202448352,23,174.7669597991286,moving,1011,[967],[967],1.0,[967],[6.911227119024673],5.623162249446467,0,0.0,[],0.0,0,0.0,,
396246,185,,101.70715997491628,60.13924264140522,58,1.5411868542230345,0.5049027791470678,1.6748559283121676,3.0524428026056043,2.3638876181943846,0.0981426956266586,0.0256425284479061,"[0.10429345016036962, -0.7094466192808468]",0.7170715650166142,1,0.7170715650166142,24,186.7471188496349,moving,1001,[],[],0.0,[],,,0,0.0,[],0.0,0,0.0,,
397456,185,,101.59401416776493,61.00129997465037,59,1.577739689454818,0.4987695801093985,1.762324996742187,3.163263663972373,2.3617751180887487,3.126136281001092,3.0279935853744333,"[-0.11314580715136913, 0.8620573332451542]",0.8694508723773193,1,0.8694508723773193,25,190.33282104035044,moving,1019,[],[],0.0,[],,,0,0.0,[],0.0,0,0.0,,
343204,186,,39.21971452215956,57.66762705443548,34,1.5508211277680537,0.4838156306951109,2.5242451850650007,3.205396910265068,2.298400114920006,,,"[0.0, 0.0]",0.0,0,0.0,0,0.0,moving,929,[],[],0.0,[],,,0,0.0,[],0.0,0,0.0,,
347975,186,,38.48569565241205,57.45152651004092,35,1.600868588828388,0.4929367912720095,1.9943972619258936,3.247614333467363,2.387125119356255,,,"[-0.7340188697475156, -0.21610054439455695]",0.7651687045567429,1,0.7651687045567429,1,1.8499028191267808,moving,925,[],[],0.0,[],,,0,0.0,[],0.0,0,0.0,,
354425,186,,37.84376850961656,57.86227274699717,38,1.6067453097897586,0.4769674913025203,-1.3663495213648902,3.3686683874450214,2.355437617771876,0.518943011768024,-0.3980914973866336,"[-0.10472503168967506, 0.08155648766211954]",0.1327358012827922,1,0.1327358012827922,4,21.958573639567803,moving,933,[],[],0.0,[],,42.31913953893959,0,0.0,[],0.0,0,0.0,,
352883,186,,37.373589549362045,59.60881604420913,39,1.6002633323010504,0.4907727640342899,0.875175006656491,3.260701183061661,2.3998001199899983,0.6461654473074633,0.1272224355394392,"[-0.4701789602545148, 1.7465432972119572]",1.808723788670352,1,1.808723788670352,5,34.90632908963162,moving,970,[1009],[1009],1.0,[1009],[56.998199593406156],52.05198686785705,0,0.0,[1009],1.0,0,0.0,[56.998199593406156],[56.998199593406156]
360126,186,,37.92412534422859,60.3398037427789,40,1.5932869736116466,0.4754793306395087,1.2624779263107695,3.350906907916927,2.332200116610003,0.9084785530489562,0.2623131057414929,"[0.5505357948665477, 0.7309876985697699]",0.9151134776024612,1,0.9151134776024612,6,51.58249986088671,moving,978,[1023],[1023],1.0,[1023],[36.00852608989095],26.46910743732846,0,0.0,[1023],1.0,0,0.0,[36.00852608989095],[36.00852608989095]
360878,186,,38.16624830023055,61.64418185654657,41,1.5648040534699523,0.5115742238364599,1.4646217760629834,3.05880159820208,2.32163761608188,0.4619730748455002,-0.4465054782034559,"[0.24212295600195688, 1.3043781137676689]",1.3266596358897889,1,1.3266596358897889,7,69.1989784819706,moving,1000,[1038],[],1.0,[1038],[41.733650823862085],11.178110857620926,0,0.0,[1038],1.0,0,0.0,[41.733650823862085],[41.733650823862085]
365395,186,,38.152668982884,62.818762545345024,42,1.6043665251589068,0.4746913476174067,1.855087530882376,3.379809919038169,2.3258626162931315,0.1950948386184191,-0.2668782362270812,"[-0.013579317346554376, 1.1745806887984571]",1.17465918136192,1,1.17465918136192,8,87.97065686264526,moving,1016,[],[],0.0,[],,4.733424813891553,0,0.0,[],0.0,0,0.0,,
366669,186,,38.00137735453247,64.42051659179307,43,1.6142114870988202,0.4961681013173327,-1.326370715816345,3.253356035611858,2.444162622208128,0.0826138478979966,-0.1124809907204224,"[-0.15129162835152243, 1.6017540464480504]",1.6088832095966314,1,1.6088832095966314,9,108.74334885649112,moving,1041,[],[],0.0,[],,11.33213845472543,0,0.0,[],0.0,0,0.0,,
387109,186,,37.18698156347725,67.13023935431227,44,1.6168554677977032,0.496506798749639,1.5289300936007468,3.256461889080786,2.399800119989991,0.1977831273268233,0.1151692794288267,"[-0.8143957910552189, 2.709722762519192]",2.829458950789549,1,2.829458950789549,10,130.24609087271668,moving,1088,[1137],[1137],1.0,[1137],[91.00901899395704],35.66900019443794,0,0.0,[1137],1.0,0,0.0,[91.00901899395704],[88.99098100604296]
366889,186,,37.374742770202594,67.67736488699181,45,1.6349209340112476,0.4774981488243481,1.3439969330470305,3.423931460334661,2.393462619673127,0.6225414942874256,0.4247583669606022,"[0.1877612067253409, 0.5471255326795443]",0.5784467298384799,1,0.5784467298384799,11,148.5257611660924,moving,1103,[1141],[],1.0,[1141],[83.4353157086659],37.16304438833816,0,0.0,[1141],1.0,0,0.0,[83.4353157086659],[83.4353157086659]
373697,186,,37.240284116850674,68.08579521247454,46,1.6119724003265188,0.4943620986840893,1.4666579601631389,3.260711944983898,2.387125119356244,0.6486174846412913,0.0260759903538657,"[-0.13445865335192053, 0.4084303254827262]",0.429993558364701,1,0.429993558364701,12,162.64233749914098,moving,1108,[1132],[1132],1.0,[1132],[75.50777328348192],,0,0.0,[1132],1.0,0,0.0,[75.50777328348192],[75.50777328348192]
376757,186,,36.32291905228291,69.84407680520859,47,1.623953437914421,0.4901775822824999,1.833717793898329,3.312990019560914,2.3829001191450065,0.1628541758140392,-0.4857633088272521,"[-0.9173650645677611, 1.7582815927340505]",1.98320771000841,1,1.98320771000841,13,183.0518220805745,moving,1136,[],[],0.0,[],,,0,0.0,[],0.0,0,0.0,,
343218,187,,8.272505288113496,58.93831549784876,34,2.288326828527342,0.502718540411589,1.3769748811609444,4.551904583932449,3.4645001732250047,,,"[0.0, 0.0]",0.0,0,0.0,0,0.0,moving,931,[995],[995],1.0,[995],[48.19484080317632],,0,0.0,[],0.0,0,0.0,,
348118,187,,8.553555701144322,59.19695479687671,35,2.3211482694491625,0.4885605656829099,1.5048430456822748,4.750993904316984,3.439150171957501,,,"[0.281050413030826, 0.2586392990279478]",0.3819471451215025,1,0.3819471451215025,1,1.4956632364926437,moving,940,[1010],[1010],1.0,[1010],[60.88442046195823],,0,0.0,[],0.0,0,0.0,,
354938,187,,8.620363642823609,60.10711058086205,38,2.362193569822268,0.4886485569029963,1.432173407276608,4.834135978613351,3.52153767607688,1.2612693980982832,0.4107793129725406,"[0.044268090704420615, -0.017288710652849204]",0.0475243450312863,1,0.0475243450312863,4,4.136456315763635,moving,958,[1031],[1031],1.0,[1031],[58.34283369842305],20.299335868519325,0,0.0,[],0.0,0,0.0,,
357201,187,,8.932145146503352,60.79133255908143,40,2.262699792426727,0.5056699238858454,1.3259863307346276,4.474657648291397,3.529987676499381,1.6623270395979797,-0.1064970898437653,"[0.18254563698335602, -0.04970290317938009]",0.1891911418806864,1,0.1891911418806864,6,5.555407963794051,moving,971,[],[],0.0,[],,115.64402694280044,0,0.0,[],0.0,0,0.0,,
366271,187,,9.841035508232208,59.702710453790495,43,2.2618049782983967,0.5024098492903751,1.0872242066537106,4.50191209725101,3.504637675231882,0.1053707115907134,-0.0264681099113397,"[0.2016052851997916, -0.24557999365000427]",0.3177329449421722,1,0.3177329449421722,9,8.644028948266488,moving,954,[1019],[1019],1.0,[1019],[22.070693524446],165.32991536808652,0,0.0,[],0.0,0,0.0,,
386770,187,,9.488387033364194,60.45252014972697,44,2.3313670486168383,0.4876726803623036,1.0789108583551537,4.780598016860019,3.589137679456882,2.893836754682506,2.7884660430917925,"[-0.35264847486801365, 0.7498096959364773]",0.8285985318277413,1,0.8285985318277413,10,10.502300236546589,moving,976,[1030],[1030],1.0,[1030],[28.636722499363785],105.81523230990216,0,0.0,[],0.0,0,0.0,,
372030,187,,9.668125763841768,60.48218927312367,46,2.241511397294208,0.488636268864253,1.3400824170490426,4.5872800283617865,3.371550168577508,2.61614721447778,1.7646729882230436,"[0.034536005923085256, -0.3027268519174271]",0.304690470111809,1,0.304690470111809,12,14.29569457128335,moving,979,[],[],0.0,[],,74.66581043788362,0,0.0,[],0.0,0,0.0,,
375874,187,,9.909493552667376,59.95759583856282,47,2.3429077831329432,0.4951683592642794,-1.5518987921215162,4.731537747310901,3.470837673541884,0.3176330073510254,-2.298514207126755,"[0.24136778882560783, -0.524593434560849]",0.5774570815800175,1,0.5774570815800175,13,15.649779477079417,moving,968,[],[],0.0,[],,11.313553906256915,0,0.0,[],0.0,0,0.0,,
371672,187,,10.159131996314358,58.90922149601344,48,2.374587240139758,0.4934194866354741,-1.3773397716818678,4.812512080403592,3.6292751814637607,0.1974587657660513,-0.1201742415849741,"[0.2496384436469814, -1.0483743425493728]",1.0776864639877022,1,1.0776864639877022,14,17.068885900092244,moving,949,[],[],0.0,[],,2.2838210601333957,0,0.0,[],0.0,0,0.0,,
379868,187,,10.44332071292607,57.89667108673505,49,2.394994855865644,0.4913526500502463,1.614738098144651,4.874289078568576,3.5532251776612576,0.039860197025704,-0.1575985687403473,"[0.2841887166117125, -1.012550409278397]",1.051675595409184,1,1.051675595409184,15,18.67186306431825,moving,935,[],[],0.0,[],,113.15350989394852,1,0.0,[913],1.0,1,1.0,[41.97993462329616],[41.97993462329616]
378426,187,,10.71299438547216,58.11373576657007,50,2.380283488607028,0.4972063802701679,1.8651800159583176,4.787314851659082,3.591250179562504,1.9749013078373672,1.9350411108116632,"[0.2696736725460891, 0.2170646798350191]",0.3461805380092512,1,0.3461805380092512,16,20.18503092254122,moving,941,[],[],0.0,[],,30.65988127683842,0,0.0,[],0.0,0,0.0,,
371520,187,,11.295598172190854,58.19739203719424,51,2.3724241074567662,0.4948096268666676,2.2847646584358503,4.794619948039218,3.603925180196259,0.5351158765513654,-1.4397854312860017,"[0.5826037867186944, 0.08365627062417502]",0.5885792588205153,1,0.5885792588205153,17,23.309070215774803,moving,949,[],[],0.0,[],,20.36099856505616,0,0.0,[],0.0,0,0.0,,
382903,187,,12.379949727033786,57.96315033524216,52,2.314479423943576,0.488038672685352,-0.9806648934543524,4.742409881595111,3.44548767227438,0.3553664639540826,-0.1797494125972827,"[1.0843515548429323, -0.2342417019520795]",1.1093635424979909,1,1.1093635424979909,18,26.619384002452087,moving,946,[1009],[1009],1.0,[1009],[27.919766428108616],93.1150843211352,0,0.0,[863],1.0,0,0.0,[25.135390899869236],[25.135390899869236]
379907,187,,12.811875808197104,60.66741662207239,53,2.429863549443517,0.5009642778588769,1.549573111925885,4.850372884527342,3.608150180407508,1.6251648046759586,1.2697983407218758,"[0.43192608116331677, 2.704266286830226]",2.738542731029705,1,2.738542731029705,19,29.055165645527477,moving,985,[951],[],1.0,[951],[61.30003851708758],161.46393457424773,0,0.0,[951],1.0,0,0.0,[61.30003851708758],[61.30003851708758]
388462,187,,13.363232657312924,57.35895345417505,54,2.429149114899568,0.4983877118836323,2.680243065807593,4.87401486228205,3.625050181252507,2.8180772815453308,1.1929124768693722,"[0.5513568491158214, -3.3084631678973366]",3.354090474092821,1,3.354090474092821,20,29.80695392191423,moving,939,[982],[982],1.0,[982],[48.650794830313146],148.91899406858727,0,0.0,[],0.0,0,0.0,,
390694,187,,14.164139082427424,59.37979339201039,55,2.4933641657776566,0.4764332902754513,1.7267254547091693,5.2333961892883485,3.6546251827312553,2.599126765254754,-0.2189505162905769,"[0.8009064251144995, 2.0208399378353405]",2.1737629024666028,1,2.1737629024666028,21,29.10914780487732,moving,962,[],[],0.0,[],,163.31375602361757,0,0.0,[],0.0,0,0.0,,
395203,187,,12.669153249826858,57.48720910835999,57,2.3534433922907136,0.4893554579293865,-0.7780136161724158,4.809271776080431,3.5891376794568783,1.4819059674608956,-1.4495443768650134,"[-0.1722518042179928, 0.09378534342699396]",0.196128464782838,1,0.196128464782838,23,27.44192190937593,moving,952,[],[],0.0,[],,83.24223257498126,0,0.0,[],0.0,0,0.0,,
396022,187,,13.1447541732363,57.01055115564116,58,2.3627401728863324,0.4945187915601778,-0.7350923455553774,4.777857208281257,3.5257626762881324,2.853669414690135,1.3717634472292397,"[0.47560092340944315, -0.47665795271883127]",0.6733491235889616,1,0.6733491235889616,24,28.31712695033697,moving,943,[926],[926],1.0,[926],[11.309932474020215],,0,0.0,[],0.0,0,0.0,,
397182,187,,13.196675454295372,56.43640986862342,59,2.394969696525824,0.4835234665594767,2.5521652457006425,4.953161246893123,3.538437676921883,0.6941005279167539,-2.159568886773381,"[0.051921281059071234, -0.5741412870177385]",0.5764842035001482,1,0.5764842035001482,25,30.506983603065088,moving,942,[],[],0.0,[],,,0,0.0,[],0.0,0,0.0,,
360559,190,,47.92987364722779,42.37885876922365,41,1.6769360069364625,0.4931720612888416,-1.1453725891913102,3.400306178241335,2.484300124215004,,,"[0.0, 0.0]",0.0,0,0.0,0,0.0,moving,687,[],[],0.0,[],,,0,0.0,[],0.0,0,0.0,,
364322,190,,48.336730271093685,41.89199633293627,42,1.6764580193202836,0.4986104435822521,-0.7562222566099959,3.3622601389489963,2.5392251269612576,,,"[0.4068566238658988, -0.4868624362873746]",0.6344819495078133,1,0.6344819495078133,1,1.490112397755163,moving,683,[],[],0.0,[],,,0,0.0,[],0.0,0,0.0,,
365153,190,,48.67974346343219,41.5996287292904,43,1.7338210740838018,0.4788704154553748,-0.6557433614966092,3.6206477120434553,2.52021262601063,0.1688229639344359,,"[0.34301319233850336, -0.29236760364587866]",0.450707073141619,1,0.450707073141619,2,2.479204417655068,moving,678,[],[],0.0,[],,59.26563347967614,0,0.0,[],0.0,0,0.0,,
385648,190,,48.530787126794806,40.72895569046701,44,1.775363394578037,0.4743131860221235,2.174195104877142,3.7430192684865142,2.5244376262218773,1.034380437500522,0.8655574735660861,"[-0.14895633663738295, -0.8706730388233836]",0.8833230047713999,1,0.8833230047713999,3,4.341498097826768,moving,666,[713],[],1.0,[713],[2.8885173952036993],160.73286431102144,0,0.0,[642],1.0,0,0.0,[28.590745555200673],[28.590745555200673]
365436,190,,48.237708368133326,42.4693405370622,45,2.298784631442748,0.4898275795647412,2.0341381629376247,4.693048589639315,3.382112669105632,2.80531769838861,1.770937260888088,"[-0.2930787586614798, 1.740384846595191]",1.7648893939951933,1,1.7648893939951933,4,5.756928394057059,moving,696,[660],[660],1.0,[660],[36.10957674263612],165.7272745312174,0,0.0,[],0.0,0,0.0,,
370047,190,,49.36145688496668,39.92526065478409,46,1.7577289086309866,0.4517838316349717,2.946041071367621,3.890641465122596,2.4610626230531265,2.892486600926285,0.0871689025376754,"[1.123748516833352, -2.544079882278112]",2.781214334871976,1,2.781214334871976,5,7.947948761218292,moving,665,[687],[687],1.0,[687],[45.18972043082532],142.692206074695,0,0.0,[],0.0,0,0.0,,
369385,190,,48.82943598391591,40.21847508946431,48,1.752410517181637,0.4460471465870787,-0.2802767597560742,3.928756255006165,2.363887618194373,1.4656285115692167,-0.8618238634574042,"[0.023133543181941718, 0.09638821021262345]",0.0991254149456316,1,0.0991254149456316,7,10.648374758338871,moving,666,[688],[688],1.0,[688],[44.142488116608156],29.174947992536495,0,0.0,[],0.0,0,0.0,,
377714,190,,48.45658000959973,40.21642957683863,49,1.7249856979059606,0.4653139658385177,0.147627724734511,3.707143616025912,2.484300124214997,1.8118309752260275,0.3462024636568108,"[-0.3728559743161739, -0.0020455126256848644]",0.3728615851829807,1,0.3728615851829807,8,13.074409269532486,moving,673,[679],[679],1.0,[679],[109.39871215145396],43.64450039375996,0,0.0,[],0.0,0,0.0,,
376113,190,,47.87375229045448,39.65440825295032,50,1.673804882505909,0.4715514188037843,0.4324235227376636,3.549570239343062,2.4145876207293773,0.761740232259073,-1.0500907429669546,"[-0.58282771914525, -0.5620213238883096]",0.8096642012027101,1,0.8096642012027101,9,14.189499065121533,moving,659,[668],[668],1.0,[668],[90.73882607440851],27.51371006579264,0,0.0,[],0.0,0,0.0,,
369470,190,,46.32409547538645,39.19699321880862,51,1.7458914911556918,0.5139171240802769,0.5951027100407174,3.3972238116801363,2.6765376338268805,0.4802048300871872,-0.2815354021718857,"[-1.5496568150680332, -0.4574150341416967]",1.6157551664610732,1,1.6157551664610732,10,19.105909120356035,moving,644,[],[],0.0,[],,17.360478887287478,0,0.0,[],0.0,0,0.0,,
381228,190,,45.66398247053932,38.75499273164191,52,1.7035370278553363,0.492307484020234,1.424064427978617,3.4603110518330453,2.564575128228752,0.302997516306128,-0.1772073137810592,"[-0.6601130048471333, -0.4420004871667089]",0.7944265918408822,1,0.7944265918408822,11,22.86168102163032,moving,642,[614],[614],1.0,[614],[60.4629532399117],,0,0.0,[614],1.0,0,0.0,[60.4629532399117],[60.4629532399117]
377814,190,,44.96244491270844,37.88314456709177,53,1.6681957285577336,0.5046343549304736,1.1147979412193916,3.305751406456603,2.505425125271255,0.3032040794427597,0.0002065631366316,"[-0.7015375578308749, -0.8718481645501441]",1.1190505650223157,1,1.1190505650223157,12,29.017079481701355,moving,623,[],[],0.0,[],,,0,0.0,[],0.0,0,0.0,,
360876,191,,60.77778854991948,60.91978123005804,41,1.8943297775390355,0.520682418400961,0.3235160317085721,3.638167356133528,2.980737649036877,,,"[0.0, 0.0]",0.0,0,0.0,0,0.0,moving,998,[],[],0.0,[],,,0,0.0,[],0.0,0,0.0,,
365313,191,,61.21108339128848,60.93456159403371,42,1.9504482549391997,0.5121333731288045,0.3205815547060329,3.80847716098488,2.989187649459379,,,"[0.43329484136900476, 0.014780363975674504]",0.4335468587318381,1,0.4335468587318381,1,0.4125657410709415,moving,994,[],[],0.0,[],,,0,0.0,[],0.0,0,0.0,,
366544,191,,61.44038579810069,62.20064301245278,43,2.374175896658979,0.4770326528773789,2.9507856450899626,4.976967262803413,3.4497126724856293,1.357528255274835,,"[0.22930240681220937, 1.2660814184190698]",1.2866785736289836,1,1.2866785736289836,2,0.7393762768122706,moving,1017,[],[],0.0,[],,177.85364538508372,0,0.0,[],0.0,0,0.0,,
372387,191,,61.120718721506414,60.74816722751832,46,1.8674474684824325,0.528022913872783,0.060470424798444,3.536678843699495,2.940600147030012,2.675514454744118,1.6849799366352782,"[0.05039043250678077, -0.005454960373917572]",0.0506848328487076,1,0.0506848328487076,5,1.7952920990774834,moving,1010,[968],[968],1.0,[968],[47.5376149227162],148.66500604066212,0,0.0,[1007],1.0,0,0.0,[151.52555456721834],[28.474445432781664]
376075,191,,60.992168891752776,61.123139950116006,47,1.883693297964532,0.5529332444629566,0.4700575481966709,3.40672823858528,3.0166501508325085,2.0088984238863463,-0.6666160308577718,"[-0.12854982975363782, 0.37497272259768977]",0.3963957636277326,1,0.3963957636277326,6,1.90665045146073,moving,1009,[964],[],1.0,[964],[28.22449645491828],87.00746306556279,0,0.0,[],0.0,0,0.0,,
372100,191,,60.677531862408784,61.03333252489868,48,1.9021605363813625,0.529460777140285,0.4929380550735387,3.5926372991315447,3.016650150832506,1.5185667043014353,-0.490331719584911,"[-0.3146370293439915, -0.0898074252173231]",0.3272030468357176,1,0.3272030468357176,7,2.114577563408571,moving,1003,[957],[],1.0,[957],[28.83082134926336],41.05296513167194,0,0.0,[],0.0,0,0.0,,
380152,191,,60.24663168507844,61.23538759491981,49,1.9418472886513225,0.5050177689951281,0.6869880645875777,3.84510686131928,2.9913001495650064,0.7165094092541163,-0.8020572950473189,"[-0.4309001773303436, 0.20205507002113166]",0.4759214369458114,1,0.4759214369458114,8,2.237924934285332,moving,1003,[962],[],1.0,[962],[8.815913611852153],84.30154346021428,0,0.0,[],0.0,0,0.0,,
383145,191,,59.69727266488346,60.314596341557504,52,1.9309768244789705,0.5151809567718457,0.5663549616524486,3.74815256483583,2.9849626492481307,1.6746879810117743,-0.0403763877022778,"[-0.21203739297729385, -0.2339786776209678]",0.3157623752157057,1,0.3157623752157057,11,2.3391489925418805,moving,997,[969],[],1.0,[969],[10.702349457539498],30.648793786291986,0,0.0,[],0.0,0,0.0,,
388598,191,,59.20750266222176,60.04833838064235,54,1.916225886469128,0.5296111097309237,0.5731189630408049,3.618175395608097,2.9786251489312594,0.8897126418861306,0.8857376313199211,"[-0.23389607589961514, 0.013847632472767657]",0.2343056363947299,1,0.2343056363947299,13,1.876413125947596,moving,987,[],[],0.0,[],,146.5363231664003,0,0.0,[],0.0,0,0.0,,
390758,191,,60.18276174051098,59.96415544311894,55,1.96195803093138,0.4967111015685445,0.2990189827505464,3.949897686473666,3.044112652205627,3.114622728311239,2.2249100864251083,"[0.9752590782892199, -0.08418293752340844]",0.9788856096376168,1,0.9788856096376168,14,1.2419633787479436,moving,997,[956],[956],1.0,[956],[51.97983097168431],101.66111053626412,0,0.0,[],0.0,0,0.0,,
395137,191,,60.13420722354979,60.37576592474123,56,1.948839041427368,0.5149492624888521,0.3856935227785483,3.784526327910912,3.0652376532618826,1.774321100091707,-1.340301628219532,"[-0.048554516961196725, 0.4116104816222901]",0.4144643889391086,1,0.4144643889391086,15,0.7707500160368774,moving,1000,[],[],0.0,[],,38.93361410164177,0,0.0,[],0.0,0,0.0,,
395440,191,,60.41723217341178,60.82509820570788,57,1.9756877811615805,0.5135673991150713,0.2959204883832003,3.8469883107181073,3.0589001529450157,0.6795197557745432,-1.0948013443171638,"[0.28302494986199633, 0.4493322809666509]",0.5310391896678425,1,0.5310391896678425,16,0.3784615696199031,moving,1018,[],[],0.0,[],,26.965855389378003,0,0.0,[],0.0,0,0.0,,
396317,191,,60.927565979910106,61.12965852639896,58,1.995724714513938,0.5143906425874732,0.3801125006108554,3.8797842520522927,3.05890015294501,0.4706429621613037,-0.2088767936132394,"[0.5103338064983234, 0.3045603206910812]",0.5943042848529047,1,0.5943042848529047,17,0.1047939873320106,moving,1019,[],[],0.0,[],,,0,0.0,[],0.0,0,0.0,,
397505,191,,61.39578073323912,61.264702637356734,59,1.960810051867154,0.5168935270374283,0.2775842062746698,3.793450583731477,3.056787652839388,0.2572507197138616,-0.213392242447442,"[0.46821475332901485, 0.13504411095777158]",0.4873006947864174,1,0.4873006947864174,18,0.5008851158570944,moving,1032,[],[],0.0,[],,,0,0.0,[],0.0,0,0.0,,
374615,290,192.0,6.165676756436568,128.8074724337263,43,1.6802795167586253,0.496943502455512,-0.8800341661280111,3.381228466527842,2.5159876257993874,,,"[0.0, 0.0]",0.0,0,0.0,0,0.0,moving,2127,[2104],[2104],1.0,[2104],[116.67956624014391],,0,0.0,[],0.0,0,0.0,,
390179,290,192.0,6.618975399744961,128.53243895628728,44,1.7021446377162286,0.5042886969348067,2.3755160596353857,3.3753376747531543,2.630062631503136,,,"[0.4532986433083934, -0.27503347743902395]",0.5302104051576432,1,0.5302104051576432,1,3.254028732487193,moving,2142,[],[],0.0,[],,,0,0.0,[],0.0,0,0.0,,
372860,290,192.0,7.319764049001823,127.92228765714324,45,1.6859689964933893,0.5070624908206284,2.3570319586521644,3.3249728130448424,2.5645751282287508,0.1710096756734259,,"[0.7007886492568618, -0.6101512991440501]",0.929187461589118,1,0.929187461589118,2,6.070313843754844,moving,2138,[2168],[2168],1.0,[2168],[22.392066700998484],174.59197177435794,1,1.0,[2121],1.0,0,0.0,[123.50343698241421],[56.496563017585785]
381590,290,192.0,6.940687655816808,128.32109425871857,46,3.0771808992867338,0.5192690357055652,-0.3693024683908704,5.92598573705741,4.972825248641236,3.047204755011544,2.8761950793381184,"[-0.3790763931850156, 0.39880660157534464]",0.5502232431752009,1,0.5502232431752009,3,9.30473515168289,moving,2133,[],[],0.0,[],,18.144196614094696,0,0.0,[],0.0,0,0.0,,
379425,290,192.0,6.336655004752327,128.64645120670986,48,1.6163884712102343,0.4925035989610393,-0.2071540908061246,3.2819830649361457,2.3829001191449777,2.5958167100943177,2.3235077426584327,"[0.027411552002073236, -0.051818294270674414]",0.0586219140278153,1,0.0586219140278153,5,19.62755916857725,moving,2147,[],[],0.0,[],,98.43190971409804,0,0.0,[],0.0,0,0.0,,
385976,290,192.0,6.213371728205801,128.30545414558574,49,1.6369397064470066,0.4994559990795609,-0.0899583728785511,3.2774452793913684,2.439937621996868,0.8334887929482234,-1.7623279171460942,"[-0.12328327654652593, -0.34099706112411354]",0.3625986237857634,1,0.3625986237857634,6,23.970265478490276,moving,2142,[],[],0.0,[],,12.845393458893907,0,0.0,[],0.0,0,0.0,,
378430,290,192.0,5.861017442123105,127.7570739486448,51,1.5772081136874812,0.4791685245156319,0.1149774138252204,3.2915519968299334,2.239250111962504,0.2241944095718415,-0.3046471916881909,"[-0.35235428608269626, -0.5483801969409399]",0.6518238898029364,2,0.3259119449014682,7,35.63216408388022,moving,2125,[2121],[2121],1.0,[2121],[161.39800856139712],124.07601903968856,1,1.0,[],0.0,0,0.0,,
388013,290,192.0,6.325811290400206,127.76805822115736,52,1.619516177635337,0.453996554459718,0.0841698555839348,3.567243323162781,2.220237611011876,2.165535055009738,1.9413406454378963,"[0.46479384827710124, 0.010984272512558846]",0.4649236234467627,1,0.4649236234467627,8,40.541205459987374,moving,2143,[2139],[2139],1.0,[2139],[156.5226001079071],3.1639006404956196,0,0.0,[],0.0,0,0.0,,
386139,290,192.0,10.821855843966231,127.6259705004149,53,1.781360261854979,0.4916077595968292,2.955321203450468,3.6235397572159656,2.6279501313975064,0.0552204833826059,-2.110314571627132,"[4.496044553566025, -0.14208772074246667]",4.498289180125763,1,4.498289180125763,9,44.95072400628137,moving,2136,[2149],[2149],1.0,[2149],[155.49929945620298],178.6515795914451,0,0.0,[],0.0,0,0.0,,
391389,290,192.0,9.668498193131573,127.63526438490692,54,1.647182703603684,0.4787217822485917,0.1287496893879769,3.440793305595464,2.4061376203068896,3.118058277759437,3.062837794376831,"[-1.1533576508346588, 0.009293884492038273]",1.1533950958053334,1,1.1533950958053334,10,48.03094952445548,moving,2137,[2136],[2136],1.0,[2136],[157.8202139296271],173.3008319572609,0,0.0,[],0.0,0,0.0,,
392258,290,192.0,10.907248842388258,127.47963356939545,55,1.6035276953627495,0.4891883245344379,-0.0338902282397356,3.277935336843601,2.338537616926892,3.0246701140996146,-0.0933881636598226,"[1.2387506492566853, -0.15563081551148628]",1.2484887351396607,1,1.2484887351396607,11,54.59841911403178,moving,2147,[2132],[],1.0,[2132],[7.866574371850463],3.4306830248342655,0,0.0,[],0.0,0,0.0,,
399543,290,192.0,11.795595740204575,127.42171699465072,56,1.5741840308428383,0.5043815888476378,-0.1330313032837263,3.121018026132519,2.4272626213631328,0.0598767143756474,-2.964793399723967,"[0.8883468978163176, -0.05791657474472345]",0.8902328574536194,1,0.8902328574536194,12,60.26816742101239,moving,2147,[2128],[],1.0,[2128],[15.461217740441914],1.1192147090306557,0,0.0,[],0.0,0,0.0,,
399867,290,192.0,12.55785513441607,127.3570465822902,57,1.6197900042098163,0.5037465969410057,-0.1330228454978809,3.2154857502680296,2.4906376245318858,0.0195339817093352,-0.0403427326663122,"[0.7622593942114939, -0.06467041236052751]",0.7649978080351305,1,0.7649978080351305,13,71.73265333349961,moving,2147,[2120],[2120],1.0,[2120],[17.810943796233747],21.313361272407523,0,0.0,[],0.0,0,0.0,,
400342,290,192.0,13.68551010503908,126.8030819706379,58,1.5410567010729024,0.5586710702396492,0.0016789230076771,2.7584329727541577,2.524437626221866,0.3719883288705593,0.3524543471612241,"[1.127654970623011, -0.5539646116522903]",1.2563767443461602,1,1.2563767443461602,14,98.8800940674919,moving,2144,[2137],[],1.0,[2137],[8.978144047544651],,0,0.0,[],0.0,0,0.0,,
400700,290,192.0,18.13511178407678,126.3939076394302,59,1.7064425038701598,0.5360680290864436,0.06452218628445,3.1832573689914785,2.672312633615645,0.3649264497217359,-0.0070618791488234,"[4.4496016790377, -0.4091743312076943]",4.468375402247934,1,4.468375402247934,15,149.092669897166,moving,2146,[],[],0.0,[],,,0,0.0,[],0.0,0,0.0,,
374836,291,192.0,4.062102548035742,130.8414650447356,43,1.5163673910202893,0.500536328405627,2.5159381330852617,3.0294851841232355,2.3026251151312604,,,"[0.0, 0.0]",0.0,0,0.0,0,0.0,moving,2165,[],[],0.0,[],,,0,0.0,[],0.0,0,0.0,,
373256,291,192.0,5.0223197829070125,129.69109206103477,45,1.496095241829447,0.5130441730743518,2.6269364737753813,2.916113894958181,2.3427626171381366,,,"[0.960217234871271, -1.1503729837008336]",1.4984575869114842,2,0.7492287934557421,1,4.006262007421258,moving,2168,[],[],0.0,[],,,0,0.0,[],0.0,0,0.0,,
385926,291,192.0,9.071114192522309,127.70968237587792,49,1.715043614906574,0.5099489185781328,2.839732316310044,3.363167471143093,2.672312633615644,2.427113186539533,2.187890298727329,"[-0.04693563696808134, -0.0013973489159440078]",0.0469564330160672,1,0.0469564330160672,4,18.465492243751456,moving,2131,[2142],[2142],1.0,[2142],[15.318335793454573],166.040100123376,0,0.0,[2111],1.0,0,0.0,[151.95667616623314],[28.043323833766863]
385056,291,192.0,7.782466833995358,127.98633081403824,50,3.0880894823023564,0.5564039535838701,2.9567104961548702,5.550085441362469,5.171400258570012,0.2412342891895571,-2.185878897349975,"[-1.2886473585269504, 0.2766484381603078]",1.318008487444229,1,1.318008487444229,5,25.19820770940941,moving,2127,[],[],0.0,[],,173.12022207719707,0,0.0,[2108],1.0,0,0.0,[161.36267881882648],[18.63732118117352]
378402,291,192.0,8.820930819892297,127.62883599828972,51,1.7836466847657648,0.4945974964638165,-0.1393239690482977,3.60625902378835,2.6786501339325097,3.02151787703088,2.780283587841323,"[1.0384639858969384, -0.3574948157484954]",1.0982759185614548,1,1.0982759185614548,6,32.946257093328185,moving,2121,[],[],0.0,[],,19.48038782017525,0,0.0,[],0.0,0,0.0,,
388001,291,192.0,9.271757041132274,127.63264586266884,52,1.7187280316178826,0.5199916227311333,2.9874827636097314,3.305299463461871,2.714562635728135,0.3399969070274342,-2.681520970003446,"[0.45082622123997673, 0.0038098643791215636]",0.4508423192470996,1,0.4508423192470996,7,34.60365104651655,moving,2139,[2143],[2143],1.0,[2143],[156.5226001079071],170.5432901308363,0,0.0,[2150],1.0,0,0.0,[9.852938585201157],[9.852938585201157]
386193,291,192.0,7.939318242685213,127.8430284761234,53,1.6297789741524795,0.4775146982827196,0.0544308231710097,3.413044624623355,2.3258626162931426,2.976541929967045,2.6365450229396106,"[-1.3324387984470603, 0.21038261345455567]",1.3489455124841083,1,1.3489455124841083,8,43.7577706489178,moving,2149,[2136],[2136],1.0,[2136],[155.49929945620298],174.11247115744874,0,0.0,[],0.0,0,0.0,,
391387,291,192.0,12.643248042137673,127.5895082726662,54,1.777879927828716,0.4875918870404247,-0.1098028689104824,3.6462459181182343,2.632175131608774,3.0388358904811428,0.0622939605140979,"[4.703929799452459, -0.2535202034571995]",4.710756632616233,1,4.710756632616233,9,59.87236781904437,moving,2136,[],[],0.0,[],,21.843884196829983,0,0.0,[],0.0,0,0.0,,
392243,291,192.0,13.817938455767525,127.04351531648923,55,1.7540838606091154,0.5079991736134103,2.924089176336609,3.452926602482982,2.668087633404375,0.3812477006590501,-2.6575881898220928,"[1.1746904136298522, -0.5459929561769741]",1.2953786612681035,1,1.2953786612681035,10,70.27750869955007,moving,2132,[],[],0.0,[],,5.0892810159962085,0,0.0,[],0.0,0,0.0,,
399467,291,192.0,14.68654987735684,126.73011767712124,56,1.744190415436601,0.5007178095947354,2.8102145840941875,3.483380023667006,2.659637632981872,0.0888247102883735,-0.2924229903706766,"[0.8686114215893141, -0.3133976393680058]",0.9234196673651952,1,0.9234196673651952,11,86.40806827040639,moving,2128,[2091],[2091],1.0,[2091],[104.62944863381054],5.862279023879493,0,0.0,[2091],1.0,0,0.0,[104.62944863381054],[75.37055136618946]
399785,291,192.0,15.385874658287245,126.55605044335728,57,1.7168016513696542,0.52773495830098,-0.3913535714803193,3.253151272935989,2.665975133298749,0.1023160706373301,0.0134913603489566,"[0.6993247809304037, -0.1740672337639495]",0.7206625778362511,1,0.7206625778362511,12,110.63891685881116,moving,2120,[2095],[2095],1.0,[2095],[116.74491177065433],9.933829296860978,0,0.0,[2095],1.0,0,0.0,[116.74491177065433],[63.255088229345674]
400326,291,192.0,16.59377189250707,126.47066467379013,58,1.758210209958551,0.4990908253595388,-0.1917436422225987,3.5228261483106973,2.663862633193137,0.1733780285612677,0.0710619579239375,"[1.2078972342198284, -0.08538576956716781]",1.2109114162813432,1,1.2109114162813432,13,146.77429875573384,moving,2137,[2144],[2144],1.0,[2144],[8.978144047544651],,0,0.0,[],0.0,0,0.0,,
400690,291,192.0,15.185367658430614,125.93417537983684,59,1.609593169925311,0.537749035292009,0.2306968251224677,2.9932051278367577,2.530775126538753,2.707069799961318,2.53369177140005,"[-1.4084042340764569, -0.5364892939532666]",1.507124165120766,1,1.507124165120766,14,147.80851857134996,moving,2135,[],[],0.0,[],,,0,0.0,[],0.0,0,0.0,,
363626,195,,83.85032765755874,27.44085647185497,42,1.3060442855867764,0.5166930137093891,0.3954292762984286,2.5276987513544227,2.03856260192813,,,"[0.269512234705374, -0.06376421576031532]",0.2769525588750041,1,0.2769525588750041,1,0.8173422080002338,moving,464,[448],[448],1.0,[448],[3.632950739488223],,0,0.0,[438],1.0,1,1.0,[75.88107869694363],[75.88107869694363]
364692,195,,83.23676750697528,27.095504268639,43,1.3452514463128027,0.533852685665724,0.42656502627755,2.5198926266246087,2.156862607843133,2.396605813970285,,"[-0.6135601505834529, -0.3453522032159775]",0.7040768442791733,1,0.7040768442791733,2,2.593297624042801,moving,452,[442],[442],1.0,[442],[2.7089053867155144],,0,0.0,[],0.0,0,0.0,,
384780,195,,82.6268466535517,26.596049158776214,44,1.372828538917075,0.5191727945363398,0.6247805262654197,2.644261319861942,2.1272876063643817,0.1734831339223239,-2.223122680047961,"[-0.6099208534235885, -0.4994551098627795]",0.7883266164534847,1,0.7883266164534847,3,5.334919924997771,moving,455,[],[],0.0,[],,175.396511797532,1,0.0,[],0.0,1,0.0,,
364758,195,,83.54340907303782,27.230944904544007,45,1.3566488759534518,0.5180817551858135,0.6481954053898715,2.6185999842184766,2.1272876063643817,3.061246627380016,2.887763493457692,"[0.9165624194861266, 0.6348957457677891]",1.1149794961380677,1,1.1149794961380677,4,9.040495395596656,moving,468,[],[],0.0,[],,36.03729795113106,0,0.0,[],0.0,0,0.0,,
372813,195,,83.74608006082059,27.811219129623108,47,1.3829833398619182,0.5641585770649309,0.4504640753927376,2.451408869926205,2.230800111540012,2.275877534806432,1.983808098872224,"[-0.26665731425887884, -0.008578374032651936]",0.266795261855983,1,0.266795261855983,6,19.286346654057404,moving,479,[495],[495],1.0,[495],[0.7653561091733252],42.26963113230206,0,0.0,[],0.0,0,0.0,,
368501,195,,84.64188113792916,28.29714839082742,48,1.390393348222968,0.5156711887870318,0.6074837844508147,2.6962789049616456,2.1885501094275064,2.676721704833364,0.4008441700269318,"[0.8958010771085725, 0.485929261204312]",1.019110797039972,1,1.019110797039972,7,24.84009547302147,moving,479,[494],[494],1.0,[494],[0.7697626213427498],11.418129154430254,0,0.0,[],0.0,0,0.0,,
376516,195,,85.0656641204096,28.65143373809194,49,1.4089497849453954,0.5286875463184547,0.5934876209613089,2.6649952221433924,2.2603751130187506,0.199283948162764,-2.4774377566706,"[0.4237829824804322, 0.35428534726451844]",0.552367743017594,1,0.552367743017594,8,30.66525540903788,moving,487,[500],[500],1.0,[500],[1.8476102659946037],3.96580456183185,0,0.0,[],0.0,0,0.0,,
368377,195,,85.91460287682578,29.46729198916778,51,1.384473310231388,0.5156093540526518,-0.0065923442209765,2.685120623490495,2.125175106258748,0.0727403152930575,-0.0120337597796565,"[0.19140832579319067, 0.16397177140975927]",0.2520394592166206,1,0.2520394592166206,10,42.24354447002371,moving,499,[502],[502],1.0,[502],[0.14542044792931907],45.64356929637078,0,0.0,[],0.0,0,0.0,,
379965,195,,87.18720947335336,29.42770067171537,52,1.4110803824472051,0.5143724981732989,-0.1872859126595982,2.743304487425752,2.201225110061253,0.7394479792689382,0.6667076639758807,"[1.2726065965275808, -0.039591317452405406]",1.273222298714223,1,1.273222298714223,11,48.71300887561837,moving,508,[505],[505],1.0,[505],[1.1059587522885366],2.8147414256204524,0,0.0,[],0.0,0,0.0,,
376345,195,,88.47048950698175,29.45083574128636,53,1.377623906759368,0.5060829766693057,2.455728218521519,2.7221305008636185,2.106162605308123,0.0491265054693514,-0.6903214737995867,"[1.2832800336283867, 0.023135069570983546]",1.2834885570792316,1,1.2834885570792316,12,55.09161861771701,moving,501,[476],[],1.0,[476],[3.1675778327504815],31.72248403616361,0,0.0,[],0.0,0,0.0,,
387174,195,,89.97018157415133,28.56074965916718,54,1.4158996149133318,0.5054559850815376,2.479989745211362,2.801232266910296,2.1695376084768827,0.5536617933423876,0.5045352878730361,"[1.4996920671695761, -0.8900860821191792]",1.743940804589888,1,1.743940804589888,13,59.88645214860096,moving,485,[462],[462],1.0,[462],[7.224315694045352],0.0952801953139391,0,0.0,[],0.0,0,0.0,,
389499,195,,91.07356816831552,27.90339217045374,55,1.3793757351164757,0.5206294290208867,2.2407125878274843,2.6494386568015877,2.180100109005,0.001662953120305,-0.5519988402220826,"[1.103386594164192, -0.6573574887134406]",1.284360091309636,1,1.284360091309636,14,64.53603683205917,moving,477,[448],[448],1.0,[448],[1.2188752351312857],32.738965060456344,0,0.0,[],0.0,0,0.0,,
393248,195,,91.3321333512778,27.38424825742598,56,1.4124364129912192,0.5031047498539031,-1.180789527679824,2.8074400279492044,2.1758751087937585,0.5714027340003476,0.5697397808800425,"[0.25856518296228614, -0.519143913027758]",0.5799709960628142,1,0.5799709960628142,15,66.25395733357671,moving,466,[429],[429],1.0,[429],[0.0],11.050969722102783,0,0.0,[],0.0,0,0.0,,
393422,195,,91.6768574992458,26.93543407201736,57,1.3914504871161648,0.5062482923521131,-1.3228278801876636,2.7485534433138654,2.15686260784313,0.192875807188916,-0.3785269268114315,"[0.34472414796800877, -0.4488141854086187]",0.5659230612161618,1,0.5659230612161618,16,63.16817026627078,moving,465,[],[],0.0,[],,175.40150627347427,0,0.0,[],0.0,0,0.0,,
394214,195,,91.32757547015036,27.32164572628819,58,1.3676515668894074,0.5106771694398234,1.770672236035139,2.6781137844670515,2.116725105836257,3.0613337974296173,2.868457990240701,"[-0.34928202909544837, 0.38621165427082715]",0.520727738596325,1,0.520727738596325,17,59.24398020353807,moving,474,[425],[],1.0,[425],[10.433745642783848],,0,0.0,[496],1.0,1,1.0,[33.75475367350428],[33.75475367350428]
395395,195,,91.4526298702892,26.63637501991236,59,1.4088556822879206,0.5106726233411347,1.8088568787792547,2.7588235944004973,2.180100109005013,2.586865844302317,-0.4744679531273004,"[0.1250544001388505, -0.6852707063758317]",0.6965877862918062,1,0.6965877862918062,18,62.719313234344725,moving,468,[],[],0.0,[],,,0,0.0,[],0.0,0,0.0,,
379492,292,196.0,19.17000047924894,68.08833503553744,50,1.346963156951145,0.5205201700976199,0.2280736738467161,2.587725191703007,2.1420751071037567,,,"[0.0, 0.0]",0.0,0,0.0,0,0.0,moving,1114,"[1106, 1067]",[],2.0,"[1106, 1067]","[8.838481666267597, 19.935419658576393]",,0,0.0,[1113],1.0,0,0.0,[142.04233851377188],[37.95766148622812]
372392,292,196.0,18.23481964584227,67.96236990864091,51,1.369789152030623,0.531202518836488,0.3508644935447315,2.5786571099680047,2.190662609533129,,,"[-0.9351808334066725, -0.1259651268965314]",0.9436261994906976,1,0.9436261994906976,1,4.097483449978162,moving,1115,[],[],0.0,[],,,0,0.0,[],0.0,0,0.0,,
380820,292,196.0,23.023512774731017,69.06693792845533,53,1.3567135271976405,0.516933730962831,0.3787353365349905,2.6245405279911824,2.1357376067868743,3.048786084232429,,"[4.788693128888745, 1.1045680198144225]",4.914433069344117,2,2.4572165346720585,2,10.460385342525187,moving,1134,[1137],[],1.0,[1137],[54.06920167897819],26.63093093180787,0,0.0,[1137],1.0,0,0.0,[54.06920167897819],[54.06920167897819]
389069,292,196.0,24.086864482668823,69.94723488060578,54,1.3331306972555206,0.5108948600768682,0.6754509402243705,2.609403228396035,2.0977126048856256,0.4647974276312471,-2.5839886566011816,"[1.0633517079378123, 0.8802969521504451]",1.3804490496717456,1,1.3804490496717456,3,16.615978199535352,moving,1146,[1160],[],1.0,[1160],[49.38357575948949],48.047853150128695,0,0.0,[1160],1.0,0,0.0,[49.38357575948949],[49.38357575948949]
391104,292,196.0,24.12959266040187,70.99625717537216,55,1.3437949060609058,0.525081877808832,0.7802702877144805,2.5592102162591583,2.1188376059418794,0.8385932359844801,0.373795808353233,"[0.04272817773304283, 1.049022294766388]",1.0498921240248091,1,1.0498921240248091,4,24.46172027376551,moving,1174,[1200],[1200],1.0,[1200],[39.52920364672211],25.338160533271612,0,0.0,[1200],1.0,0,0.0,[39.52920364672211],[39.52920364672211]
396203,292,196.0,25.024758908241846,72.70342473847646,57,1.3297689255208929,0.5127814771588571,1.1696437464217442,2.593246801519971,2.0829251041462498,0.2894852335599177,-0.176768637484374,"[0.03499353863590926, 0.1583616259834031]",0.1621818495713072,1,0.1621818495713072,6,39.492741563575976,moving,1213,[1170],[1170],1.0,[1170],[21.400746230559676],156.17874792888972,1,1.0,[1229],1.0,1,1.0,[24.491179809502285],[24.491179809502285]
397036,292,196.0,24.41829026099341,72.22087714153918,58,1.3333281037893874,0.5289326793337783,1.2723117440961929,2.520789801584565,2.095600104780002,2.4603676827813024,2.1708824492213847,"[-0.606468647248434, -0.48254759693728033]",0.7750202599966592,1,0.7750202599966592,7,46.491274787382736,moving,1209,[1154],[1154],1.0,[1154],[14.391660477558105],,0,0.0,[],0.0,0,0.0,,
398136,292,196.0,24.36799080527764,71.24022152407365,59,1.3565302155395536,0.5392707878149339,1.5271078611331004,2.515489891518258,2.0829251041462604,0.8474557829817959,-1.6129118997995064,"[-0.050299455715776986, -0.9806556174655299]",0.981944741475814,1,0.981944741475814,8,36.95349186610499,moving,1199,[],[],0.0,[],,,0,0.0,[],0.0,0,0.0,,
379451,293,196.0,16.802095236325183,67.51295116288921,50,1.4024470510724758,0.5190134136100084,0.3183724429816568,2.7021402805714145,2.146300107315006,,,"[0.0, 0.0]",0.0,0,0.0,0,0.0,moving,1106,[1114],[1114],1.0,[1114],[8.838481666267597],,0,0.0,[],0.0,0,0.0,,
383718,293,196.0,20.747861868584987,68.55717379288465,52,2.737198288307886,0.5370927152590477,0.4958015791193492,5.096323615165204,4.423575221178767,0.7832383286249147,,"[0.2496407728804293, -0.12868499445644943]",0.2808564460406677,1,0.2808564460406677,2,4.621700654632524,moving,1116,[],[],0.0,[],,,0,0.0,[],0.0,0,0.0,,
380739,293,196.0,20.84079685842234,68.1459848705,53,1.3888927958398358,0.4834335845821387,0.4505516368880178,2.872975399589462,1.903362595168125,0.8725604004714154,0.0893220718465006,"[0.09293498983735304, -0.4111889223846532]",0.4215604846613606,1,0.4215604846613606,3,7.156642622573755,moving,1119,[1134],[],1.0,[1134],[14.807504532197214],87.9565154702817,0,0.0,[],0.0,0,0.0,,
388977,293,196.0,22.229119272660636,68.40811678957239,54,1.3550044938871062,0.5296054858363916,0.7332197429121231,2.5585167263650685,2.1294001064700017,1.5351307935377447,0.6625703930663294,"[1.3883224142382922, 0.2621319190723881]",1.4128525290606282,1,1.4128525290606282,4,11.82879869908139,moving,1115,[1146],[1146],1.0,[1146],[20.262917067227022],59.494362417152594,0,0.0,[],0.0,0,0.0,,
391027,293,196.0,22.494590257021628,69.14495083803972,55,1.4107106745219395,0.5074693903109863,0.9057079966889028,2.7798931353424705,2.2139001106950085,1.03837251055408,-0.4967582829836647,"[0.26547098436099503, 0.7368340484673297]",0.7831980966003115,1,0.7831980966003115,5,15.973101908113549,moving,1134,[1174],[1174],1.0,[1174],[19.618577515650713],19.05826837697845,0,0.0,[],0.0,0,0.0,,
395760,293,196.0,23.606688090166635,70.52458509644647,56,1.4045390151184292,0.5177581854072169,1.0400952231930636,2.712731647137088,2.1970001098499994,0.332629532906985,-0.7057429776470949,"[1.1120978331450075, 1.3796342584067531]",1.7720474817158185,1,1.7720474817158185,6,23.99485659470408,moving,1162,[1193],[1193],1.0,[1193],[3.3664606634298053],62.197355761490485,0,0.0,[],0.0,0,0.0,,
396035,293,196.0,24.158807698236984,70.41657367489596,57,1.4081394459904872,0.5038337277268091,1.2712309827350672,2.79484950787974,2.1737626086881296,1.085548644072274,0.7529191111652889,"[0.552119608070349, -0.1080114215505148]",0.5625855746471987,1,0.5625855746471987,7,29.452464779002792,moving,1170,[],[],0.0,[],,106.7525069719298,0,0.0,[],0.0,0,0.0,,
396835,293,196.0,23.84643061644247,69.82463663404747,58,1.389309852588106,0.480261209367258,1.3933144874171866,2.8928212928512704,2.0829251041462498,1.8631827314183769,0.777634087346103,"[-0.31237708179451573, -0.5919370408484923]",0.6693047897325457,1,0.6693047897325457,8,35.04780051496199,moving,1154,[],[],0.0,[],,,0,0.0,[],0.0,0,0.0,,
397936,293,196.0,24.38596619120368,68.80622671168231,59,1.4452758927599276,0.4903727887775269,-1.504838364171337,2.947300351560948,2.0765876038293776,0.9727656138993735,-0.8904171175190033,"[0.5395355747612101, -1.0184099223651515]",1.1525005016939052,1,1.1525005016939052,9,59.18766030535577,moving,1145,[],[],0.0,[],,,0,0.0,[],0.0,0,0.0,,
372933,198,,85.92116332373934,29.013283994065944,47,1.3534286576016985,0.5212294934661994,0.445873123021735,2.596607971282165,2.1801001090050023,,,"[0.0, 0.0]",0.0,0,0.0,0,0.0,moving,495,[],[],0.0,[],,,0,0.0,[],0.0,0,0.0,,
368569,198,,86.6001831793511,29.81876701173515,48,1.355180575452372,0.5144132197095111,0.6093191276615432,2.634420196700314,2.110387605519377,,,"[0.6790198556117701, 0.8054830176692107]",1.0535040845049093,1,1.0535040845049093,1,1.1490390823658767,moving,494,[],[],0.0,[],,,0,0.0,[],0.0,0,0.0,,
376590,198,,87.07473880033332,30.13726479464192,49,1.3466929682876871,0.5215380081587292,0.5752993755776887,2.5821569036591163,2.1188376059418776,0.2792821689402319,,"[0.4745556209822155, 0.31849778290676767]",0.5715276678537468,1,0.5715276678537468,2,3.923725273781915,moving,500,[502],[],1.0,[502],[114.7533799244118],23.998718292584112,0,0.0,[502],1.0,0,0.0,[114.7533799244118],[65.2466200755882]
373977,198,,87.99248401197514,30.29692205371696,50,1.3215671599626917,0.5405691634508296,0.3310288102470078,2.4447697895422067,2.129400106470007,0.4188566504641939,0.1395744815239619,"[0.9177452116418152, 0.15965725907503625]",0.9315292340376836,1,0.9315292340376836,3,8.827624504077047,moving,505,[507],[],1.0,[507],[111.77832496724913],71.8820804378639,0,0.0,[507],1.0,0,0.0,[111.77832496724913],[68.22167503275087]
368388,198,,88.38219326646296,29.563575535836616,51,1.3576612039148117,0.5414681330805896,-0.0178684157831397,2.5073704636884764,2.16531260826563,1.2545789768241289,0.8357223263599347,"[0.38970925448782623, -0.7333465178803422]",0.830463977738156,1,0.830463977738156,4,15.28785358817443,moving,502,[],[],0.0,[],,42.59165066198307,0,0.0,[],0.0,0,0.0,,
379955,198,,89.64559700257676,29.11812468524639,52,1.355718841178488,0.5081819222777021,-0.1771004426624852,2.667782504151415,2.110387605519371,0.7433645379108269,-0.5112144389133018,"[1.2634037361138013, -0.4454508505902268]",1.3396325842251928,1,1.3396325842251928,5,23.90076184764025,moving,505,[490],[490],1.0,[490],[45.376115688264434],35.641260454697054,0,0.0,[490],1.0,0,0.0,[45.376115688264434],[45.376115688264434]
376087,198,,90.48310200343018,27.91924495921685,53,1.385651988051891,0.5136297514441123,2.4398363030977683,2.697764263374573,2.177987608899381,0.6220573444953149,-0.121307193415512,"[0.8375050008534117, -1.1988797260295385]",1.46243879322833,1,1.46243879322833,6,33.51689964485768,moving,476,[],[],0.0,[],,29.58985202018974,0,0.0,[],0.0,0,0.0,,
387106,198,,92.04347714385278,27.175885320244173,54,1.3841198629814504,0.4999731969070153,2.521455215700895,2.768388128691763,2.127287606364374,0.5164403429302066,-0.1056170015651083,"[1.5603751404226074, -0.7433596389726773]",1.728396404677602,1,1.728396404677602,7,43.914584941214194,moving,462,[],[],0.0,[],,36.709282292642825,0,0.0,[],0.0,0,0.0,,
389415,198,,92.66775321274297,25.99272547875061,55,1.377597694861865,0.5210764974150335,2.195319510262189,2.6437532717285817,2.161087608054375,0.6406978420506793,0.1242574991204726,"[0.6242760688901683, -1.1831598414935627]",1.337754768525246,1,1.337754768525246,8,51.58749155397034,moving,448,[413],[],1.0,[413],[92.01459878787054],44.63555008680517,0,0.0,[413],1.0,0,0.0,[92.01459878787054],[87.98540121212946]
393139,198,,92.40754874469316,25.131857178879955,56,1.3577284467681252,0.5041930477602028,-1.1768734381795989,2.6928741933265785,2.123062606153125,0.7790373124535661,0.1383394704028868,"[-0.2602044680497926, -0.8608682998706563]",0.8993334169902004,1,0.8993334169902004,9,56.06567005193436,moving,429,[406],[406],1.0,[406],[100.04064646555781],13.912643524956856,0,0.0,[406],1.0,0,0.0,[100.04064646555781],[79.95935353444219]
393279,198,,92.3755666201329,24.501658524038618,57,1.4165831651181666,0.5085532391798369,1.777969090085495,2.7855159617167007,2.211787610589374,0.2428214371667513,-0.5362158752868148,"[-0.031982124560258285, -0.6301986548413367]",0.6310096677985355,1,0.6310096677985355,10,58.53576733656964,moving,420,[465],[],1.0,[465],[3.6078205122417017],122.0034413128672,0,0.0,[],0.0,0,0.0,,
394027,198,,91.87404728564822,24.85163606797814,58,1.4041331401838106,0.50877496101429,-1.4604744914196215,2.759831453545869,2.199112609955624,2.129361749673206,1.8865403125064544,"[-0.5015193344846836, 0.3499775439395236]",0.6115602375268532,1,0.6115602375268532,11,57.62109589076102,moving,425,[],[],0.0,[],,,0,0.0,[],0.0,0,0.0,,
395218,198,,92.16505083983868,24.20465098353278,59,1.397400598670327,0.5040650089635632,1.78062065772393,2.772262652278924,2.139962606998129,2.6027418284457497,0.4733800787725437,"[0.29100355419045343, -0.6469850844453617]",0.7094172030943767,1,0.7094172030943767,12,62.109082743690365,moving,420,[],[],0.0,[],,,0,0.0,[],0.0,0,0.0,,
383808,199,,80.43635801089886,131.1216259446901,47,1.734764732745206,0.4950920578107221,0.9733799850377852,3.5039235741657184,2.6406251320312584,,,"[0.0, 0.0]",0.0,0,0.0,0,0.0,moving,2186,[],[],0.0,[],,,0,0.0,[],0.0,0,0.0,,
379485,199,,79.35775378252055,130.1737089564734,48,1.754297335440007,0.4895194371259541,0.8653989433572695,3.583713336777318,2.642737632136888,,,"[-1.0786042283783104, -0.94791698821669]",1.4359434870583767,1,1.4359434870583767,1,1.0766656931489895,moving,2158,[],[],0.0,[],,,0,0.0,[],0.0,0,0.0,,
386033,199,,78.5268127201336,129.94581931768818,49,1.7142878278472795,0.517806119367549,1.1621886708436735,3.3106751035331907,2.651187632559381,0.4533255305364687,,"[-0.8309410623869411, -0.2278896387852285]",0.8616244754104889,1,0.8616244754104889,2,2.005793375099109,moving,2154,[],[],0.0,[],,73.84885261964058,0,0.0,[],0.0,0,0.0,,
388127,199,,78.1020151209595,130.63936014283271,52,1.749349343924981,0.4980893854590441,0.5293569252910422,3.5121193002592563,2.6469626323481448,0.906928392219252,-0.3312217936788847,"[-0.06121717020569406, 0.06661610803794815]",0.0904723591939355,1,0.0904723591939355,5,3.5618034470108624,moving,2185,[],[],0.0,[],,,0,0.0,[],0.0,0,0.0,,
386379,199,,79.7492057585451,131.3088896526785,53,1.708241148917464,0.5031303859430628,0.2500979824566351,3.395225565070082,2.5624626281231286,1.927915992378456,1.020987600159204,"[1.6471906375855951, 0.6695295098457734]",1.778062642626508,1,1.778062642626508,6,0.5072459142444007,moving,2214,[],[],0.0,[],,,0,0.0,[],0.0,0,0.0,,
372552,200,,2.791300420045209,25.267109504999432,47,0.8828661316640541,0.4557515900581967,1.398144775776147,1.9371652253617315,1.206237560311878,,,"[0.0, 0.0]",0.0,0,0.0,0,0.0,moving,441,[406],[406],1.0,[406],[1.0322446915657366],,0,0.0,[],0.0,0,0.0,,
375638,200,,2.79047192974807,24.60062690190652,49,2.0427121078272994,0.4942535029091057,1.4979957517415197,4.132923885828197,3.0779126538956296,0.2808189306180592,,"[0.024338730513441043, -0.10105816685507918]",0.1039477122938015,1,0.1039477122938015,2,0.2043526344388984,moving,402,[],[],0.0,[],,,0,0.0,[],0.0,0,0.0,,
373412,200,,2.8176127001543088,24.98748290765337,50,1.8155705379535227,0.5038089798037401,1.4834868792064584,3.6036883238182496,2.7821626391081287,2.83521215395284,2.554393223334781,"[0.027140770406238968, 0.3868560057468464]",0.3878068985985786,1,0.3878068985985786,3,0.2898722765050798,moving,410,[395],[395],1.0,[395],[27.208796891253357],178.68846730497933,0,0.0,[],0.0,0,0.0,,
367954,200,,2.760672482809915,24.376546586425142,51,2.455583431225141,0.530309428308282,1.5008838950833223,4.630472890249369,3.982062699103131,3.1187020898141227,0.2834899358612825,"[-0.056940217344393584, -0.6109363212282197]",0.6135840422852417,1,0.6135840422852417,4,0.229591245957937,moving,394,[],[],0.0,[],,178.8134554676841,0,0.0,[],0.0,0,0.0,,
387011,200,,2.824839251907533,25.26344256976487,54,1.1534845511459293,0.5098829737278764,1.419790031132656,2.262253518121085,1.6857750842887538,2.304180301942397,2.1609355380802224,"[0.010204719858542433, -0.008004935552165193]",0.0129697841379742,1,0.0129697841379742,7,0.2427288623083228,moving,428,[],[],0.0,[],,178.59843601948904,0,0.0,[],0.0,0,0.0,,
389295,200,,2.7906879004550262,24.54895564017889,55,2.134657748716463,0.535347491073216,1.505095211372273,3.9874245874153535,3.460275173013755,0.953380869273002,-1.350799432669395,"[-0.034151351452506695, -0.7144869295859806]",0.7153026543745205,1,0.7153026543745205,8,0.2101949523092237,moving,408,[],[],0.0,[],,176.96377837207928,0,0.0,[],0.0,0,0.0,,
393158,200,,2.787591157823688,25.141062913115288,56,0.9577374308581852,0.4766010365177513,1.3809805537810642,2.009516046913829,1.430162571508128,3.088600589362314,2.135219720089312,"[-0.0030967426313384117, 0.5921072729363992]",0.5921153709194723,1,0.5921153709194723,9,0.170910189087865,moving,435,[],[],0.0,[],,175.7218417252469,0,0.0,[],0.0,0,0.0,,
393265,200,,2.816922068178382,24.77473967660754,57,1.8018338587038665,0.437326545924464,1.4896097702076654,4.120110877090646,2.5096501254825023,3.066924705773911,-0.021675883588403,"[0.02933091035469415, -0.3663232365077498]",0.3674955998481449,1,0.3674955998481449,10,0.3000579722536384,moving,415,[],[],0.0,[],,,0,0.0,[],0.0,0,0.0,,
394124,200,,2.7596762143315563,25.29917124859299,58,0.6925455946328353,0.4493136228053555,1.3370443072527178,1.5413411912793236,0.8914750445737512,3.11276316282863,0.0458384570547187,"[-0.05724585384682568, 0.5244315719854562]",0.5275467386666217,1,0.5275467386666217,11,0.0020280457892787,moving,448,[],[],0.0,[],,,0,0.0,[],0.0,0,0.0,,
365905,201,,115.23526081738817,1.5977778177222102,48,1.5513682953794854,0.4886476855071487,1.1915051588582906,3.1748196940079225,2.3068501153424883,,,"[0.0, 0.0]",0.0,0,0.0,0,0.0,moving,37,[75],[],1.0,[75],[17.566584158253036],,0,0.0,[],0.0,0,0.0,,
372583,201,,115.55124574592485,1.964877826899732,49,1.5389249352431138,0.4681290632144413,1.262517630765177,3.28739455883379,2.21812511090626,,,"[0.31598492853669313, 0.36710000917752184]",0.4843644204526955,1,0.4843644204526955,1,2.8433586727935323,moving,41,[87],[],1.0,[87],[9.147632643998307],,0,0.0,[],0.0,0,0.0,,
370631,201,,116.02172576502556,3.496432328900932,50,1.6075869892111676,0.4459213598743222,1.4026497625755634,3.6050907937315393,2.192775109638752,0.4126665365969132,,"[0.47048001910070525, 1.5315545020011994]",1.6021893274432777,1,1.6021893274432777,2,10.715222241995312,moving,64,[113],[],1.0,[113],[15.962711034730305],6.4803098031461825,0,0.0,[],0.0,0,0.0,,
366536,201,,116.68512338904875,5.018015246753265,51,1.5537647550115,0.4503853976307376,1.4771716399340438,3.4498559748719964,2.118837605941882,0.1131027426141832,-0.2995637939827301,"[0.6633976240232045, 1.5215829178523337]",1.6599129445424703,1,1.6599129445424703,3,21.73993480839449,moving,89,[142],[142],1.0,[142],[13.563050772532904],18.76307357634271,0,0.0,[],0.0,0,0.0,,
377698,201,,116.83380949501424,6.790997031354277,52,1.521794442113444,0.4444100317569055,1.3306727128094389,3.4243026335325237,2.1315126065756296,0.3274774117011354,0.2143746690869522,"[0.14868610596548137, 1.7729817846010123]",1.7792054312625534,1,1.7792054312625534,4,33.99661048601619,moving,124,[173],[173],1.0,[173],[39.7082672862698],17.587323957832425,0,0.0,[],0.0,0,0.0,,
374440,201,,117.41209579898438,8.19534253486247,53,1.6040765246355149,0.4803751376778303,0.7676589576056194,3.339216372416237,2.308962615448123,0.3069567096790561,-0.0205207020220792,"[0.5782863039701454, 1.4043455035081935]",1.5187499275993837,1,1.5187499275993837,5,49.85837114488558,moving,153,[188],[188],1.0,[188],[5.754565331102157],52.67897889764562,0,0.0,[],0.0,0,0.0,,
386141,201,,118.16769066234346,8.396955250796376,54,1.5575596278724293,0.4961533181236583,0.9590374434087487,3.139270807988897,2.325862616293124,0.919421628352529,0.612464918673473,"[0.7555948633590788, 0.20161271593390495]",0.782030232638656,1,0.782030232638656,6,71.61245386275968,moving,148,[189],[189],1.0,[189],[17.043709851573695],3.3794393616193172,0,0.0,[],0.0,0,0.0,,
388555,201,,119.6614590014522,8.702509511243123,55,1.5719696626053323,0.4780326336328377,1.4253467918838156,3.2884149574874297,2.273050113652504,0.0589823437317523,-0.8604392846207767,"[1.4937683391087404, 0.3055542604467476]",1.5246990709647736,1,1.5246990709647736,7,101.7998998367662,moving,149,[207],[],1.0,[207],[13.79417137456241],75.93785435468057,0,0.0,[],0.0,0,0.0,,
392586,201,,119.7645189531593,11.061440354825455,56,1.5932769580757562,0.4981066489007721,1.333757208101459,3.198666312910738,2.338537616926876,1.3253655853890898,1.2663832416573375,"[0.10305995170709537, 2.3589308435823337]",2.3611810770141983,1,2.3611810770141983,8,140.91674820556327,moving,196,[255],[],1.0,[255],[13.461793159810796],12.95930975625645,0,0.0,[],0.0,0,0.0,,
392813,201,,120.42146429475844,13.43659696795714,57,1.5941207729875244,0.4700198166894892,1.2538708020395344,3.391603324760781,2.2371376118568698,0.2261826240324988,-1.0991829613565909,"[0.6569453415991404, 2.375156613131683]",2.464334822777128,1,2.464334822777128,9,183.4716937041175,moving,249,[293],[],1.0,[293],[14.423371222077435],,0,0.0,[],0.0,0,0.0,,
393538,201,,120.96507449757476,15.025486552199895,58,1.6150908952473766,0.462998280660418,1.4447830582563677,3.488330222184887,2.2413626120681265,0.0598043510076256,-0.1663782730248732,"[0.5436102028163248, 1.5888895842427573]",1.6793100260288831,1,1.6793100260288831,10,213.134126667622,moving,279,[],[],0.0,[],,,0,0.0,[],0.0,0,0.0,,
386055,202,,1.460903769332044,129.38026846044278,49,1.461332636604083,0.476914113282409,2.762886775932221,3.0641421503471875,2.1505251075262506,,,"[0.0, 0.0]",0.0,0,0.0,0,0.0,moving,2159,[],[],0.0,[],,,0,0.0,[],0.0,0,0.0,,
391437,202,,1.8819170430953585,128.99841231586828,54,1.487337305592107,0.4676963413521554,-0.3328934596748426,3.1801345746944927,2.1378501068924822,0.4155322423565988,-0.0148197861373787,"[0.024526520470118385, -0.10161948306088675]",0.1045374073905268,1,0.1045374073905268,5,3.1164584332806413,moving,2162,[2167],[2167],1.0,[2167],[32.00895214912244],,0,0.0,[],0.0,0,0.0,,
392257,202,,2.3082391740152644,128.02723841835407,55,1.4534392073780331,0.5206307115981391,-0.8021070639908976,2.791689339486957,2.1674251083712512,0.1768215416457298,-0.2387107007108689,"[0.4263221309199061, -0.9711738975142055]",1.0606268422612273,1,1.0606268422612273,6,3.944238759564709,moving,2146,[2183],[],1.0,[2183],[1.6630834337331137],80.30516028640612,0,0.0,[257],1.0,0,0.0,[74.99440509682015],[74.99440509682015]
399525,202,,1.884106901289548,127.7476260517566,56,1.4507640956244208,0.4849583783328526,2.209235749609316,2.9915229026699786,2.177987608899377,1.4015894533396032,1.2247679116938732,"[-0.4241322727257164, -0.2796123665974619]",0.5080071459356796,1,0.5080071459356796,7,4.402833465572938,moving,2142,[2127],[],1.0,[2127],[116.8645037440946],154.72290623516574,1,1.0,[229],1.0,0,0.0,[4.587557267904899],[4.587557267904899]
399864,202,,2.3619098151453106,127.81578124417656,57,1.4491419121585265,0.4844548384749416,2.340220153787488,2.991283804121781,2.16531260826563,2.700424142058071,1.298834688718468,"[0.4778029138557627, 0.06815519241993684]",0.4826393630267386,1,0.4826393630267386,8,5.097255704299328,moving,2146,[],[],0.0,[],,5.777423662323501,0,0.0,[],0.0,0,0.0,,
400384,202,,3.595472365837826,128.12095420237904,58,1.4660809444736125,0.4944976835808082,2.7059332877487803,2.96478829558366,2.184325109216251,0.1008350651902436,-2.599589076867828,"[1.2335625506925147, 0.30517295820249046]",1.2707506053073836,1,1.2707506053073836,9,6.623590758970206,moving,2166,[],[],0.0,[],,,0,0.0,[],0.0,0,0.0,,
400732,202,,4.328108928912312,128.2848985411009,59,1.4894869203608092,0.4824062438772177,2.854892896321307,3.0876194893114075,2.2033376101668765,0.0223758199139799,-0.0784592452762637,"[0.7326365630744864, 0.16394433872184777]",0.7507556724744342,1,0.7507556724744342,10,9.42070068732277,moving,2178,[],[],0.0,[],,,0,0.0,[],0.0,0,0.0,,
374842,203,,1.6878782141604916,17.72880248805868,49,1.8431824103615095,0.5779114790824448,-0.5572348616352089,3.189385359307877,2.8582126429106296,,,"[0.0, 0.0]",0.0,0,0.0,0,0.0,moving,320,[],[],0.0,[],,,0,0.0,[],0.0,0,0.0,,
372253,203,,2.5934584289655627,16.81902665846533,50,1.925644389820574,0.4858980337855046,2.565959142314899,3.963062733179597,2.858212642910632,,,"[0.9055802148050711, -0.9097758295933502]",1.2836539976016386,1,1.2836539976016386,1,0.6765672427674739,moving,297,[],[],0.0,[],,,0,0.0,[],0.0,0,0.0,,
367544,203,,3.2550481582992807,15.972548476236756,51,1.91765017094374,0.4920724095708192,-0.6386969965006628,3.8970893991319207,2.8561001428050057,0.119679608106218,,"[0.6615897293337181, -0.846478182228573]",1.0743492369564245,1,1.0743492369564245,2,2.303744948966175,moving,283,[],[],0.0,[],,7.625615162330579,0,0.0,[],0.0,0,0.0,,
378721,203,,3.954247012436424,14.780069505304247,52,1.933061072132115,0.4810237508456738,-0.2903806942504366,4.018639555185491,2.8518751425937565,0.1330920920726704,0.0134124839664524,"[0.6991988541371428, -1.192478970932509]",1.3823476891661333,1,1.3823476891661333,3,4.73617260830534,moving,278,[],[],0.0,[],,20.974799605096234,0,0.0,[],0.0,0,0.0,,
375017,203,,4.089256567748648,13.965427791664457,53,1.9465286543041425,0.4918064544103064,2.3959534777311005,3.957916039630061,2.940600147030005,0.366079313054935,0.2329872209822645,"[0.13500955531222436, -0.8146417136397908]",0.8257534145418833,1,0.8257534145418833,4,7.366607985049073,moving,254,[296],[296],1.0,[296],[5.0636168530300765],52.96975349374512,0,0.0,[],0.0,0,0.0,,
386473,203,,3.727961007653308,13.585495669037591,54,1.930135435115504,0.5124022028170462,2.104894783329768,3.766836724167365,2.864550143227506,0.9244966024356248,0.5584172893806898,"[-0.36129556009534003, -0.3799321226268635]",0.5242927612969299,1,0.5242927612969299,5,10.279723053804748,moving,239,[],[],0.0,[],,70.51191189115978,0,0.0,[],0.0,0,0.0,,
392638,203,,4.201160563481736,12.654870182656373,56,2.009861851896878,0.5155640512143493,1.6189452782970692,3.8983746969225046,2.9490501474525046,0.8265756510299754,-0.6154667782392532,"[-0.04296448301243316, -0.29465207718089204]",0.2977680194170287,1,0.2977680194170287,7,18.855081933163035,moving,224,[],[],0.0,[],,20.337615252042916,0,0.0,[],0.0,0,0.0,,
393369,203,,4.250510858950944,12.229296004657144,58,1.940519710391979,0.4972280559998345,1.7002078137991905,3.902675416192976,2.946937647346882,0.2522389013147235,0.001058698094642,"[0.0054585570003009565, -0.014562592776014682]",0.0155520080017202,1,0.0155520080017202,9,28.555996140688745,moving,217,[],[],0.0,[],,,0,0.0,[],0.0,0,0.0,,
394504,203,,4.266699534830453,12.635654950153924,59,1.908099853892616,0.508487898619995,-1.3009444663312004,3.7524980615489216,2.95538764776938,2.743150090075729,2.490911188761006,"[0.016188675879508452, 0.4063589454967804]",0.406681282839507,1,0.406681282839507,10,32.59047124680723,moving,230,[],[],0.0,[],,,0,0.0,[],0.0,0,0.0,,
370967,204,,116.82972678177266,6.095225488336092,50,1.4151404505620624,0.5021843063976952,1.0648797668104069,2.817970280101444,2.1484126074206342,,,"[0.0, 0.0]",0.0,0,0.0,0,0.0,moving,113,[],[],0.0,[],,,0,0.0,[],0.0,0,0.0,,
366785,204,,117.27068844184195,7.656717215459784,51,1.417781077616424,0.5118456536108333,1.144499357029959,2.769938686818257,2.1674251083712504,,,"[0.4409616600693056, 1.561491727123692]",1.6225608153554087,1,1.6225608153554087,1,3.6474246163853,moving,142,[],[],0.0,[],,,0,0.0,[],0.0,0,0.0,,
378033,204,,118.03655405768656,9.066950096465456,52,1.389588861327279,0.5065407468797801,0.8003793369833955,2.7432913736692486,2.1632001081600016,0.2222821333871386,,"[0.7658656158446036, 1.4102328810056726]",1.6047762835369277,1,1.6047762835369277,2,12.617593793047345,moving,173,[],[],0.0,[],,28.19064209306144,0,0.0,[],0.0,0,0.0,,
374649,204,,119.45313454800733,9.997610158076563,53,1.4339058204573314,0.4877804737065724,0.6089605764711788,2.939653999597997,2.1463001073150094,0.4920195227752222,0.2697373893880836,"[1.4165804903207544, 0.9306600616111087]",1.694942015478813,1,1.694942015478813,3,26.62109614940678,moving,188,[220],[],1.0,[220],[49.50011370842064],15.771219613647103,0,0.0,[220],1.0,0,0.0,[49.50011370842064],[49.50011370842064]
386307,204,,119.85527178801064,10.461444124523933,54,1.3944035882926225,0.5412069011695597,0.7468615090587389,2.576470450172174,2.220237611011887,0.2752597093132238,-0.2167598134619984,"[0.4021372400033272, 0.46383396644736763]",0.6138862339455018,1,0.6138862339455018,4,43.52476987699411,moving,189,[209],[209],1.0,[209],[53.827188589326184],19.05420333360331,0,0.0,[209],1.0,0,0.0,[53.827188589326184],[53.827188589326184]
388726,204,,120.21187503194074,11.34983932592833,55,1.454483486080799,0.5009660100186384,1.2286949477427165,2.9033576270507555,2.2202376110118767,0.3325585845158906,0.0572988752026668,"[0.35660324393008125, 0.8883952014043981]",0.9572940548545248,1,0.9572940548545248,5,63.11412049950012,moving,207,[216],[216],1.0,[216],[27.913262037932114],13.405017732001484,0,0.0,[216],1.0,0,0.0,[27.913262037932114],[27.913262037932114]
392698,204,,120.55359348511637,13.645763155041625,56,1.4327326748042335,0.4635799315612819,1.1342512997236445,3.0905839042232928,2.047012602350637,0.2339616957116401,-0.0985968888042505,"[0.34171845317561633, 2.2959238291132937]",2.3212147100884453,1,2.3212147100884453,6,90.54175921847217,moving,255,[],[],0.0,[],,13.020926592282912,0,0.0,[],0.0,0,0.0,,
392918,204,,121.48413259503742,16.009705950421885,57,1.4164140801392762,0.507700067177791,1.0182985307699848,2.789863881667093,2.182212609110631,0.2272580406958334,-0.0067036550158066,"[0.9305391099210709, 2.363942795380261]",2.5404977022077664,1,2.5404977022077664,7,128.09622506741323,moving,293,[],[],0.0,[],,22.860268900909084,0,0.0,[],0.0,0,0.0,,
393664,204,,121.4436859354754,17.69630789981572,58,1.4186198622826245,0.5056117041950376,1.2829614085397916,2.805749650398515,2.190662609533129,0.398986960212126,0.1717289195162925,"[-0.04044665956200788, 1.686601949393836]",1.6870868584541854,1,1.6870868584541854,8,171.2600204127835,moving,324,[],[],0.0,[],,,0,0.0,[],0.0,0,0.0,,
394994,204,,121.47171265877068,20.65662891378936,59,1.476978671138918,0.4989073839895799,1.4136745354179612,2.960426561194705,2.254037612701877,0.0334437355273237,-0.3655432246848022,"[0.02802672329525535, 2.960321013973637]",2.9604536819535903,1,2.9604536819535903,9,233.5825026010511,moving,363,[],[],0.0,[],,,0,0.0,[],0.0,0,0.0,,
383633,205,,100.53564874847996,109.73908791336906,50,2.061219680906408,0.4869263935889492,0.8743196726038645,4.23312374939042,3.0673501533675083,,,"[0.0, 0.0]",0.0,0,0.0,0,0.0,moving,1811,[],[],0.0,[],,,0,0.0,[],0.0,0,0.0,,
376555,205,,101.92737598081804,111.05851531484022,51,2.057003204195525,0.4735432162850744,0.6501360680636865,4.343855288082519,2.976512648825629,,,"[1.3917272323380843, 1.3194274014711596]",1.917757376986036,1,1.917757376986036,1,2.94013745389044,moving,1834,[],[],0.0,[],,,0,0.0,[],0.0,0,0.0,,
387200,205,,103.29804614166318,112.02109798545388,52,2.039007713843708,0.4590335460043484,0.6134287669957772,4.441957960572216,2.8370876418543745,0.1464880658334282,,"[1.3706701608451368, 0.9625826706136706]",1.674903605464201,1,1.674903605464201,2,7.910137679670545,moving,1864,[1884],[1884],1.0,[1884],[58.24516564448159],18.30075169470075,0,0.0,[1884],1.0,0,0.0,[58.24516564448159],[58.24516564448159]
385124,205,,103.59146485391562,112.415899036789,53,2.080959995607373,0.4657978382168184,0.7034637457306626,4.467517504103857,2.911025145551256,0.3194083726624351,0.1729203068290068,"[0.2934187122524463, 0.3948010513351079]",0.4918967481445576,1,0.4918967481445576,3,16.402689211384896,moving,1877,[1888],[],1.0,[1888],[42.94542711907431],3.1419745457395227,0,0.0,[1888],1.0,0,0.0,[42.94542711907431],[42.94542711907431]
390930,205,,104.81959516187229,114.27295060078004,54,2.086854421606497,0.4828336502916618,1.0100419293158007,4.32209813948532,3.058900152945008,0.0548378008370301,-0.264570571825405,"[1.228130307956647, 1.8570515639910354]",2.2264196739705744,1,2.2264196739705744,4,30.249762559645536,moving,1891,[],[],0.0,[],,14.147540103364328,0,0.0,[],0.0,0,0.0,,
392044,205,,105.40222853517412,115.9338594604868,55,1.9809790215085044,0.4982652036748767,1.024657124191584,3.975752283920501,3.0314376515718777,0.2469211558616337,0.1920833550246035,"[0.5826333733018458, 1.6609088597067654]",1.7601363265206238,1,1.7601363265206238,5,45.965524611176654,moving,1925,"[1977, 1950]","[1977, 1950]",2.0,"[1977, 1950]","[83.5873278632615, 67.91510628726118]",34.34427720549894,0,0.0,[1977],1.0,0,0.0,[83.5873278632615],[83.5873278632615]
398705,205,,105.95757748860416,116.34218097939434,56,1.9687161939943565,0.5245487443435068,1.069674740449336,3.7531615797846993,2.9638376481918733,0.5994207164535861,0.3524995605919523,"[0.5553489534300411, 0.40832151890754176]",0.6893032154856119,1,0.6893032154856119,6,63.3008350148361,moving,1931,[1970],[],1.0,[1970],[87.3330460742018],38.50061744049352,0,0.0,[1970],1.0,0,0.0,[87.3330460742018],[87.3330460742018]
399317,205,,106.75797750821609,119.2934110414366,57,1.2935542446290618,0.495610667723553,2.71900157244983,2.610020987987681,1.8611125930556385,0.671962538387365,0.0725418219337789,"[0.8004000196119279, 2.9512300620422707]",3.057842224591844,1,3.057842224591844,7,82.71810495071298,moving,1997,[],[],0.0,[],,171.1391160889112,0,0.0,[],0.0,0,0.0,,
399965,205,,106.22330647995128,118.09449185699587,58,2.052794603568687,0.50223642672087,1.054977193164692,4.087307280699449,2.9828501491425143,2.986941054704301,2.314978516316936,"[-0.5346710282648104, -1.1989191844407259]",1.3127377191525216,1,1.3127377191525216,8,87.83556616602672,moving,1973,[2018],[],1.0,[2018],[88.40374616487125],,0,0.0,[2018],1.0,0,0.0,[88.40374616487125],[88.40374616487125]
400549,205,,106.2611651215101,118.45629731247524,59,1.981924233231616,0.4949383590574918,0.9312694898796138,4.004385994663624,3.016650150832505,2.8263614607720298,-0.1605795939322711,"[0.037858641558827344, 0.36180545547935594]",0.3637807916249894,1,0.3637807916249894,9,108.77127744570144,moving,1988,[],[],0.0,[],,,0,0.0,[],0.0,0,0.0,,
396390,206,,56.3360862997278,76.139044691141,57,3.112905673779923,0.4843179017020431,-0.522079270125816,6.427401636074587,4.632712731635637,0.180985703384079,-2.689521711805765,"[-0.15539198088814743, 0.15783060299570195]",0.2214885255861559,1,0.2214885255861559,6,5.716103852462126,moving,1258,[],[],0.0,[],,,0,0.0,[],0.0,0,0.0,,
397417,206,,55.041147295808926,77.99337608538386,58,1.7203135321967034,0.5116444404110383,2.6886660832974663,3.3623223401287428,2.5455626272781213,0.1680070893732149,-0.012978614010864,"[-1.29493900391887, 1.8543313942428625]",2.261727645748947,1,2.261727645748947,7,8.174153944056044,moving,1308,[],[],0.0,[],,,0,0.0,[],0.0,0,0.0,,
398516,206,,54.12417254261021,77.39954324359624,59,3.245723399801384,0.4834534480151315,-0.3780027937907785,6.713621369600401,4.670737733536881,1.5358768768377946,1.3678697874645795,"[-0.9169747531987227, -0.5938328417876164]",1.0924651674032515,1,1.0924651674032515,8,8.260955600395341,moving,1297,[],[],0.0,[],,,0,0.0,[],0.0,0,0.0,,
380996,294,208.0,9.942554012004448,70.86199101885853,53,1.140917749805266,0.4932985926666614,2.39102835615559,2.312833984864463,1.7026750851337515,,,"[0.0, 0.0]",0.0,0,0.0,0,0.0,moving,1171,[],[],0.0,[],,,0,0.0,[],0.0,0,0.0,,
395623,294,208.0,12.943826123972157,68.37869191662293,56,1.2307289774667636,0.4981760325972832,2.430187263039359,2.470470068682857,1.8695625934781248,0.5021622923519132,,"[0.22700577648769205, -0.05023994931194409]",0.2324987635787483,1,0.2324987635787483,2,10.04893332295351,moving,1123,[],[],0.0,[],,,0,0.0,[],0.0,0,0.0,,
395965,294,208.0,13.857418493422877,69.7580085360103,57,1.3944153994123758,0.4763173410249908,1.46229799246296,2.9274924075023656,2.0216626010831265,1.2035920776875588,0.7014297853356456,"[0.9135923694507184, 1.3793166193873674]",1.6544380780303547,1,1.6544380780303547,3,13.666075999255115,moving,1152,[1132],[1132],1.0,[1132],[65.05609473657543],125.65840872403994,0,0.0,[],0.0,0,0.0,,
396884,294,208.0,10.583280315732656,69.63567096510143,58,1.1291833909184752,0.5076350272923953,2.7040049691129973,2.2244000713293395,1.6519750825987558,2.1931529650512624,0.9895608873637036,"[-3.2741381776902188, -0.12233757090886854]",3.276422940931849,1,3.276422940931849,4,9.53496941714817,moving,1169,[],[],0.0,[],,,0,0.0,[],0.0,0,0.0,,
398135,294,208.0,10.80925817090838,72.10544574544853,59,2.436134423429735,0.4960316307155015,-1.3613103846276515,4.911248139389275,3.743350187167504,1.699387065312048,-0.4937658997392145,"[0.22597785517572433, 2.469774780347109]",2.480091421030368,1,2.480091421030368,5,2.29735575614039,moving,1198,[],[],0.0,[],,,0,0.0,[],0.0,0,0.0,,
379620,209,,131.63815805286254,55.39651610922499,53,1.5585460191158131,0.4785678649848009,0.4845824094464401,3.2566875737996157,2.247700112385006,,,"[0.0, 0.0]",0.0,0,0.0,0,0.0,moving,921,[939],[],1.0,[939],[61.00861299131965],,0,0.0,[882],1.0,0,0.0,[118.2681123217757],[61.7318876782243]
388353,209,,132.02319774502553,55.176350585758186,54,1.5222354467050496,0.4894951951476122,0.9739386766408448,3.109806718830006,2.3068501153425003,,,"[0.38503969216299083, -0.22016552346680385]",0.443540778581161,1,0.443540778581161,1,0.624404994973951,moving,899,[875],[],1.0,[875],[80.15886824036562],,0,0.0,[875],1.0,0,0.0,[80.15886824036562],[80.15886824036562]
390574,209,,131.74113239731045,54.751985249294535,55,1.5777676993904697,0.4968966076846324,0.987082792548712,3.175243451031645,2.380787619039374,1.6379936038665337,,"[-0.28206534771507563, -0.4243653364636515]",0.5095554917509325,1,0.5095554917509325,2,1.2948196455364784,moving,898,[883],[],1.0,[883],[64.6426552902585],,0,0.0,[883],1.0,0,0.0,[64.6426552902585],[64.6426552902585]
394677,209,,131.45267430340894,53.99049714933852,56,1.569536359761792,0.5047541594589836,1.1155474467947335,3.109506539666926,2.3469876173493747,0.2245176491267926,-1.4134759547397409,"[-0.2884580939015109, -0.7614880999560185]",0.814292452569665,1,0.814292452569665,3,0.9790406231247556,moving,881,[924],[924],1.0,[924],[13.610409727767404],,0,0.0,[],0.0,0,0.0,,
367675,281,,10.121452083479396,77.68708768398798,43,1.238329424259929,0.506239179038548,0.6782685132120989,2.446135098851437,1.827312591365632,,,"[0.0, 0.0]",0.0,0,0.0,0,0.0,moving,1266,[],[],0.0,[],,,0,0.0,[],0.0,0,0.0,,
387733,281,,11.794734877225908,78.34400469084116,44,1.2783718891655178,0.4785271192778524,0.1231765666332526,2.671472185515243,1.8040750902037617,,,"[1.6732827937465107, 0.6569170068531776]",1.7976137687893543,1,1.7976137687893543,1,1.7807192936372114,moving,1303,[1301],[1301],1.0,[1301],[6.294285763066796],,0,0.0,[1249],1.0,1,1.0,[90.31054318950589],[89.68945681049411]
367734,281,,10.66431862298305,78.369034217292,45,1.3289766062300463,0.4818110806916189,0.1659611951284822,2.758293985938136,1.8336500916825076,2.745350724963839,,"[-1.1304162542428582, 0.02502952645083667]",1.130693320512157,1,1.130693320512157,2,3.834327658372665,moving,1311,[1307],[1307],1.0,[1307],[3.1014397916515577],7.075931837114317,0,0.0,[],0.0,0,0.0,,
376138,281,,9.582791673461497,78.25903361383136,46,2.452271006737793,0.4917395424161603,0.1019452293239853,4.986930672055716,3.781375189068765,0.1234983082043359,-2.621852416759503,"[-1.0815269495215531, -0.11000060346063378]",1.0871065611535513,1,1.0871065611535513,3,7.303166180950447,moving,1300,[1312],[1312],1.0,[1312],[136.96556783512548],172.60001826606614,0,0.0,[],0.0,0,0.0,,
378609,281,,10.034562957134304,78.3650578813822,47,1.269204240989431,0.5050862352011009,0.564766480277189,2.512846624070235,1.9202625960131243,3.01243860774521,2.888940299540874,"[0.4517712836728087, 0.10602426755083627]",0.4640457284159275,1,0.4640457284159275,4,11.588615117656731,moving,1303,[1279],[1279],1.0,[1279],[1.9889515172110919],153.8283096428529,0,0.0,[],0.0,0,0.0,,
374196,281,,8.840190697195368,77.38471622033308,48,1.2620176348846903,0.5330159627511454,1.0624101938976591,2.3676920075166707,1.922375096118753,2.684810486045125,-0.3276281217000849,"[-1.1943722599389375, -0.980341661049124]",1.5451844121981688,1,1.5451844121981688,5,16.863050855723237,moving,1274,[1242],[1242],1.0,[1242],[2.70487598573564],4.329080409317135,0,0.0,[],0.0,0,0.0,,
381519,281,,7.998820772282821,76.79448567856156,49,1.1879776242903477,0.5187902433475132,1.2888959547814491,2.289899703249772,1.820975091048749,0.0755567067261678,-2.609253779318957,"[-0.8413699249125468, -0.5902305417715183]",1.027752617601748,1,1.027752617601748,6,20.289574839944933,moving,1264,[1220],[],1.0,[1220],[0.7051432213496867],45.489485383846066,0,0.0,[],0.0,0,0.0,,
380208,281,,7.742816649266626,75.25814630032579,50,1.2292868990336714,0.5025588946232536,1.420808317225554,2.4460554020344496,1.835762591788128,0.7939412949859505,0.7183845882597827,"[-0.25600412301619535, -1.5363393782357662]",1.5575226470646109,1,1.5575226470646109,7,24.23302137013281,moving,1236,[1191],[],1.0,[1191],[2.195711029002979],54.970272428536,0,0.0,[],0.0,0,0.0,,
373132,281,,8.301997368944903,74.70882992935908,51,1.197558891243412,0.4867589271075812,1.7917465264387948,2.460271038806717,1.7364750868237575,0.9594122445962124,0.1654709496102621,"[0.5591807196782774, -0.5493163709667073]",0.7838568445015642,1,0.7838568445015642,8,26.93577929889792,moving,1230,[1187],[1187],1.0,[1187],[1.5232193852043423],,0,0.0,[],0.0,0,0.0,,
384103,281,,8.46899007804655,72.80951777539197,52,1.1320154414566546,0.4831635126179066,-1.1115858934902678,2.342924107251183,1.6329625816481286,0.7065995626690236,-0.252812681927189,"[0.1669927091016472, -1.8993121539671165]",1.9066392482848755,1,1.9066392482848755,9,26.521318892640487,moving,1199,[],[],0.0,[],,,0,0.0,[],0.0,0,0.0,,
